0 0.452733 0.433457 0.011057 0.040731
0 0.645358 0.389889 0.008271 0.034072
0 0.507071 0.379705 0.006176 0.028784
0 0.586969 0.442522 0.010198 0.047958
0 0.699160 0.381466 0.006481 0.032558
0 0.488889 0.391556 0.007426 0.031752
0 0.532340 0.382558 0.007271 0.027689
0 0.399198 0.388141 0.005987 0.030028
0 0.635908 0.400225 0.005736 0.037462
0 0.526302 0.364214 0.005963 0.026213
0 0.550543 0.367677 0.007137 0.029161
0 0.437046 0.370067 0.005813 0.026504
0 0.349875 0.405665 0.007467 0.032131
0 0.370055 0.392702 0.006994 0.032605
0 0.631402 0.366498 0.006004 0.025441
0 0.572433 0.368485 0.005947 0.029449
0 0.348563 0.377746 0.005745 0.027569