0 0.803439 0.560624 0.020527 0.070910
0 0.631000 0.467652 0.017676 0.052501
0 0.388955 0.418464 0.011052 0.041956
0 0.395379 0.380269 0.007717 0.027257
0 0.374230 0.527644 0.014931 0.063991
0 0.517159 0.430981 0.008800 0.042808
0 0.623953 0.409808 0.010103 0.039154
0 0.363806 0.421560 0.008378 0.038327
0 0.643472 0.408157 0.010602 0.036394
0 0.628866 0.376018 0.007205 0.027689
0 0.513002 0.402115 0.007041 0.032034
0 0.509979 0.371359 0.006513 0.023958
0 0.903404 0.400352 0.008419 0.035590
0 0.225796 0.445010 0.012619 0.049407
0 0.253261 0.399058 0.010985 0.038983
0 0.642032 0.388402 0.008988 0.029272
0 0.424870 0.375210 0.006326 0.020114
0 0.523653 0.370200 0.006959 0.022673
0 0.503503 0.391071 0.005917 0.028208
0 0.516853 0.365674 0.007276 0.024657
0 0.607106 0.376856 0.003717 0.012662
0 0.524517 0.369323 0.009291 0.024595