0 0.651304 0.481165 0.015267 0.057130
0 0.627023 0.466034 0.008867 0.046808
0 0.454210 0.475038 0.011765 0.052359
0 0.510009 0.395424 0.007090 0.025083
0 0.987409 0.429083 0.011175 0.050269
0 0.470600 0.391688 0.007747 0.032434
0 0.744275 0.382072 0.006084 0.031040
0 0.810292 0.430880 0.012838 0.044739
0 0.836529 0.499392 0.023246 0.061900
0 0.567368 0.365928 0.006651 0.023243
0 0.672781 0.371234 0.006604 0.028809
0 0.691288 0.401527 0.007083 0.034726
0 0.378604 0.483430 0.016238 0.049714
0 0.595087 0.406818 0.007002 0.035789
0 0.594335 0.385949 0.007091 0.029646
0 0.924486 0.462143 0.015199 0.051932
0 0.453071 0.372914 0.006099 0.022313
0 0.685632 0.404630 0.006272 0.028937
0 0.928841 0.446312 0.024621 0.041459
0 0.925056 0.441198 0.017125 0.030515