0 0.479028 0.487401 0.013260 0.057906
0 0.741284 0.445443 0.008871 0.049846
0 0.784242 0.392272 0.008515 0.036339
0 0.719248 0.399403 0.010232 0.036069
0 0.527961 0.424962 0.010760 0.036701
0 0.577589 0.389986 0.007980 0.027519
0 0.680210 0.453006 0.013788 0.050839
0 0.325992 0.465343 0.013881 0.044837
0 0.487069 0.406912 0.008838 0.028256
0 0.556806 0.377661 0.006821 0.027489
0 0.692304 0.369697 0.007702 0.026436
0 0.542998 0.373535 0.006037 0.022402
0 0.612712 0.371408 0.007648 0.024203
0 0.432645 0.412525 0.012109 0.027911
0 0.495325 0.390664 0.007590 0.026147
0 0.504087 0.387092 0.007396 0.032351
0 0.522033 0.380492 0.006354 0.021412
0 0.017709 0.495242 0.015157 0.047121
0 0.522045 0.395190 0.006837 0.024538
1 0.379683 0.383988 0.008675 0.026240
2 0.600713 0.354408 0.004959 0.017034
0 0.503374 0.390536 0.007550 0.031833
0 0.611921 0.402401 0.006992 0.030777
2 0.611977 0.402301 0.007001 0.030453
0 0.379658 0.383854 0.008643 0.026093