0 0.354577 0.404654 0.008866 0.038365
0 0.248075 0.403166 0.009157 0.037904
0 0.370622 0.398604 0.007559 0.034413
0 0.121405 0.419787 0.007832 0.042818
0 0.101954 0.431256 0.012707 0.041111
0 0.140842 0.444408 0.015430 0.046573
0 0.241948 0.479663 0.009013 0.054262
0 0.408213 0.459537 0.010928 0.050685
0 0.278254 0.370429 0.007789 0.027233
0 0.196096 0.437340 0.010405 0.044125
0 0.444200 0.370962 0.005713 0.026949
0 0.079369 0.454974 0.011814 0.050017
0 0.354326 0.382041 0.007168 0.024148
0 0.512232 0.394618 0.008380 0.023517
0 0.159303 0.373507 0.007525 0.027901
0 0.091664 0.417988 0.006247 0.025050
0 0.133255 0.388335 0.009528 0.026182
0 0.590433 0.357941 0.005896 0.032301
0 0.296547 0.411090 0.009628 0.037046
2 0.963981 0.627814 0.021552 0.073970
0 0.752365 0.370029 0.007042 0.024921
0 0.744410 0.357994 0.005257 0.024384
0 0.690226 0.354305 0.007845 0.029015