0 0.670554 0.425984 0.014273 0.044775
0 0.224675 0.523880 0.021008 0.064090
0 0.701681 0.468157 0.015029 0.057089
0 0.689690 0.395229 0.008926 0.034451
0 0.546611 0.383415 0.006566 0.030731
0 0.604603 0.442067 0.009904 0.045206
0 0.253023 0.470077 0.009457 0.046431
0 0.460863 0.394934 0.005290 0.029691
0 0.341520 0.423791 0.013166 0.036968
0 0.374207 0.425326 0.011494 0.033938
0 0.426653 0.392538 0.008790 0.033774
2 0.409264 0.466871 0.011125 0.049545
0 0.502322 0.396626 0.006475 0.034783
0 0.493084 0.399297 0.007313 0.032207
0 0.508275 0.384712 0.006468 0.024377
0 0.466957 0.385196 0.006510 0.025523
0 0.474676 0.405135 0.006862 0.034092
0 0.421821 0.381813 0.006581 0.028872
0 0.497526 0.380150 0.006438 0.023309
0 0.480751 0.394604 0.006417 0.026903
0 0.481603 0.397612 0.007887 0.032212
0 0.480175 0.399868 0.005883 0.032120