0 0.595880 0.392692 0.007460 0.033391
0 0.640261 0.424848 0.008200 0.041875
0 0.577525 0.403022 0.007084 0.035287
0 0.677709 0.418201 0.008869 0.040858
0 0.610831 0.428332 0.007639 0.038796
0 0.438337 0.405706 0.008135 0.035366
0 0.561205 0.392244 0.006033 0.036425
0 0.487023 0.390669 0.006361 0.029335
0 0.497428 0.448815 0.014301 0.048123
0 0.417580 0.421093 0.012293 0.041708
0 0.468143 0.380671 0.006423 0.032352
0 0.645430 0.396983 0.008406 0.037190
0 0.475182 0.410794 0.006388 0.036731
0 0.581531 0.381636 0.007216 0.029751
0 0.528350 0.393724 0.008023 0.035432
0 0.979544 0.379294 0.007102 0.029158
0 0.514117 0.394793 0.007049 0.036828
0 0.519458 0.393989 0.007172 0.036108