0 0.477050 0.408854 0.007610 0.034892
0 0.646222 0.523461 0.014372 0.066876
0 0.854700 0.511579 0.020102 0.066393
0 0.628999 0.448921 0.008704 0.049029
0 0.559288 0.404056 0.012119 0.037203
0 0.759665 0.436501 0.013082 0.049912
0 0.444961 0.649700 0.019515 0.094839
0 0.073919 0.543827 0.018859 0.058750
0 0.460426 0.488469 0.020476 0.064068
0 0.391626 0.616319 0.024445 0.080049
0 0.749666 0.403023 0.008532 0.039140
0 0.231051 0.472827 0.027046 0.059626
0 0.399735 0.397859 0.008545 0.039862
0 0.467356 0.464774 0.010077 0.052080
0 0.333046 0.458423 0.010798 0.054819
0 0.722945 0.558964 0.015375 0.042469
0 0.590244 0.368640 0.006660 0.028274
0 0.611512 0.573904 0.021515 0.031594
0 0.106433 0.410860 0.010014 0.040437
2 0.620901 0.529256 0.013466 0.068162
0 0.294140 0.562846 0.020706 0.070574
0 0.634033 0.560545 0.015477 0.033677
0 0.620360 0.529365 0.012333 0.068105
0 0.293582 0.561038 0.016448 0.062073
0 0.637539 0.561600 0.009891 0.034689
0 0.633027 0.563632 0.013285 0.025581