0 0.533672 0.448260 0.010748 0.048260
0 0.579295 0.415684 0.009005 0.037962
0 0.303806 0.524213 0.011791 0.060960
0 0.666987 0.389648 0.010255 0.031947
0 0.652356 0.417457 0.011582 0.026886
0 0.682264 0.423161 0.009925 0.041389
0 0.495322 0.401340 0.006827 0.031998
0 0.694665 0.588057 0.021006 0.081351
0 0.511861 0.385642 0.009233 0.031090
0 0.936529 0.418250 0.013714 0.039344
2 0.633043 0.429840 0.011125 0.042928
0 0.897900 0.565990 0.028817 0.074404
0 0.418534 0.420132 0.011933 0.041500
0 0.600202 0.393619 0.007195 0.033227
0 0.890465 0.471789 0.015107 0.057653
0 0.793751 0.407595 0.010319 0.037540
0 0.379413 0.454269 0.009466 0.042642
0 0.608173 0.379281 0.005701 0.024189
0 0.963189 0.551007 0.016381 0.052779
0 0.482510 0.399411 0.007769 0.036011
0 0.966719 0.524734 0.011242 0.038448