0 0.145716 0.531944 0.013392 0.058515
0 0.267070 0.546864 0.020032 0.066807
0 0.595320 0.452326 0.013259 0.046139
0 0.294107 0.424582 0.011684 0.044464
0 0.569499 0.570302 0.013955 0.069323
0 0.366683 0.473635 0.009778 0.053185
0 0.612813 0.547073 0.017435 0.052911
0 0.228659 0.446154 0.015284 0.051243
0 0.420315 0.378404 0.005558 0.029110
0 0.549743 0.415737 0.008192 0.043538
0 0.444186 0.377074 0.006149 0.030241
0 0.312575 0.397754 0.007399 0.035622
0 0.881617 0.450467 0.019137 0.050711
0 0.228260 0.800552 0.021385 0.129931
0 0.570307 0.519219 0.009537 0.047222
0 0.266848 0.429002 0.011723 0.040116
0 0.553238 0.525711 0.011066 0.063732
0 0.263813 0.446405 0.010769 0.046588
0 0.559297 0.510133 0.012580 0.062837
2 0.586586 0.523589 0.015783 0.068301
0 0.228012 0.779959 0.020840 0.088214
0 0.975412 0.368906 0.008575 0.036500
0 0.466902 0.849314 0.031803 0.138658
0 0.592915 0.516019 0.008682 0.061642
0 0.557376 0.514357 0.015978 0.063023
0 0.552804 0.534525 0.010470 0.050757