0 0.590859 0.426889 0.011297 0.042411
0 0.434276 0.397715 0.005766 0.032783
0 0.573359 0.399019 0.007594 0.031779
0 0.460856 0.443539 0.010769 0.044907
0 0.504021 0.403330 0.008586 0.035208
0 0.534713 0.382696 0.007907 0.031867
0 0.655977 0.385703 0.010564 0.033532
0 0.479527 0.374289 0.005585 0.027273
0 0.306645 0.428134 0.008712 0.039547
0 0.583849 0.397313 0.006707 0.034388
0 0.379975 0.391096 0.007511 0.032247
0 0.403815 0.380356 0.006148 0.029358
0 0.563674 0.407160 0.009339 0.037090
0 0.460408 0.399450 0.008811 0.033254
0 0.471085 0.365378 0.005703 0.021340
0 0.464980 0.384558 0.006872 0.028271
0 0.350110 0.405263 0.007417 0.033741
0 0.373058 0.376876 0.007383 0.027560
0 0.543080 0.356291 0.005136 0.019296
0 0.577175 0.376456 0.005916 0.020584