0 0.465654 0.398916 0.006991 0.035418
0 0.491610 0.389645 0.006500 0.031479
0 0.406548 0.415444 0.013157 0.040173
0 0.541125 0.471999 0.012705 0.052536
0 0.328874 0.400937 0.007630 0.034424
0 0.314334 0.403694 0.006737 0.035004
0 0.259091 0.403864 0.007505 0.030479
0 0.402525 0.386439 0.005804 0.022671
0 0.295903 0.390024 0.006677 0.032168
0 0.529756 0.371278 0.007207 0.025350
0 0.364107 0.370355 0.005154 0.024730
0 0.310171 0.385918 0.006785 0.030328
0 0.443326 0.366245 0.006298 0.028479
0 0.388200 0.386489 0.006447 0.026981
0 0.251093 0.399087 0.006017 0.025503
0 0.324709 0.390684 0.006172 0.030439
0 0.387863 0.377162 0.006026 0.026224
0 0.251418 0.403100 0.006765 0.032643