0 0.669131 0.405179 0.010230 0.037038
0 0.316932 0.408110 0.009394 0.034918
0 0.658806 0.374345 0.007256 0.032158
0 0.415752 0.393972 0.006937 0.030405
0 0.346708 0.438503 0.008134 0.045409
0 0.487868 0.384013 0.007573 0.029627
0 0.561283 0.435867 0.012476 0.042475
0 0.293515 0.402497 0.007848 0.037865
0 0.582191 0.370399 0.007848 0.031579
0 0.560782 0.410794 0.008171 0.033570
0 0.432402 0.360257 0.005470 0.022923
0 0.561657 0.361340 0.006442 0.026238
0 0.387335 0.370079 0.006303 0.028622
0 0.525653 0.373014 0.007868 0.031019
0 0.640755 0.370525 0.007026 0.029186
0 0.920149 0.408273 0.015301 0.035078
0 0.367313 0.369785 0.006319 0.025920
0 0.585960 0.368634 0.004979 0.030085
0 0.066267 0.410222 0.011010 0.030924
0 0.996371 0.367363 0.006903 0.032672
0 0.587636 0.363770 0.006043 0.024207
0 0.642003 0.369098 0.007405 0.029984
1 0.137517 0.360182 0.008232 0.023258