0 0.304722 0.415083 0.006726 0.038565
0 0.284837 0.408068 0.009008 0.038198
0 0.343093 0.588701 0.027704 0.079840
0 0.567605 0.383766 0.006734 0.031691
0 0.614360 0.407856 0.007025 0.036370
0 0.370947 0.388981 0.008198 0.032964
0 0.360382 0.423430 0.008686 0.039731
0 0.235455 0.444308 0.011791 0.044767
0 0.399900 0.391122 0.009447 0.030749
0 0.451958 0.371918 0.007792 0.026100
0 0.513171 0.373639 0.009291 0.027453
0 0.330008 0.376199 0.005078 0.020083
0 0.836867 0.396626 0.008890 0.035935
0 0.435303 0.372859 0.005830 0.021432
0 0.630623 0.370774 0.006598 0.026512
0 0.042968 0.412376 0.010011 0.038324
0 0.366594 0.372895 0.004808 0.025909
0 0.429262 0.364492 0.005238 0.021836
2 0.440470 0.394785 0.005719 0.029237
0 0.354284 0.367430 0.006190 0.021828
0 0.440616 0.394801 0.005927 0.029593
0 0.358675 0.361489 0.004449 0.020830
0 0.394839 0.360420 0.006054 0.024182