0 0.546835 0.384687 0.005994 0.035016
0 0.125603 0.383932 0.008327 0.031831
0 0.594764 0.386803 0.007951 0.034076
0 0.243656 0.390328 0.007522 0.031561
0 0.439317 0.378314 0.005293 0.028704
0 0.616871 0.384544 0.006765 0.031064
0 0.531632 0.392318 0.007916 0.034499
0 0.438564 0.426608 0.007151 0.040664
0 0.568058 0.387116 0.008467 0.038329
0 0.528793 0.377816 0.006739 0.023158
0 0.492787 0.633748 0.025211 0.086276
0 0.602332 0.379708 0.005411 0.023052
0 0.807572 0.401249 0.009142 0.033922
0 0.575182 0.386882 0.005975 0.027256
0 0.573550 0.390595 0.005616 0.033783
2 0.505829 0.382704 0.006455 0.028775
0 0.569003 0.383440 0.007011 0.031097
0 0.505834 0.382906 0.006605 0.028767
0 0.570554 0.387634 0.005754 0.034106