0 0.346377 0.448095 0.013036 0.038681
0 0.685481 0.451470 0.013136 0.049080
0 0.679053 0.385591 0.010410 0.033174
0 0.590247 0.384102 0.009937 0.032270
0 0.391816 0.437389 0.010570 0.041792
0 0.377810 0.398016 0.010758 0.037065
0 0.499424 0.423010 0.014060 0.039178
0 0.390793 0.375311 0.005966 0.027012
0 0.397797 0.404053 0.008596 0.033799
0 0.436797 0.369567 0.008904 0.027611
0 0.525713 0.369639 0.005588 0.026896
0 0.514708 0.394701 0.009639 0.028977
0 0.928354 0.399005 0.011457 0.037228
0 0.400297 0.382557 0.008205 0.025954
0 0.665723 0.387244 0.007101 0.028256
0 0.460080 0.362712 0.004926 0.024126
0 0.186097 0.390329 0.006583 0.034502
0 0.844092 0.376570 0.008277 0.030528
0 0.838715 0.383165 0.007822 0.034442