0 0.770466 0.443023 0.015416 0.048738
0 0.716280 0.390803 0.009722 0.034203
0 0.741096 0.469482 0.010926 0.051924
0 0.540164 0.400435 0.006727 0.033024
0 0.678363 0.409850 0.009505 0.035365
0 0.730371 0.412129 0.009441 0.041270
0 0.462775 0.411768 0.007875 0.036100
0 0.560431 0.375685 0.006251 0.028316
0 0.438646 0.437847 0.010417 0.041619
0 0.590443 0.397937 0.008429 0.032879
0 0.688590 0.372507 0.008296 0.026708
0 0.491857 0.386578 0.006086 0.032621
0 0.442382 0.413764 0.010281 0.038808
0 0.580681 0.419835 0.009118 0.042676
0 0.678049 0.378185 0.007454 0.027114
0 0.530233 0.382765 0.006248 0.033965
0 0.671024 0.377651 0.006710 0.023292
0 0.650304 0.369883 0.007673 0.024869
2 0.635481 0.397113 0.006608 0.032961
1 0.109185 0.397470 0.007609 0.033025
0 0.109159 0.397367 0.007271 0.033159