0 0.400696 0.407535 0.007402 0.036533
0 0.344194 0.420837 0.007153 0.037625
0 0.611115 0.380560 0.006840 0.031872
0 0.408371 0.402037 0.006983 0.031297
0 0.608194 0.414350 0.009795 0.041353
0 0.421012 0.398012 0.006880 0.036548
0 0.533005 0.389017 0.007770 0.033502
0 0.357018 0.420892 0.007099 0.039083
0 0.487986 0.398391 0.006842 0.035108
0 0.455159 0.393270 0.005462 0.030976
0 0.472745 0.389950 0.009741 0.036202
0 0.512110 0.404133 0.007694 0.037229
0 0.429266 0.398787 0.006410 0.034543
0 0.597351 0.378999 0.007927 0.028721
0 0.574826 0.361998 0.008062 0.027289
0 0.449492 0.399640 0.005556 0.031755
0 0.438719 0.383192 0.006973 0.023052
0 0.438012 0.403364 0.010686 0.032533
0 0.628848 0.378996 0.007787 0.033543
2 0.510606 0.425503 0.010058 0.075212