0 0.622834 0.391919 0.007384 0.031005
0 0.535195 0.436490 0.008878 0.044671
0 0.438529 0.427939 0.008204 0.039323
0 0.658318 0.412935 0.013167 0.042561
0 0.458221 0.398766 0.006358 0.032966
0 0.506305 0.509887 0.011012 0.063339
0 0.340102 0.456637 0.008133 0.046166
0 0.497154 0.388546 0.006562 0.032626
0 0.362437 0.521386 0.012844 0.067182
0 0.362352 0.447648 0.013165 0.047260
0 0.486892 0.393807 0.006339 0.034265
0 0.565442 0.383019 0.005598 0.029198
0 0.357911 0.422187 0.006564 0.036685
0 0.112779 0.472221 0.012315 0.043864
0 0.475664 0.416736 0.006371 0.040693
0 0.101340 0.472002 0.011486 0.047032
0 0.371501 0.410950 0.008273 0.040817
0 0.312111 0.506120 0.010116 0.055651
0 0.245003 0.442278 0.012802 0.027333
2 0.440049 0.472251 0.009259 0.050402
1 0.428644 0.382360 0.008298 0.031662
0 0.311090 0.496566 0.008852 0.047957
0 0.428704 0.382432 0.008212 0.030993