0 0.237834 0.601703 0.018730 0.087698
0 0.475687 0.469405 0.014324 0.051013
0 0.413190 0.513400 0.012636 0.064296
0 0.504444 0.488242 0.011646 0.055652
0 0.321730 0.439967 0.012997 0.049086
0 0.391972 0.469451 0.012036 0.055759
0 0.498904 0.421910 0.009743 0.040477
0 0.318591 0.484840 0.017757 0.053729
0 0.623442 0.543408 0.013073 0.076117
0 0.405423 0.465775 0.011545 0.052975
0 0.523483 0.472557 0.009720 0.052639
0 0.530200 0.512182 0.013592 0.061876
0 0.587869 0.459537 0.010692 0.047921
0 0.140054 0.732103 0.026212 0.099258
0 0.556632 0.561997 0.014441 0.050136
0 0.641740 0.555080 0.019088 0.031609
0 0.547190 0.527463 0.012688 0.063545
2 0.587865 0.501188 0.013453 0.058030