0 0.584701 0.388393 0.009616 0.030735
0 0.481787 0.437829 0.011366 0.039114
0 0.429706 0.372321 0.005713 0.027043
0 0.388711 0.364478 0.005359 0.024889
0 0.270727 0.448609 0.007926 0.043388
0 0.506786 0.369690 0.006827 0.027699
0 0.592362 0.374107 0.007438 0.029472
0 0.564791 0.365625 0.006672 0.025982
0 0.403050 0.385167 0.007407 0.027818
0 0.859411 0.393558 0.008078 0.034947
0 0.561640 0.384398 0.007534 0.028293
0 0.462821 0.387931 0.008290 0.026849
0 0.532448 0.367599 0.007413 0.029982
0 0.555148 0.364090 0.007425 0.024471
0 0.932721 0.371796 0.008216 0.036457
0 0.365294 0.411161 0.013521 0.029940
0 0.995873 0.390552 0.007655 0.030460
0 0.257694 0.424393 0.006194 0.022501
0 0.318749 0.377947 0.006476 0.012932
2 0.325554 0.361991 0.005891 0.020411