0 0.552984 0.401546 0.009177 0.038455
0 0.557272 0.638104 0.020526 0.093839
0 0.599006 0.405290 0.005607 0.033100
0 0.510846 0.390420 0.007388 0.035420
0 0.601209 0.647883 0.018650 0.086906
0 0.620819 0.411862 0.007201 0.035410
0 0.140128 0.394344 0.008416 0.034084
0 0.585514 0.406711 0.009038 0.032155
0 0.532279 0.384680 0.006339 0.032701
0 0.611609 0.412702 0.008431 0.037816
0 0.449275 0.410754 0.010367 0.032843
0 0.492271 0.379294 0.005802 0.030207
0 0.281617 0.442638 0.011820 0.034901
0 0.597038 0.354287 0.006792 0.023995
0 0.586555 0.376483 0.005260 0.028290
0 0.103719 0.400773 0.008837 0.038828
0 0.501302 0.377163 0.006031 0.031121
0 0.497510 0.385168 0.005416 0.034704
2 0.849230 0.411219 0.008620 0.036473
0 0.500924 0.386176 0.006683 0.032112
0 0.497979 0.380161 0.006236 0.033078