0 0.292458 0.561278 0.015019 0.070338
0 0.826561 0.539925 0.020076 0.076736
0 0.563497 0.436281 0.009153 0.046816
0 0.604085 0.619965 0.021481 0.083315
0 0.384279 0.529114 0.018846 0.066943
0 0.624254 0.450753 0.010618 0.051638
0 0.922894 0.410229 0.009849 0.038551
0 0.481296 0.524179 0.013395 0.063656
0 0.380501 0.476553 0.012484 0.051069
0 0.505867 0.414523 0.011828 0.040077
0 0.743056 0.387516 0.008587 0.030084
0 0.474560 0.633387 0.029028 0.091242
0 0.654642 0.387037 0.007103 0.032261
0 0.325992 0.457799 0.008597 0.048252
0 0.741676 0.647004 0.014929 0.075701
0 0.825506 0.416313 0.007402 0.037449
0 0.492527 0.536861 0.015135 0.063958
0 0.603926 0.518368 0.017936 0.061740
1 0.431570 0.390811 0.007493 0.032535
2 0.603720 0.517789 0.017981 0.062192
0 0.431512 0.390993 0.007347 0.032240
0 0.737205 0.694471 0.015024 0.031380