0 0.551136 0.469692 0.009891 0.050658
0 0.764291 0.385026 0.007294 0.032639
0 0.846791 0.477835 0.016196 0.054770
0 0.716003 0.744104 0.026568 0.115010
0 0.724010 0.444987 0.010243 0.045343
0 0.955111 0.404525 0.009253 0.035363
0 0.349684 0.458004 0.011969 0.046330
0 0.643447 0.381084 0.006893 0.029679
0 0.992759 0.570575 0.014483 0.075482
0 0.655686 0.394813 0.010326 0.032083
0 0.811230 0.610628 0.042386 0.090844
0 0.929606 0.437055 0.013785 0.050980
0 0.415577 0.409080 0.009091 0.039326
0 0.997487 0.424272 0.005025 0.049531
0 0.655160 0.365590 0.005496 0.023501
0 0.545153 0.360747 0.004829 0.022295
0 0.482064 0.372301 0.006024 0.028276