0 0.525211 0.412361 0.009509 0.041462
0 0.639344 0.448659 0.009358 0.047586
0 0.673006 0.424635 0.010303 0.039750
0 0.449981 0.418899 0.009020 0.037013
0 0.667690 0.451146 0.010200 0.051220
0 0.445384 0.505389 0.012047 0.055263
0 0.684835 0.430593 0.006704 0.046593
0 0.452973 0.536617 0.016455 0.064076
0 0.459453 0.396644 0.009329 0.032701
0 0.083827 0.723593 0.023954 0.104668
0 0.883906 0.406567 0.008165 0.040424
0 0.468325 0.390104 0.007276 0.026395
0 0.475621 0.398443 0.006719 0.033016
0 0.484306 0.394057 0.006844 0.037652
0 0.493020 0.394290 0.008228 0.035489