0 0.601336 0.408415 0.006307 0.033292
0 0.535771 0.420141 0.008148 0.041338
0 0.358579 0.431863 0.009147 0.041668
0 0.622718 0.367712 0.006144 0.029183
0 0.467544 0.374772 0.005797 0.026939
0 0.581358 0.371309 0.007230 0.034311
0 0.307416 0.390130 0.006852 0.032669
0 0.406800 0.378744 0.005488 0.027913
0 0.683357 0.372653 0.008698 0.030164
0 0.676903 0.374044 0.006210 0.029362
0 0.681592 0.397328 0.008352 0.036024
0 0.558932 0.373493 0.007642 0.031710
0 0.261511 0.441487 0.011221 0.044230
0 0.088887 0.405332 0.011785 0.036844
0 0.367678 0.367243 0.005866 0.026352
0 0.920266 0.404547 0.007962 0.035085
0 0.564215 0.363530 0.006662 0.025862
0 0.462727 0.360449 0.006543 0.021852
0 0.509273 0.378225 0.006186 0.029102