0 0.037628 0.502846 0.018185 0.062981
0 0.424280 0.527909 0.013847 0.067747
0 0.081022 0.506174 0.017804 0.063821
0 0.539165 0.539505 0.016603 0.076652
0 0.522536 0.406956 0.010184 0.038234
0 0.714164 0.555056 0.018407 0.066075
0 0.266878 0.451962 0.011094 0.049000
0 0.183725 0.435828 0.011376 0.046225
0 0.264419 0.565869 0.026121 0.072994
0 0.728656 0.554107 0.011519 0.077105
0 0.331376 0.463585 0.011028 0.047889
0 0.449630 0.726809 0.022503 0.112088
0 0.365021 0.779301 0.024628 0.116990
0 0.906781 0.435837 0.014257 0.046226
0 0.991317 0.390749 0.012175 0.030734
0 0.921103 0.376865 0.008839 0.031185
0 0.703091 0.505548 0.013584 0.057947
2 0.694083 0.542925 0.017307 0.066006
0 0.711005 0.481844 0.009929 0.034261
0 0.710643 0.495423 0.010554 0.061375