0 0.355567 0.486143 0.012836 0.056149
0 0.758837 0.415330 0.011103 0.042778
0 0.335837 0.488521 0.013182 0.055324
0 0.818806 0.532889 0.020056 0.069031
0 0.579606 0.594217 0.023878 0.085745
0 0.572417 0.427018 0.010361 0.043195
0 0.578814 0.400192 0.010177 0.040588
0 0.927227 0.550667 0.028639 0.069187
0 0.670626 0.437145 0.014400 0.045901
0 0.391372 0.422162 0.012084 0.044342
0 0.631114 0.402972 0.010154 0.039975
0 0.800888 0.456908 0.009275 0.049771
0 0.443684 0.431777 0.009991 0.043646
0 0.475206 0.396984 0.013276 0.038475
0 0.518662 0.385735 0.011228 0.030251
0 0.498589 0.374877 0.007098 0.024699
0 0.552409 0.393303 0.009222 0.032045
0 0.448961 0.387768 0.007781 0.026945
0 0.442950 0.403266 0.009496 0.036081
0 0.560827 0.393543 0.010062 0.030708
0 0.097275 0.415002 0.014128 0.033898
2 0.602484 0.430377 0.009291 0.041741
0 0.602534 0.430282 0.009305 0.041297
0 0.443520 0.424038 0.010247 0.046015