0 0.640387 0.491204 0.015906 0.060606
0 0.592674 0.417728 0.007300 0.040428
0 0.565710 0.399301 0.010741 0.030853
0 0.611111 0.384805 0.008398 0.030269
0 0.530577 0.389350 0.008793 0.034503
0 0.539575 0.373216 0.005710 0.027142
0 0.408021 0.431818 0.007418 0.038965
0 0.521525 0.412438 0.009296 0.034791
0 0.493095 0.450021 0.018250 0.041550
0 0.494060 0.388065 0.006079 0.027033
0 0.500961 0.407859 0.007073 0.034822
0 0.378256 0.394431 0.007928 0.035812
0 0.480167 0.402468 0.007809 0.032037
0 0.452834 0.384597 0.007488 0.026745
0 0.513628 0.397166 0.008404 0.029614
0 0.257922 0.432877 0.007704 0.037219
0 0.334215 0.401222 0.006497 0.030745
0 0.552226 0.422950 0.007861 0.039366
0 0.421152 0.385495 0.007398 0.031207
2 0.552318 0.422847 0.007636 0.038499
0 0.484178 0.403057 0.007174 0.030703
0 0.482526 0.403003 0.008742 0.030958