0 0.775880 0.553221 0.024623 0.072408
0 0.636709 0.502623 0.018540 0.053481
0 0.627300 0.379724 0.005553 0.027489
0 0.770399 0.384998 0.006029 0.028993
0 0.933475 0.443351 0.009728 0.050682
0 0.606561 0.434261 0.013188 0.040928
0 0.657544 0.409219 0.008854 0.036421
0 0.482775 0.412312 0.007352 0.040397
0 0.585121 0.405335 0.008342 0.035469
0 0.653148 0.369261 0.005763 0.027547
0 0.949590 0.425894 0.011066 0.040979
0 0.501246 0.373567 0.006070 0.024368
0 0.760022 0.431084 0.013458 0.046762
0 0.244574 0.496531 0.010729 0.056283
0 0.674262 0.400915 0.007966 0.035381
0 0.576239 0.356129 0.004606 0.019049
0 0.376670 0.394287 0.007513 0.036240
0 0.998338 0.428452 0.003325 0.046162