0 0.609830 0.396601 0.009523 0.033727
0 0.667416 0.439690 0.009760 0.046707
0 0.575330 0.657628 0.020188 0.084390
0 0.587040 0.403183 0.008458 0.038846
0 0.654055 0.418573 0.006671 0.041895
0 0.548208 0.386181 0.006919 0.031610
0 0.614523 0.447445 0.008605 0.047227
0 0.492112 0.399013 0.008897 0.035386
0 0.436143 0.395538 0.006381 0.034983
0 0.419632 0.520590 0.012535 0.064080
0 0.641290 0.421640 0.013406 0.044621
0 0.464729 0.389897 0.006247 0.030223
0 0.537366 0.406345 0.009660 0.035054
0 0.471912 0.389152 0.007558 0.030592
0 0.520172 0.411406 0.008844 0.038002
0 0.532026 0.394187 0.008120 0.032940
0 0.882707 0.403163 0.007523 0.036431
0 0.511455 0.414333 0.009380 0.041177
0 0.882281 0.372847 0.008605 0.037249
0 0.486156 0.389889 0.005513 0.029923
0 0.512149 0.388432 0.006593 0.023655
0 0.470014 0.388925 0.005125 0.029995