0 0.109268 0.424150 0.009781 0.040189
0 0.429994 0.383485 0.006286 0.029574
0 0.217420 0.391820 0.006452 0.028625
0 0.563490 0.370509 0.006527 0.025559
0 0.181818 0.417348 0.010135 0.038265
0 0.191766 0.403739 0.008945 0.037505
0 0.264643 0.450367 0.010993 0.037754
0 0.310039 0.417600 0.011853 0.040682
0 0.089389 0.404052 0.010192 0.037307
0 0.793919 0.395411 0.010966 0.034926
0 0.132512 0.431640 0.010948 0.042299
0 0.451846 0.359705 0.004867 0.024279
0 0.480746 0.376893 0.010201 0.028767
0 0.318067 0.372654 0.007680 0.025588
0 0.548980 0.359196 0.005004 0.022850
0 0.185871 0.401556 0.005710 0.033781