0 0.577447 0.413773 0.012424 0.046358
0 0.316427 0.399686 0.007671 0.032051
0 0.779760 0.525873 0.015211 0.071304
0 0.627681 0.452168 0.012928 0.048899
0 0.483727 0.409915 0.007879 0.037423
0 0.334329 0.401734 0.007415 0.036309
0 0.556017 0.463713 0.010552 0.047369
0 0.522713 0.485484 0.010692 0.055829
0 0.363791 0.432625 0.011980 0.041771
0 0.635640 0.413512 0.008144 0.041530
0 0.508440 0.374750 0.004799 0.028258
0 0.562964 0.414468 0.010660 0.037737
0 0.392538 0.373447 0.007066 0.027677
0 0.464690 0.372194 0.005421 0.026589
0 0.551111 0.411620 0.008594 0.041137
0 0.873461 0.422863 0.011757 0.043698
0 0.408666 0.463047 0.010078 0.050126
0 0.659667 0.771256 0.024262 0.113248
0 0.478551 0.369620 0.007730 0.027161
2 0.571941 0.462481 0.010069 0.048938
0 0.571698 0.462330 0.009993 0.049293
0 0.270729 0.365497 0.008583 0.026578