0 0.258429 0.472665 0.012604 0.052965
0 0.496074 0.397745 0.008290 0.036459
0 0.616907 0.417949 0.009401 0.040780
0 0.467237 0.403429 0.006246 0.035521
0 0.346723 0.391177 0.006854 0.029665
0 0.202981 0.479652 0.009615 0.047506
0 0.240143 0.400412 0.005900 0.036833
0 0.808653 0.401088 0.009319 0.038314
0 0.550763 0.377016 0.006267 0.031638
0 0.224564 0.402878 0.006479 0.035329
0 0.250534 0.394927 0.006731 0.031069
0 0.212129 0.408644 0.007013 0.034048
0 0.264574 0.379217 0.009269 0.027082
0 0.269390 0.377576 0.005235 0.027346
0 0.136406 0.452280 0.012315 0.041479
0 0.489308 0.369881 0.005629 0.026515
0 0.205397 0.418054 0.008564 0.043574
0 0.359620 0.388851 0.007156 0.030381
0 0.483332 0.376661 0.006811 0.024452
0 0.376893 0.368645 0.007367 0.028537
2 0.305872 0.359171 0.006287 0.021292
0 0.206521 0.426365 0.008551 0.030205
0 0.410326 0.360968 0.007132 0.024596
2 0.355625 0.401858 0.007273 0.024845
0 0.206727 0.419944 0.008067 0.042142