0 0.227793 0.508535 0.011280 0.058376
0 0.485878 0.465482 0.011759 0.052952
0 0.575861 0.459043 0.013353 0.051265
0 0.669598 0.573854 0.018943 0.071850
0 0.510083 0.415598 0.012534 0.043207
0 0.433799 0.423864 0.007792 0.042279
0 0.689071 0.470430 0.011807 0.053988
0 0.316351 0.514549 0.018161 0.064550
0 0.375597 0.481790 0.017178 0.055086
0 0.612022 0.397009 0.006684 0.038036
0 0.386699 0.425150 0.011903 0.047492
0 0.358420 0.460261 0.016800 0.059187
0 0.655976 0.400986 0.006815 0.033237
0 0.672185 0.437386 0.012897 0.051302
0 0.102897 0.418474 0.011732 0.044180
0 0.467217 0.445101 0.010078 0.049366
0 0.504492 0.461872 0.016498 0.048503
0 0.602850 0.443906 0.008560 0.046048
0 0.591708 0.492772 0.012291 0.056166
0 0.602780 0.453758 0.008538 0.036344
0 0.718730 0.448832 0.009892 0.049934
0 0.500864 0.462938 0.012427 0.046966