0 0.480662 0.585672 0.016336 0.081106
0 0.171410 0.498692 0.016534 0.058631
0 0.185564 0.582487 0.012235 0.076473
0 0.285726 0.424463 0.012968 0.044789
0 0.224430 0.444082 0.011799 0.051882
0 0.253075 0.429285 0.013475 0.044511
0 0.344172 0.548630 0.017242 0.069250
0 0.312155 0.456068 0.013614 0.048880
0 0.304275 0.393612 0.010327 0.033016
0 0.351460 0.409784 0.007492 0.038612
0 0.513605 0.402345 0.007678 0.037627
0 0.542249 0.527466 0.017936 0.066663
0 0.407556 0.582390 0.019984 0.077790
0 0.545014 0.579309 0.013033 0.072884
0 0.550266 0.443302 0.008640 0.047044
0 0.431382 0.446841 0.010801 0.050510
0 0.339406 0.369147 0.006753 0.026401
0 0.450135 0.376738 0.006882 0.028154
0 0.855950 0.437976 0.011065 0.047780
0 0.501149 0.535107 0.013108 0.043158
0 0.499202 0.539604 0.016869 0.051953
0 0.634640 0.853770 0.031507 0.143665
2 0.498430 0.557318 0.017891 0.083530
0 0.500001 0.549450 0.015699 0.072251