0 0.514069 0.399542 0.008243 0.035662
0 0.430423 0.400976 0.008766 0.035778
0 0.392652 0.375183 0.005348 0.028581
0 0.520894 0.374385 0.008176 0.029817
0 0.601304 0.380737 0.008779 0.030920
0 0.263759 0.409192 0.006385 0.036322
0 0.502378 0.375430 0.005578 0.023807
0 0.428600 0.372846 0.005069 0.025660
0 0.619864 0.366688 0.004892 0.028892
0 0.361410 0.365134 0.007549 0.027813
0 0.610879 0.367678 0.006238 0.028618
0 0.540782 0.363793 0.006086 0.026501
0 0.580869 0.365749 0.006563 0.025090
0 0.289675 0.380416 0.007764 0.029428
0 0.479940 0.361552 0.005526 0.024876
0 0.119738 0.399335 0.008251 0.035989
0 0.536269 0.378425 0.006615 0.026842
0 0.852072 0.406636 0.007013 0.029288