0 0.019521 0.445679 0.017698 0.051053
0 0.456967 0.414406 0.008649 0.042640
0 0.508114 0.402264 0.008247 0.034976
0 0.352267 0.581464 0.021146 0.082463
0 0.436886 0.396355 0.008646 0.034297
0 0.529481 0.392851 0.006349 0.030430
0 0.559468 0.373943 0.006554 0.030830
0 0.391258 0.384008 0.007242 0.031249
0 0.211343 0.467721 0.018715 0.052900
0 0.498439 0.432489 0.019393 0.042802
0 0.091562 0.677060 0.020206 0.103270
0 0.462853 0.380922 0.007549 0.030224
0 0.823833 0.424087 0.013081 0.041340
2 0.893781 0.478678 0.014234 0.042605
0 0.531935 0.358721 0.005984 0.024582
0 0.404175 0.411472 0.013421 0.032798
0 0.846261 0.425036 0.014200 0.042779
0 0.685001 0.411282 0.016584 0.037103
2 0.514815 0.383795 0.006863 0.029302
0 0.515058 0.383780 0.006793 0.030175