0 0.572525 0.390434 0.005318 0.034081
0 0.419872 0.410707 0.007296 0.036709
0 0.600412 0.417002 0.007460 0.040322
0 0.503900 0.399244 0.006682 0.036487
0 0.457923 0.411940 0.008506 0.039596
0 0.498232 0.400078 0.005516 0.030010
0 0.739412 0.387208 0.007949 0.032612
0 0.466336 0.413907 0.008558 0.037333
0 0.612852 0.389623 0.009893 0.052575
0 0.427144 0.409242 0.005718 0.025990
0 0.473119 0.394110 0.005843 0.025413
0 0.427262 0.413414 0.006071 0.035668
0 0.446883 0.408463 0.008220 0.036007
0 0.487720 0.420345 0.008544 0.036548
0 0.558424 0.391213 0.005719 0.029345
0 0.444876 0.406420 0.006722 0.032941