0 0.473940 0.417872 0.009171 0.037724
0 0.588289 0.415922 0.007034 0.039715
0 0.540024 0.395575 0.006719 0.032030
0 0.456701 0.384001 0.007316 0.030897
0 0.439367 0.399071 0.006479 0.032454
0 0.495274 0.384376 0.005856 0.029856
0 0.507091 0.400011 0.006921 0.033442
0 0.487409 0.385382 0.010479 0.031633
0 0.526435 0.391649 0.006645 0.033062
0 0.531610 0.396267 0.005851 0.032845
0 0.511922 0.385904 0.007291 0.029973
0 0.520333 0.394102 0.007442 0.034267
0 0.316160 0.410743 0.009591 0.027926
0 0.519558 0.384601 0.004709 0.024449
0 0.520301 0.387104 0.006039 0.029063
0 0.757903 0.880306 0.033473 0.111991
0 0.527962 0.393746 0.006753 0.036169
0 0.309966 0.409564 0.008100 0.029511