0 0.452981 0.501068 0.011958 0.060803
0 0.312939 0.568994 0.018891 0.061598
0 0.877933 0.461062 0.013801 0.052743
0 0.798985 0.588225 0.021105 0.078620
0 0.588379 0.573765 0.018812 0.068734
0 0.521017 0.549931 0.013302 0.066572
0 0.352149 0.648055 0.026088 0.088072
0 0.869238 0.540108 0.014581 0.079181
0 0.718126 0.427427 0.011002 0.044621
0 0.369943 0.559553 0.014571 0.059484
0 0.821803 0.620732 0.015230 0.080128
2 0.843007 0.609056 0.020576 0.083562
0 0.429142 0.399972 0.007686 0.035941
0 0.853640 0.535604 0.014465 0.051558
0 0.822507 0.610685 0.013783 0.060674
0 0.853723 0.543901 0.018866 0.067990
1 0.429150 0.399883 0.007933 0.036434
0 0.821038 0.637420 0.014788 0.056265
0 0.345623 0.682310 0.006077 0.026740
0 0.039256 0.489982 0.011151 0.037634