0 0.525532 0.535555 0.016191 0.072710
0 0.488844 0.387373 0.006781 0.030831
0 0.460894 0.403616 0.008092 0.035589
0 0.757842 0.398323 0.006840 0.037047
0 0.292644 0.411058 0.006381 0.037625
0 0.609649 0.372856 0.006335 0.029650
0 0.446597 0.369933 0.007270 0.034094
0 0.394279 0.370896 0.006331 0.028808
0 0.329710 0.383591 0.005314 0.029225
0 0.098588 0.406778 0.008996 0.038226
0 0.465063 0.382333 0.007100 0.027609
0 0.644891 0.373684 0.006665 0.029625
0 0.413645 0.366067 0.005997 0.027503
0 0.602328 0.856917 0.028257 0.135778
0 0.360149 0.371655 0.006030 0.025944
0 0.323549 0.385083 0.005908 0.030507
0 0.718338 0.368079 0.008011 0.029304
0 0.914049 0.394896 0.009347 0.036278
2 0.552678 0.379469 0.007992 0.036188
0 0.617353 0.359721 0.006373 0.026555
0 0.403949 0.366916 0.005077 0.023942