0 0.436375 0.388523 0.009745 0.030825
0 0.596885 0.390132 0.009574 0.032873
0 0.506389 0.396709 0.008527 0.037597
0 0.498695 0.372526 0.005076 0.024468
0 0.636639 0.372201 0.006287 0.030522
0 0.329165 0.396821 0.006673 0.031617
0 0.945354 0.427701 0.011634 0.043883
0 0.473660 0.369413 0.006139 0.025149
0 0.579541 0.369334 0.006869 0.027642
0 0.419441 0.365986 0.005575 0.021900
0 0.571558 0.367365 0.007238 0.028877
1 0.221753 0.389268 0.007723 0.029654
0 0.459335 0.367222 0.007568 0.019822
0 0.480106 0.370542 0.006309 0.023963
0 0.525776 0.374868 0.004984 0.029298
0 0.521230 0.362350 0.005039 0.022069
0 0.534890 0.364674 0.005967 0.026004
0 0.375758 0.375842 0.011370 0.023100
0 0.378026 0.376010 0.008629 0.022904
0 0.521793 0.377295 0.007365 0.030714