0 0.589980 0.506744 0.014715 0.063565
0 0.470928 0.523552 0.015182 0.063763
0 0.554708 0.430762 0.009105 0.046097
0 0.561105 0.390402 0.006687 0.033945
0 0.728736 0.524049 0.024471 0.068222
0 0.663148 0.587975 0.016150 0.079387
0 0.849097 0.606028 0.021623 0.089922
0 0.757407 0.408260 0.008057 0.036391
0 0.512298 0.432793 0.008463 0.046755
0 0.810200 0.612274 0.020204 0.062600
0 0.429587 0.456307 0.016681 0.052893
0 0.680464 0.595088 0.018789 0.083556
0 0.795639 0.585501 0.027576 0.080569
0 0.681173 0.547918 0.014447 0.040197
0 0.316348 0.703263 0.017118 0.113810
0 0.755035 0.563660 0.021014 0.100783
0 0.648392 0.545365 0.018917 0.068216
0 0.389563 0.695112 0.024692 0.095469
0 0.891549 0.639280 0.027336 0.101572
0 0.653009 0.545560 0.016510 0.071377
0 0.300125 0.396966 0.010075 0.034698
1 0.300203 0.397628 0.010039 0.035903
0 0.889611 0.600260 0.018283 0.040050