0 0.633810 0.412871 0.009883 0.042137
0 0.435124 0.388600 0.006805 0.031734
0 0.769429 0.487839 0.013570 0.057624
0 0.618432 0.393188 0.007779 0.034703
0 0.447252 0.395038 0.007762 0.035378
0 0.704342 0.420917 0.010538 0.044027
0 0.685235 0.463708 0.013435 0.044594
0 0.459247 0.395177 0.006946 0.033176
0 0.902799 0.401676 0.008346 0.039185
0 0.465124 0.403370 0.008558 0.043062
0 0.487055 0.394483 0.005680 0.034655
0 0.681993 0.430737 0.007050 0.038254
0 0.480238 0.397911 0.005964 0.036123
0 0.684801 0.432446 0.011369 0.040734
0 0.466509 0.396326 0.009092 0.037625
0 0.905381 0.373903 0.007898 0.027330
0 0.688122 0.436243 0.008099 0.023827
1 0.954945 0.387425 0.008014 0.028694
0 0.954800 0.387483 0.008339 0.029159
0 0.479082 0.397431 0.007540 0.037187
0 0.476501 0.395804 0.006623 0.035499