0 0.665535 0.370612 0.012088 0.034224
0 0.899201 0.399699 0.016312 0.042869
0 0.567401 0.503265 0.022256 0.064090
0 0.852953 0.507873 0.020626 0.063291
0 0.386516 0.605819 0.023080 0.082798
0 0.772065 0.368440 0.009455 0.031906
0 0.551375 0.435876 0.009523 0.048921
0 0.593159 0.393916 0.013300 0.040571
0 0.393920 0.504546 0.013241 0.053012
0 0.729806 0.491444 0.015784 0.056940
0 0.806719 0.442028 0.021287 0.055253
0 0.620477 0.392524 0.011256 0.036384
0 0.490511 0.434236 0.014261 0.045892
0 0.740296 0.578408 0.021102 0.086547
0 0.463388 0.595529 0.025345 0.075967
0 0.407317 0.375364 0.007575 0.032877
0 0.459396 0.595236 0.017126 0.072594