0 0.929520 0.517108 0.020649 0.081671
0 0.965259 0.420076 0.014571 0.059339
0 0.509129 0.549852 0.024583 0.087065
0 0.526814 0.372427 0.012445 0.049699
0 0.696544 0.398051 0.016735 0.060033
0 0.772633 0.508315 0.023195 0.080508
0 0.425300 0.493641 0.020792 0.069200
0 0.867223 0.482055 0.015920 0.068656
0 0.819117 0.704636 0.033910 0.119544
0 0.641813 0.445505 0.011941 0.055324
0 0.482569 0.472147 0.016767 0.070306
0 0.645244 0.492256 0.017694 0.059278
2 0.879363 0.328634 0.009100 0.037059
2 0.867345 0.482042 0.016688 0.068501
3 0.617065 0.509913 0.005219 0.008909
3 0.621587 0.511348 0.014620 0.012008