0 0.821516 0.630207 0.025455 0.115118
0 0.189104 0.462366 0.020899 0.077103
0 0.095001 0.521787 0.021775 0.088288
0 0.356959 0.390197 0.012996 0.052768
0 0.178567 0.612333 0.026839 0.103731
0 0.414898 0.445294 0.014888 0.063847
0 0.398606 0.392124 0.016005 0.048402
0 0.392239 0.565367 0.014963 0.089756
0 0.549170 0.449473 0.010742 0.063094
0 0.580891 0.429655 0.015901 0.047805
0 0.483424 0.388322 0.010873 0.052540
2 0.632942 0.422852 0.017043 0.064927
0 0.951173 0.577734 0.022968 0.101216
0 0.233787 0.432415 0.012386 0.059511
2 0.727057 0.442105 0.019021 0.073944
0 0.510658 0.459127 0.008051 0.035183
2 0.698383 0.399232 0.013486 0.054866
0 0.777880 0.434940 0.017862 0.049262
0 0.474136 0.073806 0.011273 0.060884
2 0.274092 0.373659 0.009604 0.024872
0 0.612371 0.446427 0.014869 0.071348
2 0.549077 0.449375 0.011274 0.063437
2 0.239568 0.404911 0.010267 0.051625
2 0.951034 0.577178 0.023408 0.100149
0 0.392046 0.586301 0.014251 0.049035