0 0.433171 0.652255 0.024099 0.113741
0 0.039158 0.524821 0.019674 0.078630
0 0.256337 0.496495 0.020126 0.073382
0 0.521756 0.513305 0.021952 0.075791
0 0.539524 0.458566 0.014624 0.070924
2 0.133476 0.472968 0.013758 0.061563
0 0.516132 0.473672 0.014458 0.051085
0 0.360402 0.418154 0.011461 0.057769
0 0.653770 0.505658 0.013150 0.073264
0 0.448633 0.461381 0.022556 0.070398
0 0.429040 0.425976 0.014525 0.047034
2 0.475642 0.489957 0.013648 0.064110
0 0.444222 0.460354 0.014248 0.068436
0 0.169816 0.498144 0.020310 0.068469
2 0.168561 0.497882 0.017271 0.067869
0 0.122322 0.544044 0.019180 0.080668
0 0.419836 0.445277 0.015245 0.037231
0 0.471955 0.452590 0.017380 0.072199
0 0.443679 0.448687 0.012959 0.045445
0 0.456255 0.441997 0.011320 0.044654