0 0.821329 0.515491 0.014866 0.062278
0 0.510248 0.428257 0.010338 0.040984
0 0.473456 0.511683 0.010462 0.053326
0 0.728863 0.526056 0.019316 0.060682
0 0.521980 0.560518 0.021681 0.068989
0 0.743052 0.416411 0.008979 0.034155
0 0.258203 0.648293 0.023230 0.086269
0 0.470740 0.476395 0.012232 0.038467
0 0.074145 0.685366 0.026274 0.094970
0 0.261025 0.485013 0.013661 0.053776
0 0.533782 0.691142 0.036792 0.091062
0 0.680693 0.394389 0.006745 0.029439
0 0.828392 0.638219 0.019243 0.083996
0 0.420269 0.847541 0.041109 0.129079
0 0.049168 0.457790 0.011669 0.045986
0 0.649376 0.507652 0.012039 0.051318
2 0.900212 0.514644 0.019385 0.058941
0 0.900478 0.514742 0.020162 0.058750
2 0.970579 0.718351 0.033194 0.102169
1 0.967547 0.374484 0.005888 0.026653
0 0.969873 0.717600 0.033512 0.100262
0 0.806783 0.613396 0.014972 0.075289
0 0.804895 0.585725 0.012137 0.034042
0 0.420267 0.840371 0.032660 0.110624
2 0.806666 0.613698 0.014861 0.075037
2 0.048953 0.458246 0.011433 0.045101