0 0.807957 0.467222 0.013106 0.063017
0 0.606940 0.477066 0.020669 0.071458
0 0.659890 0.427708 0.010675 0.055989
0 0.582385 0.475456 0.017710 0.068674
0 0.827095 0.476153 0.017760 0.070483
0 0.741610 0.477505 0.019244 0.071894
0 0.602858 0.427560 0.016425 0.038021
0 0.642814 0.474317 0.018865 0.075296
2 0.630158 0.438159 0.015665 0.067296
0 0.708472 0.474392 0.022842 0.077190
0 0.728407 0.470624 0.011926 0.075059
0 0.791078 0.463015 0.015505 0.065008
2 0.752991 0.427649 0.009416 0.048901
0 0.577168 0.434757 0.009532 0.046957
0 0.680201 0.419007 0.010097 0.042754
0 0.826287 0.415902 0.014062 0.027862
0 0.723135 0.290979 0.010310 0.023404
0 0.709928 0.419825 0.011366 0.036683
0 0.675342 0.470053 0.019752 0.069305
0 0.736929 0.414648 0.008857 0.025125
0 0.550153 0.444686 0.012894 0.061614
0 0.767356 0.476189 0.011313 0.060981
2 0.776837 0.423800 0.013617 0.047268
0 0.736700 0.421837 0.009903 0.040216
0 0.086537 0.089658 0.010553 0.055062
0 0.680025 0.411788 0.010118 0.027263
2 0.550440 0.446079 0.012977 0.065534
0 0.710160 0.416057 0.009898 0.029050
0 0.766827 0.463053 0.010313 0.038537
0 0.541268 0.437578 0.007725 0.033392
0 0.777059 0.424474 0.014045 0.047326
0 0.672343 0.466700 0.014478 0.063890