0 0.526999 0.580005 0.014914 0.075698
0 0.522032 0.541038 0.009852 0.044275
0 0.490206 0.429878 0.007854 0.039806
0 0.487070 0.575765 0.018614 0.079350
0 0.463597 0.427674 0.008198 0.043041
0 0.499466 0.427817 0.008694 0.041277
0 0.452213 0.581382 0.015749 0.071610
0 0.503583 0.579782 0.011789 0.066523
0 0.464180 0.567399 0.016808 0.089091
0 0.482919 0.428387 0.005842 0.035514
0 0.473171 0.428901 0.008931 0.042271
0 0.480709 0.571024 0.010285 0.078291
2 0.473383 0.429066 0.008880 0.042123
0 0.260186 0.566974 0.014107 0.072548
0 0.263498 0.564811 0.021665 0.076767
0 0.451952 0.543967 0.011558 0.040813
0 0.451789 0.556176 0.011979 0.065651
0 0.480515 0.561135 0.009565 0.060041
0 0.527233 0.571013 0.012473 0.059775