0 0.317854 0.499478 0.016805 0.059498
0 0.348615 0.573777 0.015244 0.076798
0 0.220489 0.636378 0.015117 0.084723
0 0.024392 0.478701 0.012214 0.050898
0 0.695958 0.511134 0.018051 0.066605
0 0.409051 0.361207 0.005910 0.024867
0 0.112871 0.593013 0.014234 0.072340
0 0.371436 0.422444 0.008810 0.040292
2 0.556811 0.642791 0.020356 0.084047
2 0.370859 0.622615 0.021783 0.087028
0 0.012811 0.544364 0.017334 0.064949
2 0.082956 0.448268 0.012027 0.042224
0 0.330251 0.806093 0.023333 0.083215
0 0.082925 0.448577 0.011961 0.042911
2 0.328264 0.823250 0.026575 0.117191