0 0.682368 0.438087 0.012179 0.061675
0 0.698554 0.397218 0.016664 0.050458
0 0.548372 0.330442 0.008538 0.042180
0 0.860811 0.535725 0.019172 0.086772
0 0.429778 0.379567 0.011747 0.056034
0 0.668158 0.356171 0.010488 0.042433
0 0.466449 0.494146 0.021268 0.071268
0 0.990966 0.488602 0.018044 0.070795
0 0.889771 0.413087 0.018478 0.062069
0 0.624139 0.439150 0.013969 0.067383
0 0.946334 0.351403 0.014658 0.042303
0 0.674470 0.402791 0.013714 0.055573
0 0.841868 0.339458 0.016356 0.040447
0 0.734219 0.546046 0.023687 0.086427
0 0.824758 0.883137 0.036483 0.160970
0 0.823423 0.436091 0.014228 0.066668
0 0.178871 0.354793 0.010442 0.046092
2 0.580197 0.296196 0.007735 0.030781
0 0.757414 0.094588 0.008621 0.053201
0 0.990816 0.438898 0.018089 0.062501