0 0.517577 0.529465 0.016865 0.091727
0 0.485277 0.469443 0.015969 0.076113
0 0.858023 0.605728 0.028547 0.112189
0 0.429882 0.476871 0.017940 0.081799
0 0.809385 0.480797 0.016105 0.083373
0 0.692860 0.438034 0.012891 0.068445
0 0.357187 0.474528 0.012706 0.068745
0 0.852004 0.519268 0.013839 0.046373
0 0.397806 0.469791 0.019022 0.075743
0 0.855273 0.478379 0.017914 0.062148
0 0.782297 0.580069 0.015878 0.090661
0 0.398148 0.503882 0.009220 0.029404
0 0.401618 0.466821 0.015629 0.074340
2 0.788660 0.470956 0.019007 0.074928
0 0.395026 0.465961 0.013225 0.062278
0 0.069589 0.056936 0.014224 0.067668
2 0.357305 0.474383 0.012541 0.069772
2 0.462497 0.469643 0.014264 0.071083
2 0.782416 0.591119 0.017192 0.113840
2 0.448510 0.472801 0.018327 0.085200
0 0.782417 0.618904 0.016514 0.056509
2 0.477568 0.440865 0.013143 0.060013
0 0.788911 0.470662 0.018074 0.076202
0 0.477541 0.441572 0.013119 0.061513