0 0.914025 0.412610 0.017522 0.065084
0 0.440427 0.392690 0.020082 0.053833
0 0.590120 0.501701 0.017332 0.080938
0 0.177399 0.515671 0.016703 0.087833
0 0.746319 0.401516 0.015174 0.057122
0 0.545698 0.715246 0.021827 0.134198
0 0.469469 0.442797 0.016156 0.067354
0 0.864080 0.371078 0.012858 0.043320
0 0.955290 0.412384 0.015610 0.065295
0 0.817857 0.369614 0.009787 0.041103
0 0.993048 0.475797 0.013903 0.085818
0 0.604489 0.390072 0.014115 0.053439
2 0.867380 0.476237 0.018867 0.081276
0 0.799651 0.569642 0.026808 0.104692
0 0.579374 0.375434 0.010242 0.049475
0 0.635405 0.378084 0.011685 0.051648
0 0.996281 0.457341 0.007438 0.044736
0 0.569555 0.403966 0.010130 0.035797
0 0.570349 0.409535 0.011605 0.048061
0 0.588627 0.383212 0.007883 0.043398
0 0.572141 0.426913 0.010290 0.037783
0 0.544059 0.069701 0.011378 0.071463
2 0.426162 0.366117 0.008926 0.026716
2 0.426549 0.360479 0.009580 0.038068
2 0.635214 0.377130 0.011871 0.052292
0 0.571044 0.417891 0.012318 0.056797
0 0.995751 0.467272 0.008498 0.065347
0 0.992946 0.492929 0.013840 0.051382