0 0.398225 0.506987 0.016433 0.083346
0 0.542635 0.428228 0.015152 0.066915
0 0.614509 0.441939 0.014868 0.067075
0 0.545175 0.596698 0.022984 0.107522
0 0.755876 0.442112 0.015358 0.074800
0 0.483235 0.498815 0.020899 0.070392
0 0.625510 0.399750 0.014478 0.056782
0 0.726613 0.402247 0.015277 0.073366
0 0.675621 0.404954 0.010453 0.061475
0 0.556681 0.492281 0.023612 0.068561
0 0.842903 0.554474 0.026979 0.087298
0 0.806627 0.477797 0.020665 0.078191
3 0.490007 0.528041 0.004770 0.012113
2 0.714349 0.408022 0.013149 0.068221
0 0.787555 0.430224 0.012105 0.047271
2 0.870985 0.483479 0.011298 0.075172
0 0.544414 0.500786 0.013897 0.049126
0 0.870858 0.485108 0.013402 0.077872
0 0.251787 0.076727 0.010451 0.059047
2 0.693305 0.386197 0.010730 0.039372
0 0.788589 0.402683 0.008195 0.029857
2 0.793875 0.456238 0.010967 0.055521
0 0.684960 0.405815 0.012483 0.065280
0 0.806383 0.495376 0.021525 0.044821
2 0.842589 0.554175 0.027668 0.085804