0 0.824973 0.528956 0.017013 0.080382
0 0.937016 0.484912 0.017886 0.072042
0 0.805364 0.432448 0.012538 0.059359
0 0.725331 0.539839 0.021338 0.090623
0 0.666537 0.482136 0.016112 0.070815
0 0.706392 0.582070 0.020017 0.101393
0 0.605532 0.442473 0.015340 0.064927
0 0.782977 0.451486 0.012265 0.056687
0 0.291992 0.571623 0.030408 0.094221
0 0.470465 0.473492 0.016747 0.064802
0 0.751516 0.454711 0.019234 0.061205
2 0.842195 0.409072 0.008440 0.027181
0 0.298632 0.508072 0.011813 0.068762
1 0.298695 0.508473 0.011508 0.068635
1 0.604882 0.443506 0.015947 0.064668
2 0.751839 0.454969 0.018692 0.061355