0 0.173249 0.546023 0.018339 0.087020
0 0.205270 0.475247 0.014157 0.070343
0 0.306240 0.411089 0.016419 0.056411
0 0.155044 0.425223 0.011396 0.059760
0 0.022253 0.441916 0.012142 0.065040
0 0.105162 0.453592 0.012985 0.058900
0 0.351481 0.689904 0.028622 0.138940
0 0.602944 0.394253 0.016149 0.052961
0 0.235884 0.457520 0.018646 0.067256
0 0.210563 0.384970 0.013875 0.049670
0 0.595822 0.484278 0.027824 0.078893
2 0.279583 0.411391 0.014697 0.051045
0 0.464871 0.435605 0.013349 0.065524
0 0.600839 0.484464 0.018071 0.078543
0 0.087199 0.495093 0.014106 0.075245
0 0.279751 0.411372 0.014946 0.051012
2 0.087183 0.494773 0.013979 0.075973
2 0.235683 0.457120 0.018496 0.066714
2 0.097254 0.409664 0.010788 0.052873
0 0.317845 0.067885 0.012226 0.058056
0 0.155006 0.434065 0.010907 0.042924
0 0.317677 0.035184 0.007791 0.033967