0 0.124203 0.528905 0.018771 0.084266
0 0.327241 0.341330 0.010682 0.041728
0 0.663732 0.451747 0.023519 0.073194
0 0.443463 0.415846 0.021462 0.062838
0 0.630133 0.321816 0.009724 0.037180
0 0.306197 0.331376 0.009714 0.038424
0 0.463610 0.449421 0.013568 0.066533
0 0.317852 0.432704 0.014214 0.066312
0 0.271888 0.440471 0.013710 0.065578
0 0.550757 0.313430 0.010691 0.034136
0 0.180497 0.374039 0.010434 0.052230
0 0.716268 0.441614 0.020475 0.075142
0 0.574446 0.357049 0.011146 0.049418
0 0.375053 0.552749 0.017626 0.089030
0 0.330662 0.373122 0.008621 0.044003
0 0.199743 0.399038 0.011271 0.059439
0 0.543211 0.612340 0.028867 0.095000
2 0.667742 0.364402 0.009714 0.053195
2 0.682678 0.518732 0.020921 0.076833
0 0.371060 0.555193 0.026326 0.090187
0 0.512188 0.371463 0.011987 0.049965
0 0.537085 0.596363 0.015800 0.062272
0 0.483355 0.093528 0.008221 0.052887
0 0.667796 0.364270 0.009745 0.052921
0 0.192005 0.396796 0.010657 0.052981
2 0.512133 0.371621 0.011837 0.050558
0 0.538914 0.612377 0.020053 0.093983
2 0.288623 0.315021 0.008435 0.019869
0 0.682581 0.518493 0.021043 0.077672
2 0.288680 0.308575 0.008580 0.032581
0 0.201199 0.408253 0.008256 0.041639