0 0.108646 0.497246 0.019766 0.081122
0 0.507251 0.424947 0.015243 0.069054
0 0.336517 0.569606 0.026244 0.094020
0 0.308043 0.403565 0.015264 0.065361
0 0.372687 0.623886 0.026355 0.108561
0 0.336127 0.482419 0.016739 0.074138
0 0.991130 0.635904 0.017739 0.120215
0 0.996814 0.616765 0.006373 0.077922
0 0.298512 0.438469 0.014541 0.065570
0 0.845819 0.487229 0.020840 0.082884
0 0.505033 0.387994 0.015291 0.041171
0 0.280738 0.082829 0.014279 0.052713
0 0.995217 0.631287 0.009566 0.109004
0 0.842362 0.508814 0.010614 0.043069