0 0.523762 0.508031 0.017547 0.091762
0 0.770698 0.497767 0.017597 0.081038
0 0.560830 0.439252 0.017017 0.064371
0 0.938216 0.406193 0.016906 0.053740
0 0.743160 0.452484 0.012595 0.070739
0 0.599593 0.409789 0.013067 0.049960
0 0.288003 0.416026 0.010911 0.062356
0 0.107780 0.562397 0.027623 0.098803
0 0.994174 0.457360 0.011651 0.076381
0 0.376483 0.735929 0.021179 0.126341
0 0.635246 0.620330 0.021085 0.112615
0 0.713361 0.535628 0.026332 0.079460
2 0.635760 0.394040 0.010898 0.049956
0 0.634924 0.646397 0.020462 0.060408
0 0.906205 0.467271 0.020005 0.054609
2 0.868779 0.383915 0.010497 0.048134
0 0.738033 0.522249 0.020757 0.051651
2 0.529363 0.433712 0.018005 0.070363
0 0.529259 0.433709 0.017863 0.071608
2 0.631732 0.543973 0.022151 0.091309
2 0.389326 0.375359 0.007236 0.035561
0 0.624375 0.073617 0.011675 0.059223