0 0.866306 0.441191 0.022747 0.063887
0 0.954057 0.425317 0.023994 0.070657
0 0.745044 0.363348 0.012047 0.047692
0 0.670096 0.381883 0.011454 0.049674
0 0.764329 0.420318 0.018843 0.053956
0 0.629093 0.385594 0.015084 0.049746
0 0.868883 0.349017 0.015889 0.042061
0 0.642593 0.472232 0.016965 0.068950
0 0.611712 0.433496 0.022554 0.059948
0 0.467056 0.497928 0.022833 0.068806
0 0.650765 0.387552 0.015856 0.040817
0 0.566861 0.397702 0.019497 0.052788
0 0.984482 0.386602 0.009237 0.048884
2 0.700687 0.382933 0.013015 0.046973
0 0.700640 0.383418 0.012935 0.047921
0 0.488034 0.444583 0.010382 0.047189
0 0.470044 0.444976 0.007241 0.032302
0 0.473892 0.470169 0.010751 0.039178
0 0.488025 0.431417 0.008847 0.040537
0 0.469789 0.439212 0.006697 0.021292
0 0.645471 0.367835 0.005659 0.023630
0 0.911941 0.328616 0.010806 0.034666
0 0.649538 0.373553 0.013819 0.034928
0 0.473352 0.463977 0.011894 0.047708