0 0.510292 0.460166 0.011801 0.044358
0 0.540453 0.460766 0.013454 0.048190
0 0.537820 0.584754 0.016068 0.072683
0 0.336526 0.547757 0.016306 0.065319
0 0.600114 0.539124 0.012790 0.062997
0 0.379762 0.527659 0.015341 0.048475
0 0.923749 0.434937 0.012337 0.034131
0 0.754366 0.433970 0.009202 0.035359
0 0.662288 0.394328 0.007044 0.026634
0 0.648279 0.520991 0.015877 0.049284
0 0.405637 0.603960 0.025513 0.074719
0 0.349682 0.422371 0.008255 0.036151
0 0.749736 0.567660 0.026548 0.065364
0 0.857108 0.637991 0.022586 0.082945
0 0.354830 0.614265 0.023742 0.074479
0 0.894221 0.484639 0.011337 0.051238
0 0.586736 0.701407 0.026552 0.053352
0 0.581978 0.699685 0.023372 0.050774
0 0.668006 0.417654 0.008380 0.033007
2 0.894264 0.484869 0.011151 0.051861
0 0.839131 0.214837 0.008616 0.044720
0 0.657366 0.380273 0.005198 0.021349