0 0.575800 0.524138 0.024238 0.085030
0 0.358503 0.503569 0.017153 0.078198
0 0.676902 0.350275 0.009403 0.044246
0 0.387479 0.459135 0.019310 0.072350
0 0.716458 0.507459 0.026251 0.066967
0 0.659392 0.702456 0.035053 0.124429
0 0.298100 0.501304 0.019240 0.073709
0 0.497537 0.737461 0.033202 0.126928
0 0.099533 0.444157 0.025052 0.061769
2 0.589389 0.286078 0.007283 0.027613
0 0.268766 0.342632 0.009543 0.042408
0 0.484822 0.421380 0.020277 0.038839
0 0.612459 0.418678 0.010488 0.055807
0 0.541806 0.327271 0.010336 0.042577
0 0.777435 0.314009 0.008485 0.034962
0 0.893818 0.452313 0.015804 0.066953
0 0.503231 0.436350 0.015652 0.052308
0 0.485511 0.412872 0.018940 0.054643
2 0.955195 0.338825 0.010672 0.038243
0 0.883596 0.100848 0.009315 0.039006
0 0.506712 0.412456 0.011715 0.037007
0 0.482527 0.403649 0.010267 0.037318
2 0.893928 0.452318 0.015753 0.066709
2 0.612522 0.418912 0.010389 0.056277
0 0.485800 0.402655 0.017274 0.034955