0 0.596833 0.477920 0.013830 0.074553
0 0.380071 0.480757 0.014780 0.079602
0 0.254309 0.493431 0.018749 0.072487
2 0.346652 0.484359 0.017120 0.073248
0 0.578765 0.474099 0.013247 0.074310
0 0.565952 0.473078 0.015614 0.076801
0 0.444883 0.480248 0.015371 0.076139
0 0.515499 0.472566 0.014721 0.080892
0 0.540783 0.474008 0.012828 0.073671
0 0.490791 0.476745 0.013903 0.079023
0 0.460231 0.475347 0.012939 0.069178
0 0.550212 0.473531 0.013263 0.073941
0 0.529633 0.469858 0.009684 0.065841
0 0.400723 0.476836 0.014635 0.084068
0 0.227711 0.493624 0.015351 0.075709
0 0.306516 0.493095 0.019255 0.066904
0 0.459363 0.468261 0.011449 0.055571
0 0.455408 0.094591 0.009089 0.042075
0 0.490347 0.460454 0.013331 0.046449
0 0.503498 0.473741 0.010208 0.072079
0 0.432010 0.480059 0.015889 0.070777
0 0.454988 0.072300 0.007460 0.028218
0 0.469624 0.460387 0.009877 0.048972
0 0.528822 0.473656 0.012398 0.076567
0 0.413703 0.453163 0.009395 0.031491
0 0.470499 0.469920 0.012129 0.066980
2 0.227711 0.493592 0.015220 0.075763
0 0.418849 0.480300 0.017089 0.076988