0 0.529242 0.538236 0.018283 0.080063
0 0.667563 0.510796 0.015572 0.078755
0 0.638618 0.501353 0.020736 0.076064
0 0.889959 0.403758 0.014566 0.053404
0 0.770609 0.452564 0.012829 0.057513
0 0.680425 0.366791 0.010318 0.048726
0 0.981079 0.674803 0.035408 0.107908
0 0.817450 0.406420 0.015485 0.054533
0 0.957504 0.374458 0.012283 0.044661
0 0.396265 0.397858 0.008903 0.037581
0 0.497471 0.401119 0.012389 0.044632
0 0.556733 0.345241 0.007906 0.037629
0 0.834598 0.719655 0.023735 0.118581
2 0.956906 0.315292 0.009752 0.032584