0 0.327640 0.476725 0.010686 0.049270
0 0.515608 0.436870 0.007433 0.039755
0 0.539479 0.560163 0.015339 0.072662
0 0.411756 0.510231 0.014662 0.052664
0 0.409252 0.417164 0.006994 0.035516
0 0.670986 0.363360 0.005021 0.025415
0 0.502089 0.642127 0.021901 0.051410
0 0.511531 0.395976 0.005544 0.031409
0 0.740258 0.394442 0.008900 0.033592
0 0.529010 0.452011 0.009471 0.042960
0 0.488039 0.403495 0.007639 0.032893
0 0.230068 0.388260 0.007869 0.028015
2 0.529099 0.452072 0.009592 0.042756
0 0.497081 0.403972 0.010037 0.031188
0 0.589206 0.421091 0.008917 0.037788
2 0.497216 0.404125 0.009750 0.031729
0 0.548663 0.405513 0.008602 0.037138
0 0.517892 0.395447 0.005209 0.031291
0 0.532697 0.413243 0.006770 0.039686
0 0.541068 0.403826 0.008376 0.034868
0 0.516513 0.395494 0.005489 0.031165
0 0.219537 0.218136 0.007236 0.038922
0 0.525919 0.392604 0.007468 0.027349
0 0.545316 0.403556 0.011247 0.037526