0 0.758048 0.472571 0.014225 0.073657
0 0.377634 0.480420 0.016270 0.076153
0 0.463762 0.493690 0.019337 0.075502
0 0.436237 0.570828 0.028968 0.100790
0 0.990173 0.605571 0.019654 0.123649
0 0.077024 0.482918 0.022875 0.078110
0 0.551486 0.486255 0.022338 0.067660
0 0.592146 0.747716 0.033987 0.138680
0 0.308132 0.431026 0.015755 0.056811
0 0.469823 0.417587 0.010792 0.045100
0 0.740360 0.413579 0.017208 0.044234
0 0.557168 0.399588 0.012611 0.042996
0 0.799058 0.409391 0.011198 0.052165
0 0.821951 0.506591 0.022310 0.085969
0 0.915995 0.460672 0.022576 0.073581
2 0.231741 0.406850 0.012542 0.030104
0 0.692947 0.454518 0.019126 0.069089
2 0.693156 0.454703 0.019485 0.068339
2 0.551486 0.486234 0.022374 0.068116