0 0.370852 0.424384 0.018351 0.055073
0 0.401351 0.610292 0.024216 0.108891
2 0.590737 0.430357 0.020429 0.052790
0 0.992200 0.465077 0.015600 0.071783
0 0.318004 0.427350 0.011275 0.060257
0 0.623446 0.426276 0.013375 0.048985
0 0.379633 0.489332 0.020162 0.068661
0 0.276061 0.511729 0.022059 0.067666
0 0.253214 0.450796 0.019823 0.070379
0 0.644498 0.463908 0.019616 0.050137
0 0.933212 0.488630 0.017506 0.073267
0 0.517437 0.427335 0.016099 0.044612
0 0.624274 0.387298 0.010712 0.041753
0 0.969578 0.503753 0.027073 0.082513
0 0.127848 0.507826 0.018782 0.075347
0 0.116338 0.469912 0.016784 0.060241
0 0.572565 0.451277 0.015078 0.056793
0 0.525751 0.394027 0.011482 0.052183
2 0.543507 0.441312 0.012127 0.056043
0 0.440904 0.408466 0.013278 0.061505
0 0.543593 0.441164 0.012377 0.057140
2 0.236568 0.447493 0.014315 0.064450
0 0.236953 0.447880 0.015666 0.063272
2 0.440957 0.408315 0.013309 0.061330
0 0.966291 0.498136 0.020794 0.069020