0 0.342049 0.567154 0.025682 0.091751
0 0.583701 0.367809 0.011620 0.047104
0 0.556897 0.398403 0.017220 0.040821
0 0.631609 0.392591 0.013407 0.058774
0 0.544686 0.430102 0.016468 0.052019
0 0.682666 0.356498 0.010921 0.040782
0 0.978749 0.578012 0.035591 0.094385
0 0.865959 0.329958 0.007086 0.035319
0 0.787827 0.322769 0.009427 0.034113
0 0.708338 0.338787 0.009606 0.038576
0 0.424160 0.422568 0.014883 0.055377
0 0.710885 0.424492 0.014214 0.054412
0 0.444010 0.489609 0.019202 0.068256
0 0.449192 0.489574 0.029673 0.069430
0 0.517655 0.463066 0.015380 0.064492
0 0.536888 0.471985 0.010963 0.038325
0 0.415432 0.445219 0.012302 0.063525
2 0.817004 0.304406 0.007643 0.030552
0 0.414039 0.436358 0.010443 0.047359
0 0.560049 0.450541 0.016788 0.057094
0 0.529927 0.469981 0.009125 0.037163
2 0.711045 0.424621 0.014172 0.054533