0 0.396313 0.526475 0.018358 0.080819
0 0.489060 0.499138 0.015448 0.078594
0 0.165675 0.683587 0.024481 0.116627
0 0.304382 0.719105 0.024251 0.123461
0 0.456153 0.427616 0.012499 0.057385
0 0.201447 0.484205 0.018159 0.076331
0 0.709127 0.477607 0.020204 0.070346
0 0.272961 0.465457 0.020067 0.069509
0 0.704331 0.409851 0.013017 0.054566
0 0.315580 0.412694 0.010363 0.043205
0 0.650099 0.409889 0.017279 0.056262
2 0.472103 0.413139 0.009345 0.048312
0 0.932366 0.494732 0.025293 0.083606
0 0.246642 0.432409 0.019304 0.061470
0 0.521890 0.064126 0.011734 0.060223
0 0.879611 0.419538 0.012461 0.054600
0 0.296058 0.392107 0.012584 0.046887
2 0.895660 0.426446 0.017343 0.067305
0 0.646863 0.408984 0.011383 0.055740
2 0.932412 0.494183 0.024179 0.084319
2 0.296172 0.392296 0.012528 0.047914
0 0.881330 0.423807 0.015257 0.064913