0 0.527570 0.499114 0.010696 0.053874
0 0.111308 0.491354 0.012310 0.056401
0 0.200278 0.421162 0.008572 0.036916
0 0.479241 0.404706 0.007925 0.030528
0 0.672168 0.632166 0.020279 0.086622
0 0.166247 0.620511 0.025591 0.084684
0 0.408751 0.415923 0.007779 0.035355
0 0.842850 0.426427 0.009950 0.040552
0 0.127319 0.504885 0.013051 0.053520
0 0.372702 0.527399 0.012613 0.060932
0 0.356027 0.641996 0.017174 0.083854
0 0.355701 0.510443 0.017738 0.051690
0 0.641346 0.489781 0.012004 0.054577
0 0.603381 0.422870 0.007775 0.040068
0 0.804918 0.367802 0.005915 0.028484
2 0.224082 0.395120 0.004860 0.014315
0 0.545748 0.747361 0.049502 0.113872
0 0.267554 0.394122 0.006249 0.026065
2 0.829089 0.648236 0.018840 0.087845
0 0.633573 0.837715 0.026185 0.123146
0 0.326384 0.673589 0.021382 0.095582
2 0.603336 0.422802 0.007673 0.040331
0 0.538294 0.751021 0.038742 0.117687