0 0.228831 0.452784 0.009613 0.044639
0 0.051157 0.446890 0.014379 0.041746
0 0.126454 0.433754 0.010422 0.036237
0 0.466296 0.510317 0.013034 0.058534
0 0.107659 0.594589 0.021095 0.073560
0 0.241507 0.544743 0.016470 0.066780
0 0.819569 0.442914 0.012203 0.046374
0 0.502362 0.518830 0.016963 0.064902
0 0.355862 0.435482 0.008058 0.037799
0 0.261715 0.794347 0.034387 0.124217
0 0.455912 0.625629 0.020822 0.090724
0 0.588904 0.767985 0.017075 0.046555
0 0.783326 0.367103 0.007722 0.027399
0 0.577173 0.614449 0.020451 0.086036
2 0.372018 0.769160 0.023749 0.108321
2 0.041724 0.405095 0.006491 0.018135
0 0.371935 0.769209 0.024444 0.108895
0 0.766584 0.358544 0.005921 0.020933
2 0.577328 0.614821 0.020216 0.085498
0 0.002822 0.761818 0.005644 0.096686
0 0.833958 0.381804 0.007421 0.019799
2 0.040991 0.398824 0.005937 0.028175
0 0.253268 0.764299 0.015703 0.063179
0 0.335533 0.219920 0.007195 0.039573