0 0.029315 0.505629 0.019096 0.080446
0 0.554727 0.432754 0.018396 0.070103
0 0.258773 0.447546 0.016939 0.066721
0 0.224186 0.368481 0.012225 0.051696
0 0.424882 0.373711 0.011723 0.053741
0 0.410674 0.485145 0.015431 0.079170
0 0.147114 0.430338 0.016105 0.067329
0 0.494684 0.369717 0.009348 0.047047
0 0.103669 0.454384 0.013189 0.072569
0 0.275980 0.368856 0.008917 0.044885
0 0.528175 0.491521 0.015201 0.080644
0 0.051928 0.625770 0.030323 0.104775
2 0.295826 0.444460 0.014788 0.070691
0 0.196761 0.378905 0.012273 0.051866
0 0.295930 0.444119 0.014740 0.070829
0 0.374335 0.302683 0.010642 0.033404
0 0.553942 0.102962 0.007829 0.041255