0 0.623142 0.476793 0.018218 0.073222
0 0.035370 0.651656 0.020575 0.108725
0 0.167251 0.499133 0.014975 0.081003
0 0.941373 0.498877 0.030653 0.085236
0 0.433914 0.616213 0.015383 0.097486
0 0.676003 0.470973 0.020850 0.078222
0 0.744910 0.426144 0.019477 0.058551
0 0.386182 0.450355 0.011178 0.065500
0 0.651538 0.474979 0.011017 0.065415
0 0.529444 0.453972 0.014437 0.075202
0 0.837884 0.515379 0.015379 0.090285
0 0.102238 0.462667 0.013664 0.066740
0 0.706884 0.476026 0.016343 0.076269
0 0.868758 0.940954 0.036129 0.118093
0 0.747685 0.425186 0.013580 0.058429
0 0.711583 0.439271 0.016229 0.058597
0 0.530596 0.440574 0.013315 0.056799
0 0.376733 0.431871 0.011607 0.063015
0 0.532240 0.409333 0.010317 0.034107
0 0.376877 0.440317 0.010096 0.050174
2 0.651514 0.475157 0.011271 0.065138
0 0.375603 0.423068 0.009206 0.044686