0 0.796425 0.461426 0.018295 0.071019
0 0.524636 0.531015 0.014578 0.083490
0 0.582628 0.453824 0.017655 0.060487
0 0.274823 0.512671 0.020057 0.071922
0 0.630347 0.428300 0.012395 0.058571
0 0.538299 0.619994 0.019623 0.098090
0 0.451942 0.473342 0.013361 0.062075
0 0.838677 0.562725 0.018167 0.096449
0 0.544023 0.495209 0.021070 0.077521
0 0.405740 0.460337 0.014694 0.068253
0 0.318578 0.481392 0.013439 0.068099
0 0.599601 0.497741 0.016562 0.080977
0 0.430789 0.462870 0.013576 0.065502
0 0.720598 0.486879 0.011892 0.063834
0 0.701659 0.453386 0.012224 0.059884
2 0.709324 0.482355 0.015457 0.070626
1 0.318095 0.480782 0.012993 0.066557