0 0.841552 0.436765 0.013383 0.066229
0 0.404811 0.441915 0.023856 0.068427
0 0.483772 0.422862 0.015141 0.059666
0 0.655828 0.667184 0.027715 0.123281
0 0.619587 0.477393 0.012952 0.078556
0 0.211916 0.508742 0.014607 0.087266
2 0.731411 0.447161 0.016512 0.064898
2 0.579288 0.424127 0.016930 0.061941
2 0.632335 0.438479 0.014405 0.058043
0 0.679461 0.434013 0.015306 0.062605
0 0.454800 0.064037 0.012449 0.061468
0 0.632061 0.438662 0.014600 0.059328
0 0.249596 0.733420 0.023946 0.133905
2 0.310928 0.393500 0.013191 0.053264
0 0.462288 0.422385 0.013364 0.058184
0 0.842387 0.398911 0.011247 0.032491
0 0.301746 0.416294 0.012631 0.057240
2 0.779233 0.387760 0.011152 0.050322
0 0.668774 0.425143 0.016521 0.058532
0 0.454867 0.028547 0.007583 0.032179
0 0.553218 0.405309 0.011721 0.044945
2 0.668776 0.425399 0.016791 0.058507
0 0.729461 0.432186 0.013025 0.035610