0 0.355486 0.541932 0.016301 0.063542
0 0.790738 0.445576 0.009922 0.042774
0 0.453151 0.647562 0.019262 0.084748
0 0.512284 0.459825 0.011772 0.048091
0 0.607476 0.474407 0.009974 0.044599
0 0.657006 0.409894 0.007800 0.030293
0 0.645842 0.527045 0.022955 0.063816
0 0.524484 0.603803 0.018830 0.079121
0 0.305752 0.631338 0.025095 0.080695
0 0.706865 0.501677 0.016002 0.051215
0 0.587381 0.416014 0.007091 0.034690
0 0.957805 0.448735 0.009469 0.041455
0 0.660197 0.533725 0.013839 0.049254
0 0.328487 0.423812 0.010055 0.036303
0 0.472480 0.766390 0.032223 0.060700
0 0.411156 0.726227 0.029481 0.066867
0 0.655864 0.380464 0.006594 0.025408