0 0.352351 0.558133 0.018277 0.092824
0 0.492366 0.463369 0.015803 0.057850
0 0.829331 0.504382 0.019571 0.077882
0 0.321741 0.466620 0.014218 0.070427
0 0.885884 0.470932 0.012374 0.061772
0 0.978452 0.522372 0.018116 0.078448
0 0.568583 0.439729 0.014770 0.050058
0 0.053332 0.603634 0.024278 0.094906
0 0.906094 0.577430 0.017072 0.089716
0 0.158469 0.507806 0.016546 0.075576
0 0.104270 0.480143 0.014693 0.065796
0 0.599219 0.542162 0.018926 0.085789
0 0.564678 0.504206 0.011927 0.066181
0 0.382684 0.475715 0.018190 0.067504
0 0.929559 0.467500 0.014306 0.062938
2 0.564816 0.504739 0.011774 0.066975
2 0.295317 0.449620 0.011121 0.061968
2 0.599160 0.541513 0.018996 0.086054
2 0.929554 0.467825 0.014245 0.064118
0 0.403715 0.427006 0.012704 0.049510
0 0.982944 0.862508 0.034112 0.176446