0 0.017276 0.547281 0.020548 0.093053
0 0.172029 0.520366 0.017894 0.082037
0 0.879589 0.492124 0.019313 0.080251
0 0.939583 0.432116 0.021347 0.068208
0 0.962905 0.787087 0.026176 0.153918
0 0.706827 0.471953 0.017902 0.076359
0 0.654557 0.485188 0.016129 0.069811
0 0.409485 0.457606 0.013114 0.068322
0 0.773286 0.414080 0.011796 0.055847
2 0.971472 0.436920 0.011275 0.049320
0 0.161654 0.421157 0.011484 0.053550
0 0.788255 0.417399 0.013600 0.057262
0 0.354090 0.444732 0.014525 0.064694
0 0.533450 0.424145 0.012226 0.048113
0 0.248363 0.872668 0.039815 0.181293
0 0.996838 0.512571 0.006325 0.093511
3 0.259625 0.439616 0.005669 0.011546
0 0.997091 0.490675 0.005818 0.055625
0 0.567474 0.056738 0.013164 0.067944
0 0.996436 0.524353 0.007128 0.080912