0 0.843363 0.510439 0.021415 0.073723
0 0.723484 0.389119 0.011871 0.046526
0 0.573907 0.498987 0.013284 0.067029
0 0.415706 0.489172 0.014507 0.062666
0 0.602121 0.476277 0.013858 0.066073
0 0.764665 0.370971 0.008788 0.041934
0 0.559320 0.416339 0.016095 0.041609
0 0.891426 0.366931 0.010472 0.038117
0 0.347643 0.528629 0.021720 0.077581
0 0.701087 0.429609 0.010832 0.058560
0 0.444460 0.452425 0.020353 0.045946
0 0.662624 0.419927 0.010243 0.047568
0 0.573136 0.366809 0.008376 0.041091
0 0.626559 0.362780 0.008799 0.040533
0 0.520778 0.377911 0.011271 0.042491
0 0.565847 0.372669 0.009266 0.039007
0 0.632704 0.371003 0.008340 0.038640
0 0.473648 0.455511 0.015153 0.052284
0 0.876079 0.754257 0.032551 0.129297
2 0.632753 0.371362 0.008165 0.039483
0 0.789135 0.322903 0.007000 0.028171