0 0.534814 0.512123 0.015023 0.079469
0 0.122571 0.495576 0.022468 0.079131
0 0.235606 0.411563 0.014013 0.056565
0 0.388269 0.703638 0.029709 0.129344
0 0.287646 0.371752 0.008150 0.042284
0 0.841723 0.390698 0.020588 0.058433
0 0.313797 0.571710 0.020637 0.105754
0 0.185452 0.413944 0.020735 0.062185
0 0.504470 0.419959 0.014513 0.060709
0 0.353123 0.444818 0.013806 0.060033
0 0.860467 0.533135 0.029075 0.092904
0 0.619302 0.525852 0.019148 0.090231
2 0.866726 0.494325 0.020683 0.093846
0 0.777387 0.424884 0.018616 0.068410
0 0.437092 0.363413 0.006409 0.028185
0 0.334236 0.358730 0.009707 0.036492
0 0.480747 0.430744 0.015315 0.057321
0 0.477564 0.422349 0.009005 0.039494
0 0.455878 0.379004 0.015351 0.040805
0 0.585086 0.079285 0.010198 0.059289
0 0.451198 0.377134 0.007528 0.040115
0 0.482368 0.442851 0.014892 0.039498
0 0.865052 0.503021 0.024812 0.111958