0 0.534898 0.444407 0.018851 0.071546
0 0.602161 0.463544 0.013791 0.064254
0 0.825917 0.456186 0.014489 0.064257
0 0.289269 0.662688 0.034836 0.109378
0 0.383239 0.527651 0.021785 0.090213
0 0.788136 0.584270 0.028957 0.099049
0 0.641738 0.668440 0.040613 0.122968
0 0.864269 0.482041 0.012025 0.075983
0 0.936468 0.505661 0.027680 0.083641
0 0.270037 0.522009 0.026768 0.088534
0 0.799363 0.509768 0.015785 0.076242
2 0.736995 0.443189 0.015478 0.058713
0 0.736999 0.443378 0.015617 0.057827
2 0.630712 0.407418 0.009363 0.027156