0 0.748957 0.441591 0.020188 0.063336
0 0.138428 0.646999 0.024854 0.113340
0 0.269390 0.458282 0.018766 0.065050
0 0.862839 0.449702 0.018483 0.059771
0 0.442361 0.512033 0.027058 0.083512
0 0.794789 0.481705 0.031501 0.076705
0 0.462311 0.421125 0.009414 0.048670
0 0.549960 0.459483 0.021940 0.070223
0 0.913817 0.415229 0.011996 0.055360
2 0.404740 0.406447 0.013179 0.056169
0 0.404702 0.406968 0.012487 0.055401
0 0.628321 0.458785 0.016373 0.061441
2 0.914112 0.528230 0.027044 0.084865
0 0.914151 0.527702 0.026925 0.086786
2 0.549918 0.459410 0.021817 0.069118
0 0.828082 0.056887 0.013001 0.061544
0 0.661133 0.448055 0.019419 0.054584
0 0.657875 0.446970 0.013059 0.056683
0 0.830025 0.018591 0.008611 0.037182