0 0.540246 0.397934 0.012265 0.061022
0 0.751006 0.495986 0.019680 0.070796
0 0.386064 0.495006 0.022156 0.079737
0 0.918864 0.463874 0.015263 0.066664
0 0.817744 0.352859 0.010969 0.045415
0 0.956039 0.648116 0.029592 0.119455
0 0.979984 0.402947 0.023219 0.054375
0 0.856384 0.379610 0.011610 0.050909
0 0.592157 0.512619 0.016499 0.072506
0 0.744372 0.449142 0.015868 0.066351
0 0.914051 0.735510 0.022269 0.124248
0 0.287573 0.383976 0.012776 0.054116
2 0.717234 0.337154 0.007998 0.017400
2 0.287500 0.383912 0.012626 0.054018