0 0.847127 0.487566 0.027591 0.075300
0 0.379489 0.498358 0.019008 0.069546
0 0.241721 0.471607 0.017733 0.070655
0 0.400749 0.515484 0.027024 0.085015
0 0.777636 0.458832 0.021392 0.068960
0 0.131281 0.519362 0.028780 0.092374
0 0.982997 0.674315 0.033846 0.117848
0 0.423145 0.450542 0.018689 0.051271
0 0.627548 0.492435 0.016712 0.067894
0 0.006304 0.559693 0.012609 0.082391
0 0.123405 0.486406 0.019050 0.038719
0 0.472947 0.448181 0.029437 0.060728
0 0.996166 0.547001 0.007669 0.093681
0 0.996507 0.524690 0.006985 0.047063
0 0.470597 0.443351 0.013608 0.049939
0 0.457555 0.449993 0.017789 0.058038
0 0.995173 0.529759 0.009502 0.057173
0 0.470047 0.446918 0.020290 0.057838
2 0.995712 0.565506 0.008577 0.069097