0 0.463167 0.577364 0.029019 0.100175
0 0.534332 0.437567 0.021713 0.063109
0 0.074773 0.485243 0.021766 0.076573
0 0.729402 0.456888 0.016918 0.063759
0 0.652904 0.420472 0.017853 0.059902
0 0.365450 0.460497 0.019042 0.076407
0 0.574973 0.401915 0.011121 0.049497
0 0.480287 0.427772 0.023628 0.056106
0 0.325187 0.447793 0.018140 0.057207
0 0.328335 0.447807 0.011610 0.056648
0 0.624872 0.497870 0.021486 0.079678
0 0.483721 0.427166 0.016181 0.053444
2 0.133711 0.416339 0.017989 0.054213
2 0.545490 0.390524 0.010877 0.044467
2 0.029694 0.713580 0.027464 0.126408
0 0.470943 0.404157 0.010442 0.052371
0 0.017297 0.053724 0.014026 0.067091
0 0.376662 0.440302 0.012344 0.052973
2 0.624920 0.497841 0.021337 0.080187
0 0.104045 0.427216 0.009411 0.052574
0 0.101310 0.433956 0.019470 0.064855
0 0.133463 0.416539 0.018781 0.053911