0 0.706146 0.640634 0.030187 0.127001
0 0.821683 0.459860 0.018106 0.069783
0 0.062175 0.457919 0.015026 0.065086
0 0.324205 0.496003 0.015590 0.076841
0 0.397876 0.474546 0.024376 0.077038
0 0.325602 0.418159 0.011748 0.056008
0 0.249053 0.604944 0.026585 0.108437
0 0.284404 0.474616 0.012021 0.061081
0 0.556770 0.429113 0.024210 0.060472
2 0.205913 0.447237 0.011853 0.053173
0 0.293786 0.467167 0.014210 0.071458
0 0.043691 0.458586 0.016566 0.060570
2 0.043617 0.458056 0.016082 0.061688
2 0.293928 0.465403 0.013926 0.069198
0 0.205804 0.447020 0.011385 0.053852