0 0.550831 0.341778 0.006992 0.038760
0 0.343382 0.407882 0.016252 0.060650
0 0.610408 0.344709 0.011627 0.039488
0 0.435414 0.440691 0.011794 0.065014
0 0.377452 0.698401 0.031437 0.119068
0 0.505839 0.351415 0.009291 0.047975
0 0.485238 0.425496 0.015022 0.064144
0 0.577463 0.510381 0.015959 0.083016
0 0.942201 0.401614 0.018261 0.058731
0 0.682922 0.490779 0.016851 0.072658
0 0.790566 0.337984 0.009947 0.042232
0 0.755776 0.503684 0.014076 0.075637
0 0.599427 0.409163 0.009077 0.058702
0 0.209167 0.501885 0.017557 0.076075
0 0.277597 0.342499 0.009682 0.040111
0 0.465404 0.507060 0.017978 0.070186
0 0.522501 0.337224 0.007111 0.039983
0 0.859479 0.389709 0.011933 0.053225
2 0.553227 0.387558 0.013923 0.053033
0 0.326114 0.505150 0.020569 0.076730
2 0.429657 0.368944 0.011636 0.050661
0 0.429673 0.368867 0.011910 0.050515
2 0.592483 0.291583 0.005783 0.024527
0 0.841392 0.094460 0.009276 0.052195