0 0.509482 0.583310 0.019777 0.101263
0 0.453023 0.533941 0.017831 0.084263
0 0.685530 0.443660 0.012551 0.054116
0 0.640334 0.459954 0.016450 0.054875
0 0.357610 0.502976 0.018884 0.069125
0 0.664524 0.421194 0.012139 0.048165
0 0.656886 0.498641 0.015193 0.066995
0 0.496775 0.460476 0.012686 0.056328
0 0.325747 0.498409 0.018520 0.063930
0 0.196780 0.532767 0.017582 0.071471
0 0.447980 0.498172 0.012104 0.030925
0 0.273819 0.533650 0.022359 0.082354
0 0.254864 0.538213 0.015664 0.073616
0 0.329338 0.542606 0.017356 0.078598
2 0.624657 0.417122 0.015712 0.050493
0 0.203297 0.530192 0.029515 0.078779
2 0.328972 0.542397 0.018565 0.078506
0 0.266483 0.536345 0.037576 0.079301
0 0.624214 0.417361 0.015700 0.050720