0 0.132093 0.499309 0.025160 0.072372
0 0.523033 0.410162 0.012023 0.055529
0 0.168913 0.423505 0.016740 0.063013
0 0.439025 0.617624 0.033866 0.106049
0 0.490720 0.450615 0.019254 0.059146
0 0.318714 0.574696 0.025882 0.093185
0 0.111923 0.423479 0.024260 0.054307
0 0.025105 0.514859 0.024552 0.071471
0 0.669179 0.574822 0.034924 0.077371
0 0.558173 0.396836 0.013011 0.049639
0 0.172195 0.498358 0.025806 0.067559
0 0.891703 0.695648 0.033007 0.126909
0 0.358529 0.548567 0.025796 0.085836
0 0.362691 0.548514 0.017606 0.084835
0 0.414057 0.386439 0.009332 0.052165
0 0.865639 0.696830 0.029449 0.117878
2 0.609665 0.301563 0.006208 0.019555