0 0.572072 0.377523 0.010798 0.047266
0 0.557500 0.558886 0.018894 0.100667
0 0.258516 0.398805 0.016617 0.051338
0 0.305433 0.377580 0.011841 0.045936
0 0.244353 0.460036 0.014976 0.077387
0 0.373497 0.350860 0.010531 0.038525
0 0.736623 0.494579 0.016756 0.089606
0 0.215365 0.562216 0.026608 0.089953
0 0.268942 0.489750 0.018471 0.071763
0 0.270703 0.428061 0.014770 0.063074
0 0.427592 0.439619 0.019869 0.063530
0 0.677215 0.416457 0.016422 0.060690
0 0.517637 0.453398 0.018068 0.049006
0 0.192861 0.433387 0.016270 0.064928
2 0.416230 0.403242 0.011885 0.050333
0 0.195797 0.399434 0.014197 0.047528
0 0.495362 0.435808 0.015776 0.047152
0 0.079121 0.458696 0.020084 0.073630
0 0.416291 0.403614 0.011458 0.050912
0 0.496845 0.441006 0.017948 0.058617
0 0.701971 0.084748 0.009501 0.047540