0 0.367429 0.649379 0.025256 0.110336
0 0.718510 0.449976 0.012844 0.069013
0 0.496128 0.503534 0.014601 0.079256
0 0.919978 0.510472 0.017798 0.083127
0 0.789634 0.474753 0.017622 0.074594
0 0.026042 0.592302 0.020827 0.091602
2 0.969561 0.499143 0.015152 0.070791
0 0.949970 0.595703 0.022925 0.102124
0 0.682620 0.404700 0.015409 0.060406
2 0.822257 0.390050 0.008354 0.021933
2 0.822186 0.375977 0.009982 0.047229
1 0.445602 0.447716 0.014107 0.045453
2 0.162858 0.513902 0.011757 0.033101
0 0.969457 0.498554 0.015306 0.070271