0 0.228522 0.515960 0.017299 0.081549
0 0.298174 0.443068 0.020905 0.059737
0 0.541219 0.490650 0.016537 0.076164
0 0.500715 0.443590 0.019203 0.055057
0 0.709312 0.445414 0.021517 0.067408
0 0.758069 0.453320 0.016193 0.053454
0 0.914351 0.459636 0.018451 0.065542
0 0.962724 0.504656 0.025877 0.090212
0 0.619560 0.483126 0.019763 0.066112
0 0.657357 0.540123 0.020947 0.089294
0 0.382422 0.456280 0.017700 0.058091
0 0.587393 0.424226 0.017799 0.052689
0 0.973348 0.447371 0.015702 0.059953
0 0.605876 0.418755 0.014935 0.061454
2 0.657591 0.540128 0.021152 0.088667
0 0.451623 0.420250 0.016778 0.058747