0 0.765623 0.561918 0.019268 0.094690
0 0.854999 0.436906 0.018222 0.059841
0 0.536556 0.486793 0.024352 0.074793
0 0.505077 0.487532 0.023112 0.076145
0 0.614255 0.438914 0.013704 0.058270
0 0.409458 0.528306 0.021189 0.076613
0 0.618190 0.803956 0.030996 0.151279
0 0.187218 0.510819 0.013243 0.064693
0 0.320109 0.509977 0.018095 0.074353
0 0.416614 0.470164 0.018590 0.062141
0 0.982675 0.506968 0.017639 0.080418
0 0.617092 0.437957 0.019677 0.058725
1 0.201612 0.480864 0.016432 0.072884
0 0.629625 0.471374 0.015587 0.063130