0 0.208766 0.492219 0.012820 0.079640
0 0.343719 0.646209 0.028153 0.114972
0 0.013030 0.437264 0.015161 0.057620
0 0.742908 0.427531 0.013529 0.065130
0 0.262673 0.513166 0.016033 0.083362
0 0.330970 0.486056 0.014554 0.069593
0 0.068438 0.452190 0.015342 0.059668
0 0.601276 0.469816 0.015492 0.072268
0 0.241048 0.542314 0.015397 0.091192
0 0.247201 0.425695 0.010778 0.057874
0 0.898896 0.488596 0.020117 0.091205
2 0.908594 0.404462 0.014947 0.058556
0 0.043999 0.434388 0.012952 0.055603
2 0.591760 0.475202 0.013786 0.075442
0 0.576080 0.407733 0.010261 0.047670
0 0.591750 0.475128 0.013695 0.074128