0 0.320976 0.440940 0.010366 0.039837
0 0.343346 0.544001 0.011459 0.064782
0 0.222705 0.539372 0.018388 0.056736
0 0.487056 0.554896 0.010188 0.072047
0 0.089702 0.457328 0.009215 0.030559
0 0.807883 0.546974 0.013774 0.065339
0 0.487142 0.360658 0.005594 0.024225
2 0.439917 0.584218 0.014379 0.075868
0 0.439981 0.583430 0.014312 0.076252
2 0.767129 0.561594 0.024998 0.081759
0 0.534161 0.369469 0.005186 0.017880
0 0.562757 0.405892 0.007938 0.035367
0 0.767104 0.562019 0.025740 0.082323
2 0.807545 0.547234 0.013851 0.066908
0 0.528115 0.361611 0.005850 0.025634
0 0.755087 0.149750 0.010624 0.022426