0 0.723084 0.597873 0.032195 0.099703
0 0.116602 0.349701 0.012251 0.043578
0 0.423777 0.653239 0.022315 0.107529
0 0.224922 0.376966 0.009400 0.048794
0 0.464208 0.416732 0.012519 0.055244
0 0.244713 0.496548 0.017301 0.077129
0 0.855311 0.328319 0.013180 0.045500
0 0.303260 0.372338 0.012323 0.050012
0 0.412840 0.297976 0.008507 0.031808
0 0.790535 0.275329 0.009277 0.033071
0 0.262503 0.498677 0.013464 0.071995
0 0.716144 0.397952 0.011169 0.056579
0 0.511803 0.319085 0.010892 0.038085
0 0.372744 0.776819 0.032498 0.142910
0 0.790598 0.495710 0.017223 0.071215
0 0.602662 0.456410 0.016266 0.064518
0 0.574889 0.477107 0.020370 0.077122
2 0.407995 0.387974 0.013095 0.054334
2 0.644843 0.384590 0.015676 0.051894
0 0.646495 0.439220 0.023016 0.070059
2 0.646282 0.437806 0.022747 0.072528
0 0.597510 0.430094 0.009616 0.036208
0 0.266332 0.101391 0.008544 0.048834
3 0.822032 0.296281 0.003365 0.007064
2 0.069952 0.317544 0.007920 0.018178
2 0.261772 0.499166 0.013853 0.072000
0 0.644893 0.384360 0.015642 0.051781
0 0.407957 0.388026 0.012652 0.054950