0 0.073952 0.573427 0.020861 0.094520
0 0.111191 0.520219 0.021498 0.090227
0 0.154027 0.504617 0.011559 0.080075
0 0.311009 0.466172 0.010728 0.064085
0 0.352468 0.443447 0.014861 0.051385
0 0.579034 0.470250 0.024044 0.081028
0 0.633127 0.420702 0.015717 0.057530
0 0.406238 0.468213 0.012389 0.060759
0 0.444726 0.463821 0.012392 0.076946
0 0.434844 0.466715 0.016128 0.073523
0 0.008077 0.482288 0.015996 0.053231
0 0.560625 0.449092 0.014383 0.064158
2 0.393258 0.466311 0.011743 0.060209
0 0.454749 0.561143 0.022746 0.124935
2 0.633076 0.420807 0.015632 0.057645
0 0.393167 0.466723 0.011308 0.058799