0 0.547674 0.425658 0.010856 0.039252
0 0.971324 0.459813 0.014477 0.046613
0 0.445488 0.519025 0.022037 0.056156
0 0.585667 0.454604 0.009660 0.043420
0 0.620398 0.415506 0.008910 0.032948
0 0.768826 0.460036 0.013307 0.046386
0 0.635744 0.467124 0.009092 0.040930
0 0.351594 0.626765 0.017541 0.065289
0 0.733731 0.654162 0.022620 0.077941
0 0.654053 0.391573 0.004613 0.025845
0 0.708773 0.482296 0.012669 0.048820
0 0.437120 0.458113 0.011858 0.040807
0 0.697133 0.415833 0.007670 0.031477
0 0.770476 0.399558 0.008282 0.026427
0 0.489188 0.460032 0.011930 0.043439
0 0.705880 0.651053 0.024887 0.064618
0 0.394445 0.727375 0.028576 0.106171
0 0.385015 0.547639 0.016237 0.056062
0 0.340803 0.413131 0.007791 0.030520
0 0.808522 0.544118 0.013591 0.062433
0 0.602255 0.410040 0.006810 0.030175
0 0.640883 0.381239 0.007280 0.022220
0 0.055466 0.255675 0.012945 0.043908