0 0.949618 0.496204 0.022679 0.077847
0 0.696298 0.468394 0.020442 0.072421
0 0.521411 0.488614 0.023426 0.067331
0 0.640617 0.427858 0.017855 0.052559
0 0.505195 0.605509 0.020638 0.099169
0 0.200537 0.530934 0.017006 0.077790
0 0.767185 0.520703 0.012761 0.075725
0 0.602456 0.448546 0.019893 0.065502
2 0.486810 0.494627 0.012801 0.069869
0 0.773015 0.406121 0.011875 0.057374
0 0.426509 0.481135 0.015625 0.061920
0 0.449888 0.564631 0.021795 0.076743
0 0.861749 0.460454 0.017426 0.063931
0 0.350034 0.495675 0.016875 0.061963
0 0.486723 0.494366 0.012799 0.070316
0 0.635409 0.401916 0.011863 0.039473
2 0.861679 0.460383 0.017517 0.063704