0 0.916465 0.471457 0.020044 0.070042
0 0.705286 0.424627 0.012321 0.060736
0 0.670189 0.609722 0.031423 0.094331
0 0.651247 0.484679 0.015421 0.062875
0 0.457482 0.586353 0.031599 0.085484
0 0.961430 0.450373 0.012859 0.068297
0 0.607320 0.513302 0.022055 0.070207
0 0.339749 0.502573 0.020039 0.072924
0 0.623577 0.433336 0.018091 0.057752
0 0.735832 0.467800 0.018100 0.065879
0 0.548951 0.437828 0.014118 0.058976
0 0.568140 0.474977 0.013482 0.072198
0 0.408348 0.462647 0.015151 0.066739
0 0.519916 0.439756 0.015975 0.054842