0 0.098727 0.554624 0.019842 0.094309
0 0.708953 0.380566 0.013931 0.049947
0 0.729968 0.408077 0.013116 0.057755
0 0.887668 0.515142 0.021706 0.081105
0 0.922683 0.414517 0.011917 0.057205
0 0.732686 0.666739 0.021609 0.116084
0 0.614437 0.497248 0.024534 0.080479
0 0.649876 0.441993 0.015036 0.060051
0 0.715355 0.434418 0.014765 0.063477
0 0.106098 0.442076 0.012817 0.057044
0 0.803148 0.525788 0.013789 0.084034
2 0.408895 0.448701 0.016856 0.071702
0 0.832999 0.466434 0.017858 0.059071
0 0.639308 0.365195 0.011806 0.048871
0 0.138896 0.813107 0.046526 0.149403
0 0.985811 0.067914 0.012656 0.060392
0 0.408894 0.448477 0.017065 0.071143
2 0.639470 0.364881 0.011701 0.048161