0 0.729942 0.460861 0.020849 0.075938
0 0.841115 0.431669 0.012157 0.061519
0 0.806106 0.558312 0.017107 0.090305
0 0.570199 0.537611 0.020048 0.086962
0 0.840577 0.510142 0.016711 0.074131
0 0.546297 0.636081 0.026168 0.100425
0 0.946035 0.518306 0.019655 0.085657
0 0.458054 0.472316 0.012900 0.066616
0 0.708707 0.514631 0.019180 0.081423
0 0.340078 0.485773 0.013399 0.058164
0 0.688467 0.514304 0.018111 0.074848
0 0.688687 0.538793 0.036700 0.124545
1 0.457884 0.472502 0.012584 0.065804
0 0.500367 0.486639 0.025473 0.022276