0 0.529913 0.541910 0.022995 0.089284
0 0.499248 0.421304 0.013566 0.065170
0 0.204792 0.465292 0.021176 0.071135
0 0.406774 0.578142 0.018555 0.096711
0 0.767479 0.499588 0.016504 0.078728
0 0.557860 0.317996 0.007995 0.039904
0 0.882452 0.330713 0.007512 0.039570
0 0.635548 0.342402 0.009818 0.040643
0 0.828277 0.490667 0.020718 0.081061
0 0.458257 0.369865 0.010288 0.054592
0 0.762064 0.433643 0.012851 0.061345
0 0.928542 0.382445 0.017157 0.059902
0 0.162674 0.358789 0.012313 0.046832
0 0.958364 0.346042 0.010704 0.044248
0 0.631401 0.372404 0.010424 0.043493
2 0.705977 0.370117 0.015979 0.049693
2 0.991446 0.388301 0.015500 0.058940
0 0.729500 0.095096 0.008794 0.052519