0 0.802744 0.387810 0.012447 0.055252
0 0.925290 0.440433 0.016610 0.071439
0 0.727847 0.418743 0.014211 0.064008
0 0.477552 0.527361 0.017330 0.089130
0 0.745189 0.501334 0.013586 0.081426
0 0.289749 0.504710 0.020953 0.083920
0 0.492800 0.404502 0.012888 0.060451
0 0.412830 0.389149 0.013671 0.051308
0 0.806882 0.734437 0.024343 0.136985
0 0.339328 0.421644 0.012915 0.055750
0 0.075963 0.454448 0.011914 0.072340
0 0.504043 0.377019 0.010344 0.048068
0 0.482636 0.462588 0.014240 0.062476
0 0.411721 0.801364 0.027427 0.142178
0 0.466746 0.418559 0.014596 0.046098
0 0.467107 0.379858 0.011169 0.046027
0 0.488846 0.083905 0.009046 0.048579
2 0.339233 0.421468 0.012839 0.055569
2 0.131824 0.358872 0.009385 0.026627