0 0.141094 0.685494 0.024613 0.092894
0 0.441102 0.624147 0.018033 0.087694
0 0.184517 0.545213 0.015641 0.059081
0 0.240562 0.519000 0.012455 0.056057
0 0.019829 0.513164 0.016576 0.056874
0 0.136799 0.580166 0.016897 0.073122
0 0.375654 0.546567 0.014862 0.059462
0 0.367911 0.510423 0.008629 0.045992
0 0.523984 0.627695 0.020867 0.081730
0 0.168911 0.507691 0.013064 0.057213
0 0.616878 0.543121 0.011704 0.063382
0 0.225894 0.519442 0.011462 0.062744
0 0.659178 0.510804 0.013074 0.054188
0 0.512606 0.588396 0.016799 0.074512
0 0.006391 0.728470 0.012541 0.093680
0 0.861589 0.719842 0.035570 0.095521
0 0.192155 0.490487 0.013171 0.052454
0 0.262898 0.566911 0.016282 0.072334
0 0.179811 0.498457 0.010779 0.046264
2 0.659064 0.510869 0.012911 0.054220
0 0.984221 0.232142 0.008763 0.033005
0 0.004460 0.431510 0.008920 0.036977