0 0.962336 0.425596 0.012469 0.062574
0 0.597095 0.497539 0.019336 0.079666
0 0.819175 0.493124 0.013231 0.081652
0 0.391214 0.489289 0.010789 0.071641
2 0.673505 0.526827 0.018015 0.090299
0 0.475646 0.493666 0.018418 0.077078
0 0.895779 0.412894 0.012500 0.056644
0 0.436713 0.482489 0.018494 0.078834
0 0.996608 0.452065 0.006784 0.065205
0 0.725906 0.536403 0.021645 0.103492
0 0.428924 0.062616 0.012581 0.063672
0 0.667056 0.461737 0.013880 0.047633
2 0.657548 0.499354 0.018001 0.077009
0 0.657622 0.500238 0.018296 0.076800
2 0.419934 0.486535 0.019216 0.086315
2 0.346388 0.400285 0.009589 0.039278
0 0.429051 0.027256 0.007417 0.030942
2 0.475504 0.494070 0.018011 0.077383
0 0.419922 0.486507 0.018303 0.087158
0 0.725226 0.509406 0.013312 0.048964