0 0.478139 0.560580 0.019063 0.086700
0 0.340298 0.530288 0.014746 0.082277
0 0.600320 0.508886 0.012846 0.079192
0 0.522303 0.425088 0.011027 0.056495
0 0.541160 0.551440 0.020211 0.081146
0 0.749242 0.495865 0.010079 0.045197
0 0.635834 0.513352 0.019471 0.076764
0 0.391515 0.413406 0.012065 0.050124
0 0.618984 0.457984 0.012735 0.052327
0 0.327458 0.520688 0.010686 0.068614
2 0.327669 0.521757 0.010984 0.069038
0 0.746425 0.463595 0.011751 0.037239
2 0.710601 0.471988 0.013703 0.061794
2 0.365147 0.534665 0.018356 0.077279
2 0.621391 0.511861 0.013985 0.077647
0 0.365240 0.534246 0.017817 0.075908