0 0.187805 0.529300 0.018247 0.055401
0 0.199995 0.437995 0.013141 0.037165
0 0.530616 0.484625 0.010704 0.055072
0 0.608294 0.590293 0.023949 0.083109
0 0.471186 0.687796 0.014151 0.098487
0 0.202501 0.484904 0.015742 0.048853
0 0.208134 0.419175 0.009956 0.032529
0 0.354635 0.575563 0.015581 0.070603
0 0.503336 0.515675 0.009793 0.062671
0 0.426298 0.442422 0.012990 0.043281
0 0.632053 0.361087 0.006266 0.025755
0 0.656079 0.413815 0.009526 0.038193
0 0.005080 0.496141 0.010027 0.047980
0 0.449661 0.516378 0.014869 0.062740
0 0.047368 0.602273 0.026007 0.080040
2 0.297114 0.488817 0.017418 0.054196
2 0.059965 0.402955 0.008027 0.030120
0 0.240263 0.531236 0.017665 0.054049
2 0.240185 0.531149 0.017384 0.054198
0 0.177107 0.217079 0.008492 0.047059
2 0.769375 0.723588 0.009647 0.038249
2 0.354775 0.575239 0.015778 0.070982