0 0.345240 0.550039 0.017076 0.093693
0 0.091956 0.500785 0.013621 0.078570
0 0.416638 0.445705 0.013877 0.066878
0 0.572640 0.420951 0.014412 0.065850
0 0.802329 0.490428 0.017123 0.090369
0 0.449945 0.450577 0.011769 0.063824
0 0.242912 0.432887 0.010665 0.055618
0 0.398558 0.537045 0.021429 0.095209
0 0.610751 0.871841 0.032012 0.164972
2 0.123228 0.493345 0.017504 0.071134
0 0.998164 0.412473 0.003671 0.058721
0 0.122433 0.493543 0.018553 0.069463
0 0.554636 0.416263 0.011164 0.029974
2 0.398386 0.536870 0.021345 0.094082