0 0.392475 0.618394 0.017591 0.078846
0 0.507452 0.799531 0.025866 0.121515
0 0.543506 0.514467 0.015681 0.053107
0 0.322773 0.429781 0.009351 0.033637
0 0.640250 0.456816 0.010693 0.049069
0 0.209116 0.511178 0.011377 0.057125
0 0.841426 0.432052 0.011271 0.043791
0 0.203848 0.414181 0.006898 0.032313
0 0.801608 0.551031 0.014870 0.074323
0 0.482606 0.406940 0.007631 0.031516
0 0.122934 0.449348 0.012561 0.039488
0 0.192969 0.545231 0.012390 0.058881
0 0.443446 0.611010 0.018587 0.078904
0 0.038765 0.650723 0.027190 0.089382
0 0.021695 0.545071 0.016375 0.071136
2 0.123221 0.449910 0.012926 0.040061
0 0.034322 0.545083 0.015010 0.068803
0 0.037434 0.559619 0.014162 0.037073
0 0.358301 0.763968 0.031220 0.109862
2 0.664007 0.521056 0.019923 0.050256
0 0.846882 0.384420 0.008414 0.018706
0 0.036876 0.554025 0.015033 0.049868
0 0.198138 0.389997 0.007352 0.028034