0 0.157660 0.427659 0.014522 0.059645
0 0.230825 0.612467 0.024876 0.100317
0 0.436814 0.392661 0.012034 0.052510
2 0.490212 0.556962 0.020657 0.081426
2 0.173174 0.426536 0.016085 0.057433
0 0.226088 0.391369 0.011315 0.053141
0 0.470683 0.467182 0.013481 0.067653
0 0.323590 0.369788 0.007446 0.048784
0 0.165589 0.546230 0.020747 0.081376
0 0.206664 0.398913 0.012549 0.052131
2 0.252379 0.510283 0.019577 0.075278
0 0.540412 0.562473 0.020980 0.086112
0 0.462143 0.429082 0.012223 0.058919
0 0.422464 0.480778 0.020965 0.069905
0 0.311732 0.556074 0.028178 0.085071
0 0.291878 0.379678 0.012374 0.026086
0 0.118482 0.745742 0.033133 0.133361
0 0.088344 0.471027 0.013602 0.060292
2 0.378654 0.441806 0.017238 0.063545
2 0.357928 0.508758 0.015855 0.079324
0 0.358087 0.509338 0.015571 0.079012
0 0.395802 0.364013 0.014810 0.046619
2 0.396119 0.363948 0.014407 0.046796
0 0.507044 0.486675 0.014648 0.069876
0 0.375160 0.425534 0.010292 0.033904
0 0.121280 0.452788 0.020303 0.064597
0 0.323859 0.957151 0.012610 0.064478
0 0.708166 0.057498 0.009863 0.027637
0 0.390167 0.407140 0.014982 0.022419
0 0.093966 0.445024 0.008427 0.033739
2 0.495090 0.488921 0.016182 0.068988