0 0.143119 0.489875 0.020799 0.079118
0 0.500328 0.446602 0.021199 0.064566
0 0.385463 0.469902 0.019198 0.067316
0 0.361722 0.431960 0.015012 0.065980
0 0.179503 0.483668 0.018462 0.067025
0 0.208953 0.459273 0.022613 0.066589
0 0.604247 0.459176 0.031614 0.070466
0 0.718952 0.405777 0.012063 0.051924
0 0.521562 0.515007 0.020543 0.072478
0 0.862952 0.479291 0.022716 0.078542
0 0.984463 0.473666 0.013254 0.077895
0 0.646420 0.517010 0.025517 0.079172
0 0.681919 0.414164 0.018437 0.057359
0 0.839147 0.811993 0.047147 0.139870
0 0.817595 0.534641 0.018758 0.071376
0 0.930395 0.543926 0.036436 0.027453
0 0.819759 0.548455 0.021320 0.097718
2 0.454079 0.369259 0.007221 0.021943
0 0.899334 0.632789 0.034180 0.106203
0 0.749426 0.521494 0.016744 0.063146
0 0.760762 0.073554 0.011697 0.061011
0 0.984366 0.545357 0.029745 0.104850