0 0.553940 0.527116 0.016575 0.090040
0 0.318457 0.443502 0.016319 0.069136
0 0.025478 0.371026 0.012146 0.056674
0 0.152433 0.488038 0.015097 0.078701
0 0.342659 0.429676 0.014562 0.071770
0 0.157684 0.286811 0.007489 0.036617
0 0.183708 0.458677 0.012945 0.074862
0 0.378547 0.389242 0.009746 0.042462
0 0.651460 0.427269 0.012166 0.056587
0 0.230984 0.298554 0.008582 0.024227
2 0.047050 0.554277 0.024431 0.103030
0 0.285240 0.321583 0.010333 0.043783
0 0.066700 0.536996 0.018219 0.081470
0 0.375858 0.419531 0.006234 0.023472
0 0.465494 0.531073 0.024921 0.093050
0 0.412299 0.392866 0.018864 0.065802
2 0.465623 0.530841 0.024640 0.092171
2 0.522458 0.423971 0.010579 0.064213
2 0.324277 0.375566 0.014664 0.049807
2 0.743174 0.360198 0.010896 0.051045
2 0.412212 0.393221 0.019074 0.065674
0 0.522365 0.423615 0.010426 0.063829
0 0.046729 0.554992 0.024324 0.102563
2 0.183901 0.459400 0.012872 0.075353
2 0.071817 0.365776 0.012432 0.049267
0 0.071843 0.365607 0.012175 0.050265
2 0.066653 0.537111 0.018217 0.082731
3 0.221848 0.307877 0.003504 0.006930