0 0.490371 0.759102 0.025251 0.107694
0 0.345978 0.429393 0.007236 0.040916
0 0.401482 0.549686 0.013803 0.069574
0 0.414934 0.459404 0.008666 0.049357
0 0.309245 0.633101 0.018123 0.084530
0 0.128587 0.501023 0.013951 0.053314
0 0.062126 0.698750 0.025513 0.101474
0 0.694205 0.422518 0.008679 0.039683
0 0.015137 0.717427 0.030125 0.097631
2 0.513385 0.567046 0.015938 0.074529
0 0.502827 0.680005 0.017257 0.086321
2 0.366691 0.437448 0.009204 0.039053
0 0.634004 0.361256 0.006179 0.026073
2 0.466516 0.630712 0.023701 0.080166
0 0.676587 0.698735 0.013008 0.047010
0 0.165926 0.215163 0.008958 0.044940
2 0.030270 0.407733 0.006738 0.026357
0 0.513364 0.567428 0.016038 0.075178
0 0.151589 0.811011 0.034416 0.126274
0 0.932285 0.135023 0.013230 0.027332
2 0.520568 0.644810 0.015848 0.076318
0 0.668605 0.372274 0.006412 0.018159