0 0.700934 0.532649 0.017657 0.085524
0 0.452689 0.395667 0.015967 0.059750
0 0.647516 0.461325 0.020443 0.072420
0 0.791314 0.359772 0.014880 0.049262
0 0.358988 0.362629 0.010230 0.048148
0 0.145158 0.465470 0.018630 0.072939
0 0.217524 0.680614 0.029687 0.113864
0 0.385001 0.462082 0.016536 0.069105
0 0.088995 0.519608 0.026172 0.078355
0 0.657089 0.502231 0.016644 0.073589
0 0.199814 0.356027 0.008736 0.041410
0 0.103690 0.778044 0.032786 0.141314
0 0.789367 0.306563 0.010081 0.024161
0 0.992313 0.741482 0.015374 0.063059
0 0.130154 0.478454 0.012207 0.055169
3 0.367800 0.478059 0.004810 0.012562
0 0.098272 0.088196 0.010694 0.054214