0 0.382989 0.485742 0.013387 0.077254
0 0.291568 0.471554 0.014916 0.075492
0 0.745035 0.468119 0.019783 0.071504
0 0.820711 0.454112 0.016082 0.068162
0 0.988392 0.429972 0.012037 0.064216
0 0.623049 0.449294 0.015149 0.063991
0 0.479725 0.386657 0.009023 0.047220
0 0.805628 0.422006 0.012276 0.054845
0 0.459820 0.390555 0.011247 0.045951
0 0.727730 0.487377 0.020963 0.082502
0 0.197279 0.469346 0.012473 0.056499
2 0.647521 0.421079 0.010480 0.054873
0 0.317876 0.442859 0.011956 0.047432
0 0.309558 0.431644 0.011238 0.057991
0 0.225139 0.460572 0.012188 0.060837
2 0.550326 0.440675 0.015875 0.056283
0 0.275275 0.442833 0.009948 0.045638
0 0.554019 0.415781 0.009081 0.050478
0 0.167209 0.491185 0.032203 0.019678
0 0.647597 0.420892 0.010302 0.055172