0 0.367293 0.683905 0.023615 0.098684
0 0.069838 0.475172 0.011613 0.050572
0 0.194198 0.698568 0.014514 0.098915
0 0.190454 0.831998 0.027878 0.088390
0 0.236426 0.443314 0.009182 0.041435
0 0.753133 0.603194 0.016243 0.072299
2 0.362651 0.772687 0.025600 0.107992
0 0.290760 0.485883 0.013341 0.057291
0 0.600123 0.428499 0.008401 0.042514
0 0.348327 0.457429 0.010511 0.049730
0 0.483414 0.668469 0.017823 0.093765
2 0.453162 0.669965 0.018368 0.083940
0 0.524632 0.358388 0.005531 0.025848
0 0.452880 0.669498 0.017049 0.082258
0 0.572619 0.678963 0.029265 0.099177
2 0.572576 0.678977 0.030701 0.099173
2 0.348311 0.457560 0.010620 0.049521
2 0.753093 0.603832 0.015763 0.073668
0 0.289720 0.476949 0.011629 0.039363
0 0.025602 0.209446 0.010356 0.050860