0 0.206246 0.458957 0.021811 0.073639
0 0.570924 0.329339 0.009800 0.040575
0 0.385971 0.517632 0.024637 0.084815
0 0.628366 0.493790 0.024020 0.085135
0 0.894887 0.332171 0.009274 0.045019
0 0.624327 0.493987 0.015572 0.084727
0 0.812552 0.293360 0.009205 0.035434
0 0.765182 0.435358 0.020511 0.061993
0 0.425677 0.447158 0.015802 0.062722
2 0.667706 0.393770 0.012198 0.060155
0 0.322301 0.474682 0.018896 0.080294
2 0.641533 0.401927 0.013836 0.062286
0 0.858595 0.302027 0.009550 0.030189
0 0.607097 0.412156 0.012309 0.058191
0 0.428211 0.539691 0.020827 0.092029
2 0.607413 0.412662 0.012424 0.057920
0 0.667999 0.393312 0.012033 0.061953
3 0.765222 0.298892 0.003205 0.008934
2 0.425663 0.447248 0.015690 0.062388
3 0.765052 0.301058 0.003933 0.009702
0 0.593731 0.407789 0.018617 0.064760
0 0.312950 0.450248 0.006523 0.033518
0 0.564126 0.388765 0.011353 0.045923
0 0.508698 0.584102 0.032933 0.100012
0 0.451977 0.548991 0.008875 0.024357
0 0.189642 0.093831 0.009370 0.047523
0 0.317880 0.469819 0.013860 0.071137
0 0.455111 0.478968 0.010580 0.047854
0 0.641522 0.401857 0.013844 0.061901
0 0.591010 0.406559 0.013458 0.066653
2 0.566372 0.407600 0.013383 0.064995
0 0.471854 0.547266 0.008941 0.035668
0 0.455420 0.487977 0.011210 0.064164
0 0.588737 0.398302 0.008992 0.051284