0 0.958647 0.474087 0.025438 0.086980
0 0.883396 0.456281 0.018768 0.075264
0 0.686469 0.444512 0.013736 0.069091
0 0.786235 0.466739 0.012893 0.078132
2 0.460810 0.447999 0.012064 0.067055
2 0.390212 0.504561 0.021189 0.079408
0 0.699824 0.449098 0.010285 0.065955
2 0.935152 0.467471 0.016938 0.077429
0 0.476250 0.444112 0.013958 0.070791
0 0.406947 0.474483 0.010720 0.069531
2 0.647861 0.488674 0.019210 0.085039
0 0.648022 0.488743 0.019163 0.085487
0 0.460772 0.447368 0.012035 0.065621
2 0.142664 0.388562 0.013651 0.050659
0 0.407424 0.465440 0.009883 0.051390
0 0.129768 0.065571 0.013163 0.061948
2 0.699952 0.449260 0.010440 0.066313
2 0.476272 0.444008 0.014082 0.071165