0 0.471874 0.570707 0.013127 0.066160
0 0.880436 0.613982 0.021989 0.083287
0 0.434311 0.685710 0.020787 0.092671
0 0.164925 0.513757 0.013123 0.055939
0 0.184884 0.496511 0.019746 0.054789
0 0.812180 0.481084 0.011410 0.049474
0 0.383046 0.458199 0.008817 0.047091
0 0.916785 0.619437 0.022379 0.083899
0 0.465879 0.432775 0.007169 0.037065
0 0.451960 0.498545 0.015741 0.053802
0 0.566580 0.527846 0.011998 0.054762
0 0.917716 0.454505 0.009091 0.041400
2 0.566506 0.527821 0.012287 0.054625
0 0.472549 0.444892 0.008801 0.038747
0 0.128543 0.556484 0.022403 0.064805
0 0.124584 0.555856 0.015015 0.064313
0 0.421834 0.581861 0.018500 0.072479
1 0.347761 0.412068 0.007400 0.032229
2 0.421576 0.581854 0.019127 0.072129
0 0.448382 0.494023 0.009441 0.046396