0 0.341918 0.567455 0.022298 0.087232
0 0.194153 0.621875 0.032157 0.111022
0 0.732680 0.506023 0.016812 0.071935
0 0.711504 0.422822 0.010946 0.058582
2 0.771975 0.470448 0.010191 0.065323
0 0.835710 0.492668 0.014340 0.061988
0 0.772181 0.469765 0.010531 0.065004
0 0.697880 0.438340 0.004788 0.023083
0 0.911369 0.439053 0.012197 0.067821
0 0.903091 0.439192 0.011739 0.065794
0 0.840143 0.450014 0.015572 0.063906
0 0.577291 0.453265 0.017164 0.061930
0 0.908632 0.439148 0.017762 0.067406
0 0.829670 0.445744 0.011433 0.062344
0 0.835938 0.447121 0.009404 0.063638