0 0.507796 0.450385 0.015205 0.062110
0 0.637545 0.444027 0.019853 0.070183
0 0.328254 0.496349 0.019713 0.081039
0 0.612774 0.588968 0.025334 0.110038
0 0.110186 0.698100 0.033588 0.138682
0 0.551755 0.427300 0.018242 0.070035
0 0.209814 0.713845 0.033519 0.134192
0 0.565997 0.341846 0.011716 0.044034
0 0.153971 0.489292 0.021710 0.069648
0 0.409462 0.368935 0.013690 0.046817
0 0.245343 0.401082 0.022482 0.048776
0 0.211701 0.552012 0.032231 0.091706
2 0.950362 0.530337 0.037629 0.091082
2 0.601508 0.443812 0.015612 0.059982
2 0.565314 0.437577 0.017771 0.061792
0 0.465349 0.711259 0.025825 0.127358
0 0.601485 0.443508 0.015740 0.060099
0 0.949772 0.529244 0.035525 0.088689