0 0.525548 0.475496 0.014802 0.070596
0 0.318775 0.594611 0.031354 0.098719
0 0.617409 0.421673 0.015263 0.057280
0 0.695207 0.498378 0.019444 0.070363
0 0.460037 0.404847 0.012160 0.048130
0 0.824917 0.437199 0.018239 0.059552
0 0.298640 0.439712 0.014432 0.071873
0 0.360942 0.509937 0.018015 0.078705
0 0.570501 0.700332 0.033705 0.125748
0 0.924061 0.578772 0.020853 0.104354
0 0.802515 0.464172 0.023214 0.068621
0 0.067378 0.866889 0.038905 0.161911
0 0.756316 0.380129 0.013970 0.044102
0 0.479845 0.837419 0.033098 0.149078
0 0.862999 0.399023 0.012625 0.034777
2 0.419365 0.377519 0.011695 0.023064
3 0.480153 0.426982 0.004407 0.010873