0 0.440420 0.473111 0.017474 0.063985
0 0.608174 0.551839 0.016069 0.090780
0 0.744964 0.657381 0.022180 0.109737
0 0.321764 0.474324 0.013442 0.059247
2 0.713700 0.524807 0.024860 0.085166
0 0.089027 0.470659 0.017771 0.064876
0 0.657366 0.440444 0.013743 0.064844
0 0.269244 0.453673 0.014159 0.057236
0 0.928716 0.419780 0.012774 0.058506
0 0.055064 0.486554 0.013089 0.061571
2 0.463183 0.472892 0.016345 0.064716
0 0.677438 0.474016 0.010609 0.070632
2 0.736584 0.476473 0.021152 0.075436
2 0.341219 0.502261 0.014373 0.066148
0 0.118158 0.476444 0.012576 0.044997
0 0.463164 0.472805 0.016399 0.063794
2 0.790335 0.438891 0.019413 0.054103
0 0.790127 0.438582 0.020205 0.055832
0 0.341016 0.500706 0.013554 0.063084