0 0.025870 0.561476 0.016782 0.067797
0 0.189753 0.429094 0.010815 0.038126
0 0.129205 0.459235 0.018322 0.049180
0 0.077665 0.507851 0.014226 0.056808
0 0.223118 0.491507 0.009996 0.052537
0 0.265224 0.426815 0.006458 0.037845
0 0.981031 0.494943 0.013699 0.060042
0 0.259712 0.491816 0.011129 0.054486
0 0.250816 0.406802 0.006525 0.029334
0 0.341553 0.556696 0.015024 0.071437
0 0.110407 0.871026 0.030317 0.152073
0 0.165954 0.449901 0.009696 0.040462
0 0.357292 0.510230 0.009271 0.045252
0 0.358364 0.516168 0.011167 0.057374
0 0.360303 0.530186 0.010000 0.036548
0 0.950649 0.380175 0.008281 0.028058
0 0.359718 0.519926 0.010886 0.055576
0 0.419310 0.769412 0.022170 0.110080
0 0.548019 0.377098 0.006745 0.026022
0 0.416055 0.743116 0.014942 0.055306
2 0.905647 0.778326 0.023053 0.102709
1 0.861137 0.366879 0.005493 0.024296
0 0.416377 0.753498 0.015362 0.075866