0 0.163708 0.484486 0.015985 0.076361
0 0.478528 0.459891 0.020373 0.068534
0 0.426951 0.581398 0.018255 0.101487
0 0.123960 0.420040 0.014427 0.064697
0 0.783231 0.410248 0.014397 0.068146
0 0.539976 0.398640 0.017345 0.050300
0 0.925420 0.414300 0.016349 0.067659
0 0.250578 0.447323 0.015564 0.067718
0 0.289206 0.403503 0.009748 0.059506
0 0.401114 0.420749 0.010569 0.056034
0 0.009968 0.452005 0.019931 0.073620
0 0.598688 0.440834 0.016750 0.072024
0 0.187493 0.481189 0.015701 0.071416
0 0.610610 0.429868 0.012708 0.055380
0 0.816024 0.493566 0.021733 0.091928
0 0.574424 0.413976 0.015141 0.063817
0 0.613851 0.478590 0.023183 0.064734
2 0.816151 0.493789 0.021773 0.091984
0 0.603866 0.624716 0.028711 0.110363
2 0.574581 0.413451 0.014869 0.065176
0 0.027687 0.473991 0.022790 0.073054
0 0.246507 0.072822 0.010920 0.070402
2 0.603941 0.624593 0.029018 0.110694
0 0.032197 0.452331 0.019075 0.067144
0 0.192515 0.352758 0.010211 0.041859
0 0.029019 0.464165 0.025330 0.082473