0 0.151929 0.510524 0.012576 0.085376
0 0.916416 0.676686 0.023501 0.138597
0 0.353775 0.387797 0.012377 0.062123
0 0.379464 0.492502 0.016816 0.080099
2 0.026300 0.568909 0.020669 0.091655
0 0.711386 0.464368 0.017442 0.085281
0 0.400756 0.380031 0.011465 0.037468
0 0.539961 0.427571 0.012727 0.064506
2 0.128178 0.463123 0.021563 0.076024
0 0.375027 0.640202 0.023745 0.120976
0 0.026429 0.568619 0.021315 0.091148
2 0.379758 0.493033 0.016228 0.078359
0 0.127920 0.463177 0.021477 0.077359
1 0.711620 0.464043 0.016584 0.083624