0 0.475242 0.432754 0.021469 0.070310
0 0.770065 0.393634 0.011932 0.054185
0 0.740809 0.376398 0.008986 0.045385
0 0.509452 0.348596 0.008587 0.038192
0 0.263537 0.534230 0.020385 0.097012
0 0.533713 0.356980 0.009111 0.039428
0 0.493189 0.390441 0.017819 0.053952
0 0.009301 0.464660 0.018331 0.070384
0 0.497864 0.352062 0.007085 0.030706
0 0.532527 0.501927 0.016820 0.084568
0 0.162982 0.366479 0.013894 0.045707
0 0.394023 0.352116 0.008304 0.039738
0 0.734023 0.430264 0.009009 0.064272
0 0.260491 0.389027 0.010527 0.050395
2 0.072389 0.341852 0.010244 0.029974
0 0.270060 0.369748 0.011213 0.043788
0 0.269713 0.347326 0.007698 0.032472
0 0.078498 0.397602 0.010014 0.054858
0 0.460251 0.631740 0.007329 0.039266
1 0.078631 0.397747 0.010024 0.055550
0 0.452233 0.596568 0.022124 0.110565
0 0.733777 0.444570 0.008488 0.036449
2 0.438453 0.518571 0.017556 0.085811