0 0.669032 0.450877 0.013202 0.066490
0 0.667209 0.348689 0.005809 0.036798
0 0.850689 0.397677 0.014450 0.054374
0 0.614217 0.376269 0.007774 0.049493
0 0.581808 0.375143 0.007948 0.044534
0 0.507856 0.349720 0.006895 0.037736
0 0.603447 0.377468 0.006790 0.050499
0 0.624184 0.382373 0.010646 0.049800
0 0.464326 0.399540 0.013049 0.027027
0 0.842166 0.394693 0.011974 0.052811
1 0.470490 0.334860 0.006662 0.027396
0 0.577628 0.336468 0.008429 0.034604
0 0.901932 0.535758 0.022451 0.095017
2 0.901933 0.535313 0.023016 0.095301
2 0.623992 0.382643 0.010457 0.051399
0 0.858573 0.839384 0.032452 0.125902
0 0.764301 0.958068 0.039627 0.083865
0 0.680950 0.332153 0.007377 0.029892