0 0.598720 0.355852 0.008389 0.035627
0 0.785110 0.353135 0.008804 0.034395
0 0.720018 0.409276 0.013994 0.055260
0 0.577356 0.380557 0.012219 0.048687
0 0.756505 0.362224 0.011234 0.035662
0 0.248613 0.426920 0.011674 0.056246
0 0.475219 0.372432 0.012076 0.045611
0 0.565522 0.472938 0.019436 0.070312
1 0.395988 0.366009 0.009432 0.038198
0 0.526210 0.327784 0.008289 0.031012
0 0.395975 0.366615 0.009507 0.038601
1 0.422242 0.338713 0.007594 0.034666
2 0.754667 0.401499 0.018879 0.058443
0 0.422276 0.338670 0.007758 0.034952
2 0.757641 0.400674 0.013524 0.058457