0 0.325000 0.387797 0.009222 0.047597
0 0.851745 0.422197 0.016680 0.058532
0 0.466974 0.347781 0.013277 0.033253
0 0.654408 0.414669 0.012856 0.054437
0 0.393249 0.457887 0.016597 0.072900
0 0.514942 0.359752 0.009383 0.037663
0 0.695992 0.377171 0.014826 0.045217
0 0.239648 0.651588 0.029972 0.133133
0 0.440823 0.348472 0.009920 0.037833
0 0.733148 0.389436 0.010964 0.047333
0 0.368150 0.348126 0.009586 0.033224
0 0.858937 0.457887 0.019797 0.061076
0 0.224989 0.403364 0.010171 0.053227
0 0.642251 0.409119 0.012328 0.053418
0 0.156383 0.705495 0.027117 0.149311
0 0.375348 0.347294 0.006785 0.030744
2 0.496371 0.411697 0.014644 0.045750
1 0.568738 0.338275 0.008367 0.033961
0 0.889707 0.411730 0.010483 0.043609
2 0.948387 0.419621 0.013389 0.060101
0 0.638205 0.359991 0.007191 0.027618
0 0.903022 0.415675 0.018594 0.046315
0 0.495785 0.390998 0.008560 0.030589
0 0.637063 0.375152 0.006434 0.024641