0 0.871145 0.475191 0.022977 0.076321
0 0.625284 0.378771 0.016854 0.050091
0 0.252279 0.439615 0.014797 0.061384
0 0.841651 0.386865 0.012297 0.049546
0 0.894832 0.660488 0.041640 0.118490
0 0.681068 0.351497 0.010305 0.038076
0 0.578006 0.437120 0.010412 0.063004
0 0.233891 0.440434 0.014431 0.072103
0 0.369881 0.357317 0.006804 0.039762
0 0.364685 0.360464 0.009835 0.039478
0 0.939806 0.734150 0.033569 0.148168
0 0.871100 0.424879 0.020499 0.045039
0 0.679573 0.940310 0.039234 0.119381
2 0.573325 0.481889 0.018666 0.077665
0 0.483992 0.456796 0.016962 0.071016
0 0.327544 0.655289 0.033748 0.138225
0 0.367897 0.359458 0.010305 0.040545
0 0.902354 0.702620 0.008460 0.033583
2 0.312275 0.326169 0.006832 0.028161
0 0.481514 0.445647 0.010796 0.048690
2 0.480377 0.665039 0.036898 0.134026
0 0.482932 0.451342 0.013846 0.059903