0 0.706426 0.481305 0.020902 0.074457
0 0.603375 0.373814 0.014725 0.042699
0 0.539949 0.349483 0.012522 0.032838
0 0.214102 0.377330 0.011954 0.047831
0 0.153726 0.495750 0.021928 0.073950
0 0.400289 0.405405 0.014820 0.050682
0 0.151476 0.365392 0.009936 0.039937
0 0.342159 0.394665 0.014633 0.045113
0 0.655246 0.400556 0.019265 0.054460
0 0.155025 0.408679 0.014736 0.054019
0 0.432663 0.430409 0.020821 0.057351
0 0.325170 0.371831 0.010795 0.041404
0 0.617106 0.359644 0.012888 0.038250
0 0.275932 0.342312 0.008084 0.027021
0 0.636147 0.570319 0.033301 0.089363
0 0.308369 0.493189 0.034557 0.075330
0 0.263698 0.377415 0.013479 0.057624
2 0.250674 0.351067 0.011575 0.035256
3 0.467292 0.456910 0.004800 0.011001
0 0.501312 0.344538 0.014582 0.030461
2 0.406939 0.369637 0.012291 0.036092
2 0.257570 0.329347 0.006451 0.023352