0 0.698903 0.448792 0.013642 0.069996
0 0.622110 0.365802 0.010867 0.043200
0 0.437963 0.488039 0.016139 0.078524
0 0.466201 0.344661 0.008447 0.033017
0 0.875778 0.409280 0.012794 0.055679
0 0.454277 0.351379 0.008183 0.036263
0 0.879077 0.522808 0.022637 0.069915
0 0.572192 0.378996 0.009977 0.048153
0 0.777453 0.355295 0.008135 0.039837
0 0.714723 0.334036 0.006994 0.030899
0 0.343816 0.360372 0.007920 0.040250
0 0.767956 0.355045 0.010835 0.040786
0 0.679270 0.332991 0.005872 0.031650
2 0.602394 0.340854 0.009704 0.046010
0 0.257625 0.399476 0.014406 0.056959
0 0.333967 0.341605 0.006519 0.031723
1 0.971254 0.363219 0.009379 0.043479
0 0.689081 0.330262 0.006235 0.033661
0 0.556842 0.327907 0.006593 0.028338
0 0.971297 0.363286 0.009343 0.044194