0 0.534655 0.376508 0.010983 0.042724
0 0.558403 0.382318 0.011117 0.048535
0 0.366672 0.367365 0.007169 0.042512
0 0.631532 0.385538 0.012102 0.056257
0 0.657383 0.381950 0.009589 0.041061
0 0.641645 0.354931 0.008591 0.035132
2 0.420097 0.380241 0.009316 0.046840
0 0.267172 0.355515 0.007592 0.025377
0 0.579383 0.389095 0.011840 0.049521
0 0.420203 0.380300 0.009344 0.046460
0 0.622727 0.393792 0.010745 0.047568
0 0.606558 0.372428 0.010470 0.038114
0 0.500834 0.351200 0.007172 0.027707
0 0.628873 0.368571 0.009332 0.028398
0 0.596047 0.383315 0.009542 0.037934
0 0.486970 0.351315 0.007502 0.035801