0 0.463705 0.468815 0.013500 0.065593
0 0.596760 0.434314 0.016425 0.064279
0 0.424979 0.531260 0.022382 0.086385
0 0.856803 0.454575 0.018637 0.066357
0 0.229452 0.457944 0.017108 0.071381
0 0.642917 0.382162 0.011201 0.044308
0 0.757734 0.353266 0.009539 0.034678
0 0.895119 0.593593 0.028510 0.110251
0 0.840319 0.658129 0.026403 0.125462
0 0.428509 0.397413 0.012144 0.055865
1 0.418442 0.348442 0.009511 0.038104
0 0.842778 0.638316 0.022264 0.083003
2 0.680188 0.512340 0.018757 0.094139
0 0.281451 0.499942 0.012920 0.079272
2 0.685092 0.512558 0.027701 0.093499
0 0.800754 0.610483 0.050831 0.097874
2 0.746995 0.328551 0.008212 0.025718
2 0.281958 0.503093 0.013164 0.087597