0 0.604903 0.369645 0.008518 0.039787
0 0.267664 0.390151 0.012983 0.052592
0 0.657581 0.389396 0.010312 0.045549
0 0.673226 0.376013 0.009424 0.044377
0 0.696906 0.387502 0.009373 0.053041
0 0.190078 0.396903 0.014263 0.052912
0 0.572261 0.417551 0.011954 0.055981
0 0.393076 0.398272 0.010366 0.051450
0 0.631191 0.415710 0.013135 0.057857
0 0.243795 0.407772 0.016649 0.056741
0 0.319647 0.362209 0.009354 0.037798
0 0.222382 0.411132 0.013350 0.055113
0 0.850745 0.393237 0.018852 0.056813
2 0.486678 0.362486 0.010121 0.038652
0 0.362706 0.411698 0.010346 0.056184
0 0.432165 0.371574 0.007382 0.048079
0 0.614076 0.397144 0.009864 0.053302
0 0.719205 0.391939 0.012444 0.044748
0 0.278532 0.372343 0.007867 0.026271
0 0.437616 0.358056 0.006922 0.035818
0 0.290938 0.395845 0.009569 0.050908
2 0.531860 0.364810 0.015012 0.035571
0 0.720859 0.423687 0.011368 0.050163
0 0.283418 0.389378 0.006779 0.037234
0 0.436875 0.366148 0.007935 0.048325
0 0.279511 0.377813 0.007684 0.038537
0 0.503216 0.361015 0.008447 0.043033