0 0.410997 0.345421 0.007082 0.037636
0 0.471108 0.332646 0.006044 0.029468
0 0.481632 0.387283 0.013150 0.051438
0 0.351519 0.362385 0.009205 0.042948
0 0.517316 0.341641 0.013864 0.036434
0 0.503603 0.361979 0.010323 0.042883
0 0.426482 0.363532 0.010114 0.043285
0 0.608185 0.393013 0.013160 0.039490
0 0.383534 0.357756 0.009385 0.041410
0 0.494488 0.342511 0.007846 0.035093
0 0.373850 0.356407 0.009854 0.041804
1 0.332393 0.333823 0.007089 0.032725
0 0.441639 0.335104 0.009262 0.036454
0 0.487804 0.333293 0.006149 0.029609
0 0.434454 0.336340 0.006242 0.032541