0 0.331865 0.443671 0.014132 0.069430
0 0.506398 0.358234 0.010191 0.044217
0 0.367984 0.344483 0.007370 0.036135
0 0.479753 0.345567 0.007415 0.038263
0 0.358423 0.432171 0.013162 0.063855
1 0.718190 0.343365 0.008860 0.038184
0 0.467861 0.330392 0.007283 0.031984
0 0.004424 0.446496 0.008726 0.066088
0 0.232350 0.370830 0.010437 0.044234
0 0.431145 0.334684 0.008869 0.033154
0 0.065471 0.358746 0.013077 0.040100
0 0.187300 0.347737 0.009592 0.037255
0 0.354719 0.327265 0.004852 0.026468
0 0.214625 0.342128 0.005545 0.028351
2 0.319950 0.352562 0.008228 0.039976
0 0.156083 0.344104 0.009119 0.025009
0 0.581149 0.332241 0.006714 0.031234
0 0.672596 0.313430 0.005246 0.026701
0 0.093234 0.348965 0.008053 0.035901