0 0.551414 0.344328 0.006044 0.033869
0 0.607926 0.361764 0.009396 0.040971
0 0.545146 0.349384 0.007347 0.036221
0 0.340666 0.379402 0.009933 0.048867
0 0.626301 0.341943 0.006233 0.031853
0 0.446870 0.365949 0.007173 0.038933
0 0.370095 0.364356 0.008597 0.046933
0 0.397563 0.361770 0.008936 0.042907
0 0.589918 0.340715 0.006006 0.031397
0 0.372029 0.364999 0.008238 0.044094
2 0.498174 0.334614 0.006131 0.031540
0 0.360175 0.364615 0.006767 0.038601
0 0.351060 0.373164 0.007425 0.046139
0 0.423699 0.354135 0.011450 0.044031
0 0.367586 0.359738 0.006045 0.038503
2 0.423692 0.353992 0.011649 0.044216
0 0.618374 0.339756 0.005587 0.032829
0 0.457420 0.354906 0.007561 0.030019
0 0.459138 0.365091 0.007560 0.042456
0 0.349353 0.374438 0.010915 0.049894
0 0.456988 0.347913 0.005931 0.027603
2 0.591668 0.341375 0.009527 0.032501
2 0.594259 0.345296 0.005524 0.024098