0 0.542270 0.362692 0.007040 0.042937
0 0.747820 0.354299 0.009608 0.034704
0 0.704615 0.352648 0.008234 0.037574
1 0.170162 0.348011 0.007806 0.034545
0 0.663928 0.340221 0.008520 0.035473
0 0.380272 0.339533 0.006437 0.033832
0 0.690914 0.379211 0.008390 0.049040
0 0.606437 0.343128 0.007712 0.034399
0 0.410033 0.328300 0.010104 0.029706
0 0.498421 0.362866 0.009514 0.042378
0 0.460979 0.333526 0.006489 0.028913
0 0.326630 0.363828 0.012704 0.041609
0 0.473869 0.336283 0.006388 0.029109
0 0.241905 0.402014 0.011667 0.052186
2 0.522345 0.338099 0.006873 0.030451
0 0.615170 0.328879 0.006013 0.028101
0 0.623215 0.334962 0.009148 0.030655