0 0.757294 0.379093 0.014926 0.053232
0 0.483646 0.361502 0.009765 0.041932
0 0.260291 0.469703 0.016571 0.074532
0 0.502091 0.358148 0.014230 0.037730
0 0.624529 0.436880 0.016168 0.072853
0 0.675356 0.359120 0.008873 0.044282
0 0.715713 0.344973 0.008194 0.038111
0 0.342010 0.363621 0.008336 0.042930
0 0.633287 0.352499 0.007430 0.039884
0 0.614075 0.340972 0.010625 0.032904
0 0.648578 0.453100 0.019036 0.067252
0 0.431815 0.351360 0.007629 0.039055
2 0.544002 0.352680 0.008945 0.041333
0 0.570296 0.340092 0.007936 0.034809
0 0.377561 0.341178 0.008535 0.036450
0 0.274602 0.413877 0.011588 0.056863
0 0.554679 0.331589 0.006663 0.027049
0 0.424912 0.341661 0.006312 0.033599
0 0.444481 0.327211 0.006820 0.027625
0 0.067093 0.362960 0.010003 0.042187
1 0.067024 0.362735 0.010257 0.042774
0 0.427003 0.343587 0.007834 0.036435