0 0.558368 0.350641 0.008273 0.035998
0 0.566129 0.341083 0.005842 0.031129
0 0.615695 0.365908 0.008921 0.043742
0 0.505536 0.358793 0.006958 0.035294
0 0.469187 0.339741 0.007557 0.030074
0 0.499136 0.331597 0.006783 0.027512
0 0.637143 0.345987 0.009016 0.029954
0 0.416915 0.345449 0.007689 0.035591
2 0.516108 0.352075 0.007323 0.032346
0 0.506685 0.338990 0.006525 0.025358
0 0.601590 0.321991 0.005030 0.026614
0 0.577046 0.325115 0.005176 0.022738
0 0.758961 0.345197 0.011235 0.030848
2 0.515384 0.357057 0.008730 0.040711
0 0.381770 0.347509 0.007006 0.030796
1 0.381753 0.347512 0.007023 0.030851
1 0.701673 0.338738 0.007839 0.033563
0 0.406941 0.338847 0.008774 0.031900
0 0.701721 0.338743 0.007957 0.033490
0 0.206269 0.319379 0.011355 0.035248