0 0.419214 0.351818 0.006797 0.035569
0 0.147803 0.361896 0.010039 0.040304
0 0.442638 0.386880 0.009698 0.048311
0 0.463791 0.352313 0.007756 0.038761
0 0.565809 0.366212 0.009573 0.045217
0 0.120539 0.366371 0.011440 0.047482
0 0.456989 0.352189 0.007764 0.040466
0 0.444646 0.353822 0.012566 0.041917
0 0.530526 0.328012 0.004890 0.029683
0 0.621351 0.361904 0.006280 0.041966
0 0.488867 0.356727 0.008741 0.043858
0 0.517076 0.339848 0.006548 0.035999
1 0.658525 0.335799 0.007454 0.035164
0 0.524956 0.325546 0.006345 0.029346
0 0.482228 0.352434 0.008416 0.041047
2 0.495428 0.310053 0.004969 0.022981
0 0.528080 0.326620 0.005122 0.030316
0 0.483237 0.357091 0.008291 0.043130
0 0.487359 0.357878 0.010324 0.042828
0 0.439025 0.317886 0.004442 0.025135