0 0.228344 0.434708 0.019880 0.064716
0 0.556606 0.435481 0.013814 0.063422
0 0.291703 0.512499 0.019809 0.087741
0 0.254205 0.466323 0.017017 0.070984
0 0.338793 0.397294 0.012348 0.053291
1 0.212572 0.355571 0.008846 0.041946
0 0.529002 0.414686 0.013377 0.054528
2 0.621679 0.428213 0.019373 0.062787
0 0.482716 0.405367 0.012779 0.046216
0 0.734825 0.490920 0.018766 0.077537
0 0.882663 0.404622 0.013081 0.054570
0 0.417942 0.389483 0.013490 0.051743
2 0.581037 0.601022 0.026594 0.103189
0 0.977642 0.593235 0.026044 0.101374
0 0.876407 0.391035 0.007721 0.045483
0 0.548151 0.358569 0.006969 0.039315
0 0.433494 0.433613 0.017928 0.057022
2 0.935349 0.604481 0.028009 0.114520
2 0.568414 0.319995 0.006880 0.030247
0 0.990663 0.652902 0.018156 0.110373
0 0.990133 0.637801 0.015925 0.078010
0 0.931881 0.643373 0.019329 0.043904