0 0.543275 0.404915 0.013295 0.050971
0 0.608069 0.345895 0.007585 0.039458
0 0.540810 0.361473 0.009857 0.037063
0 0.582114 0.355302 0.009266 0.038774
0 0.768843 0.363903 0.008793 0.041625
0 0.658338 0.342858 0.006968 0.035159
0 0.521218 0.341695 0.007598 0.035503
0 0.494488 0.339800 0.009694 0.035692
0 0.544838 0.329336 0.007073 0.030045
0 0.537350 0.340229 0.006025 0.031909
0 0.473612 0.335257 0.005406 0.032085
0 0.383647 0.353732 0.007685 0.032130
2 0.512635 0.357344 0.010489 0.046765
0 0.361488 0.365049 0.010525 0.039109