0 0.549208 0.430725 0.013505 0.059060
0 0.695526 0.498717 0.021085 0.080345
0 0.215009 0.371060 0.011834 0.043181
0 0.374953 0.386102 0.008965 0.051947
0 0.419745 0.379337 0.010684 0.048063
0 0.226593 0.352501 0.011022 0.035010
0 0.370658 0.344929 0.007009 0.034814
0 0.101547 0.396438 0.013733 0.054747
2 0.238315 0.399817 0.015540 0.057129
0 0.238461 0.399224 0.015948 0.056720
0 0.215784 0.335670 0.006980 0.033531
1 0.541881 0.341197 0.010213 0.038199
0 0.479842 0.327847 0.005727 0.030078
0 0.643077 0.356852 0.007432 0.041501
0 0.986946 0.399882 0.010948 0.053726