0 0.498879 0.373597 0.011800 0.047057
0 0.485625 0.347583 0.006771 0.038198
0 0.512606 0.362334 0.006872 0.039801
0 0.597206 0.362932 0.010092 0.044066
0 0.530022 0.349047 0.009366 0.042676
0 0.160711 0.410482 0.009839 0.057289
0 0.359869 0.357989 0.006337 0.038347
2 0.475738 0.345135 0.006890 0.038111
0 0.613053 0.342184 0.007853 0.037301
0 0.532110 0.349216 0.010469 0.041989
0 0.542152 0.349127 0.005784 0.037585
0 0.602998 0.365303 0.006628 0.041485
0 0.456623 0.308646 0.005070 0.024315
0 0.495635 0.318317 0.004967 0.026142
0 0.541659 0.353564 0.006646 0.032436