0 0.582925 0.422982 0.014149 0.056031
0 0.850555 0.407197 0.013442 0.053070
2 0.814967 0.459758 0.020165 0.080762
0 0.725980 0.511758 0.027071 0.083853
0 0.276383 0.535654 0.022717 0.089675
0 0.657199 0.418579 0.011905 0.058686
2 0.727242 0.323187 0.005653 0.024832
0 0.176073 0.441532 0.023914 0.066218
0 0.691360 0.374778 0.016020 0.045210
0 0.807516 0.561106 0.018061 0.100616
0 0.388064 0.417272 0.011556 0.059178
2 0.444162 0.575245 0.024826 0.106696
0 0.467600 0.372586 0.011350 0.049762
0 0.409205 0.349539 0.009373 0.039531
0 0.808441 0.548347 0.014785 0.074833
3 0.206111 0.489352 0.012014 0.011700
3 0.204103 0.488510 0.007970 0.010593