0 0.425478 0.398921 0.012926 0.050266
0 0.526242 0.378508 0.012544 0.044847
0 0.754338 0.363284 0.010853 0.044072
0 0.349126 0.340154 0.009038 0.034673
0 0.544577 0.353028 0.007519 0.039489
0 0.167630 0.391875 0.011006 0.051299
0 0.203722 0.367405 0.008856 0.040202
0 0.280144 0.345436 0.008683 0.039576
0 0.397591 0.331548 0.005452 0.031501
0 0.256794 0.345559 0.010445 0.035204
0 0.744301 0.345673 0.007101 0.034042
2 0.407351 0.315578 0.004754 0.017057
0 0.338030 0.327538 0.006556 0.027878
2 0.465884 0.345602 0.009309 0.039618
0 0.507270 0.333326 0.006460 0.024576
0 0.514283 0.333557 0.006508 0.024654
0 0.383134 0.320770 0.004699 0.026795
0 0.473884 0.339145 0.005838 0.033129
2 0.473948 0.338927 0.005925 0.032704
0 0.520298 0.326998 0.008200 0.033457
2 0.326111 0.325710 0.005742 0.031838
0 0.326121 0.325239 0.006093 0.032562