0 0.544905 0.392894 0.012865 0.053352
0 0.471108 0.403970 0.009259 0.056172
0 0.620087 0.336631 0.008420 0.033445
0 0.728457 0.348368 0.007411 0.039266
0 0.496371 0.339966 0.008642 0.031213
0 0.636251 0.338947 0.006911 0.038642
0 0.817058 0.392777 0.012937 0.054195
0 0.333792 0.344902 0.008450 0.038184
0 0.826924 0.381842 0.008117 0.046174
0 0.433478 0.340448 0.008547 0.037199
0 0.538610 0.327709 0.006371 0.027571
0 0.328948 0.345828 0.005767 0.036459
0 0.606037 0.336405 0.006459 0.033515
0 0.599749 0.327885 0.009271 0.028757
0 0.312033 0.362770 0.006370 0.043220
1 0.910922 0.355141 0.008181 0.040906
2 0.305199 0.330426 0.005737 0.023792
0 0.568160 0.327476 0.006066 0.027815
0 0.910772 0.354985 0.008714 0.040667
2 0.555033 0.326197 0.006561 0.031560
0 0.573528 0.324020 0.005327 0.028588