2 0.480771 0.365043 0.010383 0.045084
0 0.713771 0.390999 0.013538 0.051132
0 0.541402 0.342458 0.009614 0.032767
0 0.451237 0.343068 0.006504 0.035594
0 0.497667 0.353024 0.010164 0.034834
0 0.523825 0.338980 0.005836 0.030139
0 0.490117 0.341829 0.006941 0.031574
0 0.465297 0.334772 0.006647 0.030308
0 0.515117 0.355035 0.013160 0.038077
0 0.527146 0.338495 0.006044 0.030587
0 0.426946 0.333380 0.008050 0.033586
0 0.422289 0.343073 0.008510 0.033905
0 0.461931 0.342998 0.005438 0.033873
0 0.414793 0.340686 0.005724 0.031521
0 0.396334 0.337521 0.006923 0.035130
0 0.508740 0.352837 0.008820 0.036064
0 0.970777 0.101272 0.007276 0.032850
0 0.511592 0.354368 0.011317 0.037390