0 0.290321 0.401123 0.013227 0.052028
0 0.709578 0.439383 0.014760 0.062496
0 0.593714 0.478939 0.019983 0.078496
0 0.601878 0.343841 0.008595 0.033073
0 0.328067 0.401878 0.012825 0.054665
0 0.764080 0.362810 0.011713 0.042630
0 0.386167 0.343111 0.010157 0.033968
0 0.571368 0.329952 0.006770 0.031401
2 0.549408 0.346263 0.008529 0.037020
0 0.451809 0.338586 0.007830 0.027638
0 0.294459 0.358508 0.006809 0.039682
0 0.699197 0.378192 0.014847 0.049715
0 0.377899 0.340927 0.008649 0.034405
0 0.665779 0.344689 0.010460 0.034638
0 0.524999 0.337147 0.007791 0.031550
0 0.124907 0.356959 0.009533 0.040165
0 0.328098 0.410011 0.013097 0.038222
1 0.124997 0.356889 0.009679 0.039771
0 0.653517 0.350161 0.007363 0.039027
2 0.397954 0.321190 0.006614 0.026673
0 0.509433 0.328124 0.008299 0.023936
2 0.550153 0.340126 0.009576 0.030539