0 0.246647 0.359366 0.009504 0.037263
0 0.492633 0.393772 0.014482 0.055147
0 0.263352 0.398749 0.013807 0.052336
0 0.417792 0.406085 0.011062 0.053104
0 0.299915 0.366373 0.009917 0.046112
0 0.511823 0.341968 0.010054 0.032970
0 0.244725 0.492943 0.025654 0.082037
0 0.333824 0.361950 0.007709 0.038799
0 0.676659 0.507619 0.032692 0.090306
0 0.226229 0.348049 0.008939 0.033258
0 0.032630 0.424606 0.014940 0.063105
0 0.005766 0.449776 0.011533 0.069938
0 0.163269 0.371641 0.014433 0.048348
0 0.521479 0.378944 0.015047 0.048968
2 0.266908 0.326902 0.009232 0.026292
0 0.979973 0.394796 0.011733 0.055570
2 0.282265 0.721089 0.038388 0.139506
0 0.430203 0.408850 0.012873 0.050616
0 0.281700 0.716667 0.037719 0.138243
0 0.280501 0.687357 0.035887 0.077700
0 0.335076 0.324937 0.006596 0.028775
2 0.430522 0.409575 0.011763 0.050422