0 0.252690 0.420610 0.012862 0.060035
0 0.064417 0.488318 0.018789 0.080125
0 0.437871 0.388898 0.008816 0.047624
0 0.453274 0.383141 0.009838 0.048247
0 0.177458 0.391419 0.014062 0.051758
0 0.118619 0.391550 0.022842 0.057009
0 0.107395 0.424155 0.017352 0.062885
0 0.238961 0.394710 0.008489 0.048617
0 0.394681 0.344656 0.009310 0.033614
0 0.409276 0.396654 0.016337 0.055535
0 0.307685 0.354035 0.012504 0.037782
0 0.419090 0.415797 0.010873 0.057254
0 0.225769 0.358313 0.009239 0.038264
0 0.411411 0.359512 0.009809 0.034691
0 0.433620 0.358337 0.014340 0.034073
1 0.711842 0.354270 0.008278 0.033965
0 0.449949 0.357339 0.007561 0.036003
0 0.156365 0.441287 0.016969 0.027104
0 0.405651 0.364171 0.010940 0.041268
0 0.893216 0.731359 0.012244 0.024006
0 0.441648 0.359205 0.005169 0.038072
0 0.442648 0.353462 0.005526 0.027668
0 0.154548 0.431393 0.020273 0.047076
0 0.149372 0.415654 0.011536 0.044355
0 0.400993 0.346311 0.005999 0.030285