0 0.672728 0.497850 0.016032 0.081226
0 0.362154 0.503815 0.015862 0.081890
0 0.596430 0.394296 0.012953 0.052740
0 0.436369 0.387761 0.011857 0.047362
0 0.787150 0.364371 0.010604 0.040465
0 0.699847 0.342933 0.007385 0.033366
2 0.655298 0.429175 0.016592 0.056007
0 0.823163 0.495151 0.018205 0.083240
0 0.525744 0.341313 0.007601 0.034103
0 0.354445 0.381103 0.008423 0.046386
0 0.673644 0.387431 0.011085 0.045561
0 0.440535 0.355811 0.007957 0.031042
2 0.545142 0.546750 0.018725 0.069524
1 0.354308 0.381072 0.008340 0.045792
0 0.545033 0.546861 0.018884 0.069682
2 0.668655 0.316412 0.006517 0.028723