0 0.764080 0.383902 0.008892 0.049819
0 0.515246 0.337724 0.005884 0.029758
0 0.737609 0.354533 0.008352 0.035575
2 0.467536 0.345168 0.006199 0.034936
0 0.416145 0.344337 0.013779 0.033414
0 0.725874 0.352683 0.008300 0.038842
0 0.431036 0.335927 0.012328 0.031962
0 0.480710 0.333600 0.006910 0.032662
0 0.523266 0.336149 0.006525 0.030298
0 0.381338 0.342723 0.007257 0.035164
0 0.456938 0.361991 0.008437 0.040597
0 0.461435 0.331388 0.004523 0.024210
0 0.268110 0.390599 0.009987 0.046348
0 0.537568 0.358484 0.011805 0.043110
0 0.325781 0.358168 0.012616 0.038364
0 0.586756 0.326670 0.005741 0.026571
0 0.424225 0.336362 0.005679 0.027837
0 0.423550 0.338890 0.005960 0.031287