0 0.529974 0.356325 0.011324 0.039629
0 0.429891 0.351220 0.007129 0.037352
0 0.418678 0.352492 0.007552 0.039488
0 0.280272 0.359375 0.009646 0.043151
0 0.379092 0.354597 0.012684 0.039687
0 0.294603 0.370088 0.013600 0.044762
0 0.227485 0.427210 0.014444 0.060353
0 0.622567 0.357766 0.007225 0.041805
0 0.610114 0.375955 0.013150 0.047164
0 0.327004 0.337652 0.006775 0.031054
0 0.630893 0.344583 0.009565 0.036122
0 0.565998 0.337334 0.006328 0.032740
0 0.648533 0.423618 0.017509 0.052993
1 0.923064 0.365986 0.009820 0.046090
0 0.230858 0.380067 0.014750 0.048761
2 0.506447 0.355345 0.011106 0.043826
0 0.311976 0.420175 0.013859 0.060479
0 0.555977 0.334810 0.012299 0.033292
0 0.649560 0.390363 0.007203 0.028149
0 0.518314 0.326815 0.005434 0.026176