0 0.374911 0.388872 0.013031 0.045862
0 0.677240 0.376818 0.012857 0.050313
0 0.570922 0.378471 0.010905 0.044081
0 0.560624 0.403051 0.013782 0.052180
0 0.450869 0.379975 0.013155 0.050079
0 0.598625 0.353047 0.008395 0.039121
0 0.381790 0.341351 0.007248 0.034502
0 0.318328 0.337919 0.008459 0.033587
0 0.239454 0.361835 0.008921 0.043268
0 0.332281 0.388510 0.011052 0.054046
0 0.797876 0.351217 0.011068 0.040435
2 0.473507 0.334515 0.007675 0.034584
0 0.188463 0.429575 0.009700 0.043028
0 0.377465 0.329362 0.005708 0.028086
0 0.312546 0.383738 0.016529 0.049231
2 0.782550 0.311971 0.005449 0.029726
0 0.189782 0.459767 0.008451 0.029998
0 0.314232 0.393655 0.014328 0.051918
0 0.310020 0.370557 0.010989 0.025013
0 0.189351 0.450088 0.008921 0.049829
0 0.314749 0.405982 0.012796 0.028107
0 0.064099 0.609802 0.024260 0.111872
0 0.310242 0.375805 0.011562 0.035399
0 0.512158 0.326648 0.006884 0.028702