0 0.553619 0.491586 0.014651 0.085556
0 0.442079 0.372812 0.013572 0.044680
0 0.673189 0.346413 0.009927 0.036937
0 0.700491 0.423457 0.015976 0.060326
0 0.605706 0.331452 0.005754 0.030349
0 0.355566 0.395541 0.010038 0.049376
0 0.283783 0.344724 0.010566 0.036330
0 0.596174 0.331745 0.008097 0.029999
0 0.690823 0.356541 0.010008 0.035066
2 0.540439 0.337823 0.009162 0.040188
1 0.107929 0.353863 0.010033 0.038009
0 0.623499 0.327906 0.008215 0.028881
0 0.701798 0.341576 0.007028 0.031979
2 0.700505 0.423142 0.016108 0.060675
0 0.455986 0.325287 0.005481 0.028245
0 0.334789 0.321164 0.008461 0.027506
0 0.107884 0.354052 0.009597 0.037926