0 0.782363 0.381253 0.012245 0.050086
0 0.804678 0.373269 0.010542 0.046022
0 0.788299 0.490968 0.027425 0.081326
0 0.733449 0.420901 0.019113 0.061112
0 0.667238 0.401336 0.014345 0.054115
0 0.335508 0.496034 0.020766 0.075636
0 0.411292 0.342614 0.009997 0.032105
0 0.862372 0.378946 0.010954 0.049976
0 0.510054 0.487462 0.016558 0.081314
0 0.882411 0.427161 0.016957 0.061339
0 0.552096 0.389604 0.010153 0.048390
0 0.840472 0.353241 0.012278 0.034051
0 0.927152 0.518336 0.027004 0.089092
0 0.618779 0.340948 0.006796 0.032114
0 0.270149 0.336522 0.008153 0.032398
2 0.721909 0.370579 0.010339 0.047480
0 0.225425 0.387751 0.012064 0.047904
1 0.225397 0.387763 0.011874 0.047710
0 0.478011 0.328856 0.009347 0.032417
0 0.826232 0.344648 0.008699 0.032863