0 0.624010 0.449095 0.013447 0.071456
0 0.354725 0.363686 0.008285 0.040002
0 0.459555 0.451722 0.012163 0.070390
0 0.455135 0.344649 0.008224 0.035799
0 0.266072 0.588622 0.028136 0.109712
0 0.145467 0.442321 0.016346 0.062474
0 0.641904 0.395285 0.011966 0.050446
0 0.638178 0.364527 0.008373 0.044209
0 0.657840 0.357096 0.013610 0.039073
0 0.413504 0.350129 0.006323 0.035315
0 0.257646 0.383135 0.010873 0.049326
0 0.287048 0.363258 0.010576 0.044952
2 0.508905 0.352964 0.007228 0.040804
0 0.406135 0.372022 0.009091 0.045917
0 0.485329 0.372925 0.014072 0.045480
0 0.441145 0.340865 0.007458 0.032459
0 0.821497 0.914728 0.015020 0.072894
0 0.121558 0.360154 0.011878 0.043765
0 0.446557 0.341530 0.004988 0.032183
0 0.479902 0.355159 0.008330 0.034974
0 0.480434 0.351957 0.006556 0.028910
2 0.416384 0.323138 0.005142 0.018923