0 0.666863 0.397018 0.012150 0.056467
0 0.561284 0.361737 0.012055 0.043156
0 0.519675 0.357969 0.010624 0.043375
2 0.419658 0.347234 0.009427 0.040652
0 0.460562 0.339153 0.008523 0.029917
0 0.540857 0.337506 0.008236 0.028499
0 0.348573 0.366554 0.008737 0.040468
0 0.234745 0.366719 0.008289 0.039860
0 0.183078 0.390844 0.010484 0.045610
0 0.360570 0.369385 0.011077 0.045119
0 0.506702 0.441690 0.012618 0.069987
2 0.031676 0.499202 0.020574 0.082214
0 0.197769 0.452838 0.016705 0.071111
0 0.670498 0.342210 0.005518 0.029104
1 0.096804 0.354726 0.009604 0.038635
2 0.405585 0.322239 0.006550 0.021951
0 0.031747 0.499561 0.021125 0.082619
0 0.197041 0.436814 0.017204 0.041794
0 0.351007 0.341478 0.012384 0.031878
2 0.506752 0.441387 0.012228 0.069146
0 0.524523 0.331298 0.005556 0.024109
0 0.198879 0.460256 0.014426 0.056808
0 0.353097 0.341531 0.009705 0.032021
0 0.355049 0.340968 0.007000 0.031403
3 0.322981 0.377479 0.008069 0.021459