0 0.048275 0.479602 0.020428 0.080878
0 0.324486 0.356167 0.008729 0.038199
0 0.075116 0.514323 0.026223 0.077895
0 0.215916 0.461047 0.016688 0.066083
0 0.304538 0.384702 0.011136 0.050529
0 0.440730 0.379553 0.014096 0.052966
0 0.064915 0.392903 0.013267 0.050219
0 0.677603 0.631983 0.024998 0.123597
0 0.125906 0.362708 0.008986 0.038327
0 0.496260 0.385116 0.019423 0.053812
0 0.643583 0.368437 0.009885 0.047095
0 0.651603 0.408744 0.011858 0.023181
0 0.514548 0.379791 0.014730 0.050307
0 0.531360 0.393583 0.008047 0.050657
0 0.508041 0.373746 0.011943 0.052895
0 0.651750 0.384910 0.009801 0.039483
0 0.651694 0.393211 0.011268 0.052573
0 0.507934 0.364960 0.011972 0.035284
0 0.531535 0.409955 0.007410 0.023174
0 0.510991 0.377384 0.017856 0.060972
0 0.502269 0.385202 0.013062 0.054387