0 0.437358 0.444205 0.011540 0.064647
0 0.403098 0.383012 0.011447 0.047136
0 0.405880 0.434179 0.016209 0.057524
2 0.461811 0.421052 0.017577 0.062428
0 0.360416 0.382981 0.016240 0.049211
0 0.245045 0.438071 0.011398 0.060533
0 0.235933 0.439981 0.015308 0.064626
0 0.549351 0.444133 0.018564 0.065767
0 0.439396 0.360199 0.007817 0.038394
0 0.258938 0.410723 0.014203 0.053137
0 0.493245 0.372991 0.007215 0.040243
0 0.520878 0.353002 0.007939 0.035278
0 0.694702 0.340874 0.007999 0.033349
0 0.341241 0.380015 0.009810 0.047945
2 0.405784 0.434285 0.016590 0.057131
0 0.416445 0.363939 0.007219 0.039792
0 0.823392 0.601874 0.023024 0.107598
0 0.499880 0.379766 0.008834 0.044479
0 0.348882 0.385286 0.009760 0.047943
0 0.461732 0.420874 0.017500 0.062799
1 0.422821 0.338650 0.007744 0.036216
0 0.350187 0.390007 0.008369 0.039771
2 0.679039 0.320006 0.005539 0.024767
0 0.401682 0.367025 0.008333 0.034170
2 0.549417 0.444045 0.018476 0.065929