0 0.585170 0.422433 0.019324 0.065991
0 0.651872 0.363930 0.010244 0.038756
0 0.548531 0.377517 0.012743 0.046507
0 0.214652 0.449004 0.015504 0.068245
0 0.620091 0.372594 0.010078 0.041487
0 0.406410 0.332764 0.009584 0.025375
0 0.424273 0.350079 0.008878 0.036781
0 0.259999 0.354806 0.008727 0.037944
0 0.465236 0.347902 0.007088 0.033858
0 0.134787 0.427664 0.014761 0.061613
0 0.360044 0.362312 0.010833 0.042787
2 0.401017 0.370181 0.017115 0.049042
0 0.434053 0.380360 0.014047 0.048690
0 0.100203 0.415543 0.014405 0.055606
0 0.351712 0.338244 0.008714 0.026498
0 0.182877 0.381019 0.008637 0.040331
0 0.271140 0.355052 0.014033 0.042203
0 0.167850 0.349227 0.010975 0.036263
0 0.284770 0.371252 0.009220 0.046711
0 0.195303 0.387418 0.009749 0.048842
2 0.177248 0.398599 0.012783 0.050521
1 0.284983 0.371130 0.009031 0.046022
0 0.400516 0.369856 0.018014 0.049699