0 0.540688 0.371141 0.011660 0.044910
0 0.753897 0.441165 0.014758 0.064918
0 0.318357 0.442609 0.016051 0.063064
0 0.630728 0.350540 0.008829 0.038047
0 0.258417 0.395932 0.009913 0.053311
0 0.300705 0.388515 0.012014 0.049746
0 0.706292 0.376819 0.012862 0.046689
0 0.431848 0.389875 0.013880 0.048567
0 0.625612 0.450245 0.016513 0.073565
0 0.409216 0.492815 0.022573 0.076952
0 0.393671 0.349482 0.008385 0.039523
0 0.327541 0.352369 0.009015 0.041258
1 0.829162 0.351992 0.008364 0.038122
2 0.484583 0.345244 0.009431 0.045823
0 0.586472 0.361438 0.008372 0.042364
0 0.567977 0.336172 0.007754 0.031797
0 0.433439 0.359205 0.009003 0.025759
0 0.601986 0.319771 0.009347 0.027808
0 0.520405 0.330310 0.009228 0.029440
0 0.591906 0.357894 0.007045 0.043355
0 0.439052 0.337257 0.005058 0.020385
0 0.257226 0.408465 0.006969 0.034960
2 0.591127 0.312267 0.005271 0.026317