0 0.607253 0.340357 0.013079 0.034310
0 0.865256 0.510423 0.031681 0.091214
0 0.630955 0.339835 0.010364 0.036301
0 0.550621 0.357924 0.010537 0.042826
0 0.452495 0.387549 0.014935 0.047315
0 0.671676 0.563326 0.018507 0.100340
0 0.613783 0.629792 0.033985 0.113605
0 0.368935 0.377807 0.009496 0.041012
0 0.516360 0.357265 0.007533 0.042016
0 0.389636 0.547918 0.020284 0.091913
0 0.231898 0.435483 0.016552 0.056075
0 0.196924 0.435546 0.014458 0.050612
2 0.581659 0.433203 0.015615 0.069762
0 0.486341 0.362253 0.010937 0.041748
2 0.959139 0.458691 0.017316 0.067280
0 0.435086 0.356990 0.008360 0.040067
0 0.501695 0.348559 0.008440 0.039992
0 0.959107 0.458560 0.017316 0.067348
2 0.677918 0.317235 0.006227 0.021068