0 0.559677 0.367046 0.010879 0.045299
0 0.449088 0.401394 0.011474 0.051951
0 0.492202 0.334477 0.007670 0.027393
0 0.545955 0.341110 0.008006 0.035383
0 0.602594 0.345301 0.010109 0.036844
0 0.633023 0.363799 0.008896 0.041673
0 0.648429 0.356496 0.009513 0.037237
0 0.163369 0.372499 0.010355 0.048042
0 0.454601 0.320658 0.004350 0.025383
0 0.178007 0.370185 0.009903 0.044574
0 0.136507 0.385215 0.010968 0.050554
0 0.436715 0.361760 0.010299 0.042816
0 0.485446 0.330768 0.007426 0.029865
0 0.583668 0.331491 0.005844 0.031201
0 0.389983 0.332387 0.007626 0.031590
0 0.625957 0.346995 0.010434 0.023548
0 0.429190 0.317323 0.006119 0.022819
0 0.516904 0.326581 0.004713 0.016546
2 0.444679 0.336238 0.005712 0.027140
0 0.550822 0.322503 0.008184 0.027635
2 0.472749 0.311596 0.005277 0.019370
2 0.025572 0.349222 0.008173 0.035025
0 0.444688 0.336273 0.005841 0.027529