0 0.823338 0.444520 0.020274 0.062445
2 0.485462 0.351720 0.010364 0.042531
0 0.485021 0.455857 0.020177 0.069826
0 0.565750 0.359169 0.012621 0.038714
0 0.288040 0.379233 0.009696 0.042652
0 0.369441 0.342147 0.007144 0.036050
0 0.633321 0.343794 0.011385 0.034718
0 0.579669 0.359544 0.007810 0.039091
0 0.453631 0.349607 0.006819 0.036084
2 0.539946 0.354607 0.011283 0.039167
0 0.695187 0.348585 0.009098 0.035946
0 0.270182 0.381614 0.007996 0.050042
0 0.499520 0.357883 0.008995 0.040271
0 0.588337 0.346874 0.007733 0.033466
0 0.774388 0.410904 0.017207 0.054198
0 0.780587 0.373345 0.013692 0.033196
0 0.298132 0.421502 0.010373 0.057795
0 0.386014 0.349107 0.007711 0.036502
2 0.325741 0.377179 0.014819 0.047379
0 0.540111 0.354513 0.011495 0.038932
2 0.774129 0.411348 0.016301 0.054219
0 0.871954 0.595727 0.030558 0.102839
3 0.516764 0.370638 0.004185 0.006423
0 0.325635 0.376554 0.014923 0.047474
2 0.872097 0.595010 0.027517 0.104543