0 0.882468 0.420345 0.013484 0.059691
0 0.972156 0.432964 0.019707 0.062301
0 0.502345 0.582533 0.020426 0.107923
0 0.931590 0.399830 0.014508 0.056512
0 0.912807 0.370849 0.013262 0.048578
0 0.745083 0.374166 0.010671 0.045593
0 0.725046 0.379985 0.010892 0.044738
0 0.556203 0.385021 0.016129 0.046108
0 0.672901 0.356605 0.010694 0.041746
2 0.958803 0.547670 0.030590 0.101462
0 0.565834 0.343921 0.007946 0.033757
0 0.849714 0.348263 0.009497 0.032834
0 0.514695 0.328600 0.009313 0.022757
0 0.530007 0.323092 0.007071 0.019455
0 0.293704 0.397515 0.012461 0.051337
0 0.567141 0.342690 0.007101 0.035019
0 0.953564 0.377337 0.013066 0.046258
1 0.394591 0.325564 0.006886 0.029371
0 0.628550 0.331152 0.005707 0.026684
0 0.569071 0.340220 0.005972 0.033609
2 0.953602 0.377553 0.012981 0.046086
0 0.722323 0.356152 0.008613 0.025665
2 0.722404 0.355648 0.009011 0.025077