0 0.463252 0.365990 0.007976 0.039327
0 0.395442 0.360812 0.006872 0.037520
0 0.190507 0.406384 0.012326 0.053612
0 0.584871 0.340014 0.007798 0.034637
0 0.362334 0.378186 0.007947 0.048080
0 0.104316 0.423909 0.014489 0.062207
0 0.611676 0.359913 0.008407 0.037987
0 0.547510 0.347634 0.007685 0.036758
0 0.438732 0.368159 0.010735 0.057855
0 0.558303 0.349607 0.010391 0.038617
0 0.521110 0.348412 0.009513 0.038119
2 0.468929 0.343925 0.008442 0.037079
0 0.445784 0.337084 0.008549 0.033756
0 0.535855 0.337461 0.006329 0.028758
0 0.530123 0.350926 0.008545 0.040887
0 0.530949 0.355264 0.010821 0.046631
0 0.561035 0.325410 0.006022 0.024005