0 0.949240 0.400925 0.020522 0.057116
0 0.719085 0.524443 0.027692 0.090135
0 0.976113 0.405462 0.014976 0.054871
0 0.632318 0.357158 0.010458 0.042534
0 0.589812 0.381674 0.011376 0.048524
0 0.239490 0.421499 0.014782 0.055580
0 0.389039 0.399002 0.012448 0.056331
0 0.232526 0.435330 0.012259 0.066303
0 0.513589 0.367172 0.010307 0.047221
0 0.449912 0.381792 0.010485 0.053735
0 0.604621 0.350826 0.007501 0.039105
0 0.286135 0.463200 0.020133 0.067775
2 0.556056 0.435553 0.014287 0.068493
2 0.516626 0.481580 0.020216 0.071393
2 0.194940 0.361230 0.009595 0.034818
0 0.774934 0.407660 0.012370 0.058343
0 0.555952 0.435562 0.014257 0.068497
0 0.369181 0.388451 0.011179 0.051556
0 0.779536 0.407678 0.021692 0.058140
0 0.782811 0.415513 0.015215 0.041304
2 0.369275 0.388595 0.011258 0.051938
0 0.231036 0.433762 0.009898 0.060216
2 0.285979 0.463316 0.020140 0.067798
2 0.731561 0.323843 0.005907 0.019425