0 0.804703 0.515303 0.017139 0.086344
0 0.408257 0.468061 0.013183 0.073218
0 0.967991 0.401711 0.014169 0.054018
0 0.498808 0.354432 0.010842 0.033554
0 0.274745 0.402240 0.016559 0.040993
0 0.363797 0.386558 0.010522 0.044622
1 0.309622 0.341113 0.007679 0.036948
0 0.511590 0.389305 0.010673 0.050807
0 0.427396 0.428566 0.010595 0.063370
0 0.530979 0.386069 0.009199 0.044244
0 0.292950 0.398011 0.012940 0.047040
2 0.427385 0.429493 0.010505 0.065442
0 0.545374 0.446050 0.017665 0.062696
0 0.383899 0.400409 0.011123 0.054579
2 0.767378 0.636586 0.020163 0.111786
2 0.545494 0.446141 0.017497 0.062472
0 0.536727 0.356569 0.009414 0.033889
2 0.319259 0.392071 0.018039 0.055555
0 0.884924 0.429029 0.016435 0.059266
2 0.612948 0.319717 0.006461 0.020054
2 0.884691 0.429737 0.016205 0.059358
0 0.767626 0.636534 0.020033 0.112005
0 0.319417 0.391677 0.017892 0.056050
2 0.535012 0.406138 0.008088 0.030804