0 0.625579 0.383209 0.015189 0.050832
0 0.866243 0.371355 0.012563 0.045982
0 0.968403 0.440978 0.020983 0.067565
2 0.897370 0.400025 0.011714 0.056755
0 0.733270 0.380743 0.011888 0.051186
0 0.841408 0.385414 0.012519 0.047797
0 0.594365 0.389325 0.014090 0.050441
0 0.793686 0.376081 0.011471 0.048859
0 0.829575 0.474819 0.026465 0.078727
0 0.686136 0.450447 0.011510 0.064835
0 0.720793 0.396818 0.012779 0.054490
0 0.739633 0.354287 0.008626 0.034756
2 0.602858 0.364626 0.009411 0.045385
0 0.602963 0.364381 0.009206 0.045387
2 0.720870 0.396459 0.012334 0.054421
2 0.598358 0.318387 0.008256 0.031207
2 0.685891 0.450878 0.012126 0.066097