0 0.391437 0.478247 0.022242 0.079700
0 0.662835 0.374406 0.012794 0.047814
0 0.172827 0.424208 0.020102 0.059527
0 0.346021 0.388100 0.014863 0.049587
0 0.634941 0.364217 0.012706 0.043051
0 0.337267 0.367311 0.008825 0.038536
0 0.099410 0.384199 0.014981 0.047969
0 0.251321 0.355135 0.007423 0.029604
0 0.455458 0.387982 0.013948 0.049994
0 0.536676 0.349940 0.012184 0.035236
0 0.088427 0.430053 0.019902 0.060160
0 0.599715 0.390917 0.012563 0.054962
0 0.262405 0.348507 0.008100 0.030968
0 0.721681 0.355354 0.016156 0.041089
1 0.893296 0.363567 0.015642 0.044161
2 0.449500 0.462434 0.011364 0.071255
2 0.506081 0.366869 0.012224 0.043263
0 0.232492 0.360044 0.012064 0.034599
0 0.465633 0.355418 0.006277 0.038225
0 0.219619 0.367350 0.017893 0.040333
2 0.471287 0.379655 0.009033 0.040079
0 0.449550 0.462747 0.011562 0.073169
0 0.506018 0.366866 0.012257 0.044060
0 0.470539 0.377727 0.009312 0.042932