0 0.578098 0.419270 0.012255 0.058761
0 0.636781 0.363780 0.010577 0.043467
0 0.504609 0.450275 0.016497 0.070205
0 0.840332 0.393982 0.014537 0.055071
0 0.727106 0.437138 0.017227 0.062881
0 0.238221 0.412918 0.008147 0.054071
0 0.994081 0.406844 0.011839 0.060931
1 0.350586 0.346635 0.007360 0.036378
0 0.469631 0.366696 0.009677 0.043886
0 0.755412 0.350438 0.007959 0.036695
1 0.443464 0.334179 0.009485 0.036435
0 0.580640 0.349893 0.009143 0.036068
0 0.723110 0.398976 0.011989 0.032415
0 0.694757 0.326274 0.006153 0.026858
2 0.629365 0.312948 0.006305 0.026246
0 0.520870 0.326265 0.008794 0.029062
1 0.521004 0.326049 0.008689 0.029361
0 0.971271 0.100778 0.007246 0.034610