0 0.522915 0.370792 0.011528 0.046540
0 0.479068 0.330372 0.006276 0.031815
0 0.554092 0.394336 0.008474 0.051596
0 0.503195 0.322332 0.006157 0.029286
0 0.768425 0.399373 0.014248 0.056227
0 0.606469 0.364148 0.009472 0.048407
0 0.346233 0.372379 0.008376 0.040381
0 0.546719 0.334992 0.008381 0.030615
0 0.565628 0.377547 0.011545 0.046037
0 0.410097 0.370269 0.007758 0.044953
2 0.488167 0.340363 0.010800 0.044023
0 0.351867 0.358296 0.007165 0.038101
0 0.404247 0.340140 0.007205 0.035760
2 0.729985 0.328316 0.006904 0.028901
1 0.404413 0.339502 0.007097 0.034418
0 0.532210 0.316140 0.004747 0.023650
2 0.489435 0.337938 0.008695 0.039527
0 0.521536 0.317302 0.006140 0.026911