0 0.661907 0.376690 0.013884 0.046640
0 0.505633 0.384108 0.009285 0.049319
0 0.150184 0.430882 0.013410 0.061337
0 0.708391 0.348477 0.007997 0.040215
0 0.085207 0.596377 0.026266 0.115059
0 0.314821 0.335877 0.008092 0.033071
0 0.227792 0.364986 0.009152 0.043120
0 0.271078 0.342254 0.006502 0.035491
2 0.487833 0.350231 0.009434 0.038535
0 0.288793 0.351995 0.007228 0.037196
0 0.532084 0.343697 0.009545 0.038412
0 0.688284 0.330941 0.005937 0.028885
0 0.566986 0.331124 0.009403 0.029080
0 0.471710 0.379747 0.010724 0.045324
0 0.329035 0.335187 0.007913 0.025985
0 0.519501 0.332663 0.005484 0.028279
0 0.437328 0.335683 0.006286 0.031735
1 0.980186 0.364978 0.012425 0.046077
2 0.471797 0.379684 0.010891 0.045034
0 0.980259 0.364898 0.012408 0.046110
2 0.672956 0.333674 0.005530 0.028007
0 0.293076 0.339029 0.005454 0.023585