0 0.274638 0.451893 0.025856 0.058498
0 0.705302 0.474171 0.024245 0.066440
0 0.495838 0.337064 0.009650 0.027365
0 0.623595 0.370254 0.016450 0.046128
0 0.711030 0.432051 0.016561 0.036164
0 0.668206 0.364838 0.011513 0.042124
0 0.453824 0.408722 0.018777 0.051673
0 0.513140 0.340291 0.006700 0.030355
0 0.614151 0.341041 0.008519 0.031243
0 0.571733 0.335022 0.010303 0.028582
0 0.601811 0.353098 0.017264 0.037035
0 0.363054 0.368789 0.013603 0.039486
0 0.341497 0.345355 0.011096 0.037934
0 0.387557 0.347120 0.010120 0.036293
2 0.454731 0.347617 0.010137 0.039451
0 0.201014 0.354420 0.007186 0.035012
0 0.144685 0.396311 0.014461 0.052664
0 0.430574 0.330093 0.007680 0.026683
0 0.540918 0.343406 0.008721 0.030656
0 0.525497 0.332560 0.005539 0.024322
0 0.539549 0.344032 0.008244 0.031212
2 0.363120 0.368740 0.013813 0.039592
0 0.569897 0.334483 0.014449 0.027705