0 0.176404 0.433872 0.014584 0.057757
2 0.358133 0.408272 0.014528 0.060064
0 0.116555 0.678269 0.029362 0.138361
0 0.515543 0.471994 0.018388 0.074734
0 0.567532 0.416380 0.014919 0.058528
0 0.531660 0.407993 0.016682 0.060909
0 0.714049 0.433832 0.022184 0.067996
0 0.248867 0.442536 0.015962 0.064410
1 0.800075 0.360042 0.012396 0.044764
0 0.558205 0.372982 0.009986 0.042944
0 0.053476 0.424833 0.021829 0.065125
0 0.550450 0.354047 0.007100 0.035541
0 0.255342 0.402034 0.012823 0.056296
0 0.318764 0.380903 0.014060 0.040882
0 0.463626 0.365797 0.014997 0.040077
0 0.176147 0.365512 0.011145 0.036100
0 0.577945 0.594020 0.028508 0.112586
1 0.463626 0.366010 0.014955 0.040263
0 0.273568 0.337176 0.008443 0.028520