0 0.369936 0.340476 0.009554 0.030884
0 0.418322 0.328681 0.006426 0.026591
0 0.714928 0.346642 0.008662 0.035177
0 0.328728 0.387667 0.010367 0.049742
0 0.606978 0.335505 0.007323 0.034271
2 0.497761 0.335314 0.007543 0.034652
0 0.699090 0.377416 0.009019 0.047835
0 0.690933 0.374252 0.009448 0.046773
1 0.205873 0.342355 0.005997 0.035465
0 0.393735 0.322863 0.007361 0.025844
0 0.249734 0.370265 0.013264 0.040757
0 0.573714 0.334573 0.005753 0.028689
0 0.679773 0.355536 0.008206 0.040262
0 0.517644 0.323866 0.010094 0.027688
1 0.313970 0.330645 0.005048 0.028978
0 0.630135 0.333896 0.005494 0.028408
0 0.683266 0.356718 0.015022 0.039086
0 0.441015 0.318117 0.004687 0.028356
0 0.432742 0.316177 0.003533 0.020349
0 0.381689 0.317446 0.005960 0.023675