0 0.773636 0.370798 0.009660 0.045921
0 0.904238 0.442853 0.017616 0.067524
0 0.584472 0.351160 0.008884 0.036418
0 0.720143 0.444891 0.015254 0.062952
0 0.508966 0.396864 0.011398 0.048569
0 0.842143 0.370044 0.010315 0.047708
0 0.260248 0.550817 0.019203 0.097185
0 0.899696 0.358560 0.007842 0.036338
2 0.602724 0.401661 0.013425 0.056267
0 0.278284 0.546412 0.017836 0.067028
0 0.494068 0.343228 0.006465 0.037380
0 0.802000 0.345130 0.007361 0.033838
0 0.530888 0.352490 0.007882 0.035400
0 0.291102 0.417688 0.013328 0.051209
0 0.694363 0.344415 0.005783 0.031105
0 0.487252 0.352209 0.007431 0.037088
0 0.457940 0.334815 0.005915 0.032107
1 0.402334 0.360996 0.011843 0.040625
0 0.438354 0.338218 0.007484 0.035945
2 0.293463 0.471719 0.023546 0.072562
0 0.293475 0.471521 0.023516 0.073293
2 0.278258 0.545218 0.017871 0.068131
0 0.402407 0.360946 0.011963 0.041112