0 0.773765 0.376454 0.014202 0.047777
0 0.248453 0.371825 0.011064 0.048528
0 0.109569 0.464704 0.021612 0.069227
0 0.539787 0.431181 0.014655 0.067201
0 0.356351 0.369528 0.011529 0.044251
0 0.640493 0.387984 0.014114 0.052948
0 0.761042 0.427526 0.014498 0.063441
0 0.328139 0.402630 0.011366 0.054054
0 0.624288 0.423024 0.011687 0.059042
0 0.764461 0.513386 0.021062 0.086547
2 0.483738 0.366102 0.012797 0.044741
0 0.278258 0.379489 0.012990 0.050074
0 0.540783 0.373634 0.010373 0.043363
0 0.443308 0.359293 0.012959 0.041639
0 0.210261 0.398288 0.010980 0.050598
2 0.404501 0.322983 0.007488 0.024574
2 0.278158 0.379994 0.012817 0.049649
0 0.211081 0.404185 0.010929 0.045770
0 0.461967 0.338852 0.010436 0.027790
0 0.491607 0.347260 0.008198 0.029957
2 0.589407 0.537129 0.024792 0.093115
0 0.589791 0.537124 0.024961 0.092508
0 0.761132 0.512730 0.015133 0.084104