0 0.272009 0.360534 0.007774 0.034487
0 0.428738 0.367137 0.009322 0.037804
0 0.296879 0.350181 0.009760 0.027015
0 0.602986 0.436771 0.010848 0.043084
0 0.027889 0.382429 0.011736 0.038591
0 0.582141 0.444541 0.011139 0.066272
0 0.405754 0.343022 0.007310 0.027097
0 0.243228 0.341320 0.010077 0.026072
0 0.018044 0.386379 0.012140 0.036319
0 0.421321 0.334143 0.006632 0.030100
0 0.432938 0.337261 0.007768 0.029306
0 0.885109 0.482581 0.016003 0.064586
0 0.280292 0.340989 0.007210 0.023953
0 0.221469 0.343835 0.007288 0.032599
0 0.413938 0.327191 0.004802 0.024316
0 0.367314 0.360223 0.007199 0.021111
0 0.367022 0.352279 0.007597 0.036332
0 0.468539 0.327566 0.004824 0.025657
0 0.408750 0.329079 0.005276 0.026243
0 0.364649 0.335742 0.004843 0.021280
0 0.388237 0.333336 0.006010 0.025991
0 0.880787 0.464216 0.012745 0.033332