0 0.261574 0.373564 0.010365 0.043239
0 0.698509 0.505651 0.017419 0.085748
0 0.348761 0.562070 0.024350 0.110317
0 0.533789 0.546268 0.019448 0.097580
0 0.434601 0.415962 0.012539 0.057731
0 0.190704 0.377277 0.015939 0.047205
0 0.520706 0.501573 0.014497 0.086759
0 0.797227 0.468372 0.013362 0.049498
0 0.159950 0.516862 0.023246 0.093893
1 0.578323 0.350715 0.010378 0.034478
0 0.591950 0.536673 0.018485 0.092208
2 0.798341 0.535197 0.014094 0.091962
2 0.223943 0.493504 0.020007 0.077200
2 0.160323 0.516338 0.023936 0.094892
2 0.592357 0.536444 0.019456 0.092245
0 0.222738 0.487088 0.016727 0.067097