0 0.275505 0.487128 0.019836 0.079841
0 0.608349 0.399290 0.013821 0.053450
2 0.564799 0.425388 0.013651 0.061335
0 0.653665 0.555127 0.021677 0.098899
0 0.543348 0.464206 0.011600 0.078319
0 0.809542 0.415435 0.017608 0.056362
0 0.524289 0.359151 0.008124 0.039076
0 0.203470 0.426444 0.013373 0.059003
0 0.425993 0.366651 0.007498 0.040814
0 0.192483 0.438438 0.013187 0.050669
0 0.328043 0.388931 0.013376 0.048011
0 0.360884 0.393476 0.009335 0.046935
2 0.347104 0.461597 0.016257 0.063053
2 0.693172 0.325046 0.006391 0.019086
0 0.611729 0.459636 0.014623 0.067699
0 0.343780 0.383238 0.010094 0.043348
0 0.655602 0.345668 0.006313 0.032794
1 0.421089 0.338116 0.008370 0.034070
0 0.347293 0.461565 0.016621 0.063830
0 0.344959 0.432077 0.010938 0.034125
0 0.421008 0.338205 0.008392 0.033469
2 0.905556 0.487420 0.026072 0.075884
0 0.473021 0.622600 0.021493 0.123663
2 0.224840 0.589618 0.026536 0.104574
0 0.361576 0.399946 0.007071 0.038942
0 0.471274 0.657120 0.009681 0.053393
2 0.327849 0.388819 0.013359 0.047614
0 0.564769 0.424726 0.013547 0.059945
0 0.344507 0.426507 0.009356 0.039480
0 0.907102 0.488509 0.024894 0.077291