0 0.339666 0.396432 0.013033 0.049336
0 0.380622 0.369384 0.011982 0.043902
0 0.107560 0.477006 0.013253 0.076674
0 0.361011 0.377023 0.011264 0.048057
0 0.555696 0.412525 0.011949 0.056607
0 0.292412 0.405914 0.014317 0.056109
2 0.470518 0.477859 0.016423 0.073238
0 0.497432 0.551539 0.018971 0.085070
0 0.446164 0.373139 0.014449 0.045775
0 0.461424 0.541252 0.020564 0.063818
0 0.490697 0.488653 0.017262 0.074324
0 0.417641 0.356683 0.008439 0.042601
0 0.390597 0.361607 0.008250 0.045094
0 0.396253 0.361186 0.006956 0.045748
0 0.410742 0.355966 0.008799 0.043768
0 0.403156 0.363059 0.009997 0.046363
1 0.545961 0.341805 0.008271 0.036581
0 0.392971 0.360540 0.010341 0.045300
0 0.860013 0.463378 0.015625 0.060203
0 0.490677 0.475172 0.016742 0.047875
0 0.509652 0.570118 0.012423 0.049366