0 0.450577 0.390825 0.013458 0.050791
0 0.481333 0.444417 0.013240 0.070192
0 0.177186 0.374383 0.008680 0.049051
0 0.486088 0.527204 0.018692 0.080661
0 0.891140 0.532108 0.020490 0.086721
0 0.494850 0.378911 0.010803 0.049351
0 0.617139 0.352339 0.009089 0.037203
2 0.530810 0.500252 0.016890 0.086806
0 0.908711 0.415378 0.014724 0.063548
0 0.437447 0.363627 0.010506 0.042261
0 0.683132 0.412015 0.014826 0.055982
0 0.835632 0.370248 0.009737 0.044716
0 0.478462 0.345237 0.008123 0.039527
0 0.463296 0.504037 0.024591 0.089478
0 0.074538 0.410693 0.015471 0.058556
2 0.059579 0.462614 0.018749 0.069954
0 0.249419 0.385720 0.011918 0.050226
0 0.311924 0.522491 0.025037 0.087174
0 0.059450 0.462915 0.018362 0.069632
2 0.310422 0.325165 0.006288 0.025794
2 0.141575 0.391154 0.011996 0.056154
0 0.362051 0.432484 0.017114 0.056672
0 0.248473 0.363704 0.011878 0.022936
0 0.141630 0.390997 0.012228 0.055892
0 0.248860 0.367887 0.012207 0.029427