0 0.580543 0.368360 0.013622 0.045330
0 0.685368 0.361561 0.012315 0.044830
1 0.405458 0.333652 0.008830 0.027171
0 0.674961 0.418117 0.016537 0.057369
0 0.728046 0.363486 0.007684 0.042547
0 0.807080 0.374998 0.013629 0.044561
0 0.479671 0.445780 0.017728 0.062238
2 0.778895 0.384852 0.015562 0.054374
0 0.655317 0.354320 0.010455 0.040522
0 0.959420 0.413052 0.012824 0.054049
2 0.602670 0.363190 0.013839 0.042311
0 0.720627 0.344695 0.011639 0.028122
0 0.562435 0.369082 0.010467 0.042314
2 0.583529 0.571365 0.026777 0.096638
0 0.708471 0.336787 0.007363 0.029596
0 0.583522 0.571715 0.026217 0.095364
0 0.602755 0.363240 0.014121 0.041939