0 0.737758 0.474288 0.016770 0.079714
0 0.415319 0.415418 0.011298 0.060434
0 0.545873 0.339651 0.007939 0.031879
2 0.662224 0.352209 0.009325 0.039127
0 0.719509 0.355606 0.008998 0.036877
0 0.776466 0.349147 0.007575 0.033477
0 0.609768 0.340558 0.007693 0.034791
0 0.234473 0.407883 0.012623 0.054709
0 0.808998 0.351417 0.007432 0.038703
0 0.523922 0.339930 0.006028 0.031684
0 0.284675 0.353028 0.007693 0.039858
0 0.907280 0.356601 0.009168 0.040024
0 0.878621 0.365259 0.015334 0.063210
0 0.970933 0.432036 0.019470 0.066178
0 0.737437 0.333991 0.008589 0.031388
0 0.196175 0.342890 0.007829 0.034493
0 0.291721 0.319631 0.005778 0.026139
2 0.637232 0.340212 0.005814 0.031926
0 0.877253 0.372602 0.012756 0.048852
0 0.443407 0.327122 0.006430 0.029586
0 0.877007 0.379944 0.012510 0.033996