0 0.723629 0.432810 0.017191 0.062866
0 0.680250 0.369113 0.015046 0.041798
0 0.759043 0.455708 0.016673 0.074215
0 0.490377 0.360520 0.014192 0.041358
0 0.547043 0.345053 0.007687 0.034670
0 0.367457 0.362583 0.009497 0.042451
0 0.470533 0.436537 0.011391 0.067235
0 0.200347 0.479329 0.024971 0.075975
2 0.448253 0.351053 0.011520 0.039909
0 0.510923 0.342416 0.007816 0.034526
0 0.635228 0.366778 0.011146 0.049261
1 0.949575 0.368688 0.010031 0.049048
0 0.565643 0.335644 0.010400 0.031499
0 0.576076 0.335786 0.006617 0.031965
0 0.278689 0.351626 0.008282 0.036945
0 0.411082 0.342723 0.011232 0.030624
0 0.607801 0.341262 0.009394 0.030604
0 0.374656 0.356212 0.007106 0.034444
0 0.162802 0.398335 0.011400 0.052282
0 0.410375 0.335257 0.010072 0.034173
0 0.444381 0.328219 0.006005 0.029278
0 0.408591 0.333331 0.007225 0.032407
2 0.445067 0.328073 0.007486 0.030185