0 0.834966 0.501787 0.020051 0.083322
0 0.992465 0.370091 0.011093 0.043362
0 0.885314 0.427394 0.017244 0.062287
2 0.686641 0.366068 0.009278 0.044729
0 0.643332 0.356601 0.005899 0.036293
0 0.656802 0.362054 0.010307 0.043601
0 0.606921 0.387780 0.011319 0.049752
0 0.724010 0.341519 0.007886 0.030655
0 0.960440 0.394299 0.013622 0.054634
1 0.336498 0.350708 0.009034 0.036086
0 0.967351 0.551068 0.029877 0.096628
0 0.701563 0.322411 0.007137 0.024825
0 0.260389 0.412899 0.012354 0.054995
0 0.862673 0.350650 0.013141 0.037192
0 0.479049 0.331919 0.008332 0.031819
2 0.630566 0.313616 0.006193 0.024710
0 0.467180 0.366464 0.006323 0.042664
0 0.437842 0.416016 0.012568 0.059979
2 0.437704 0.416179 0.012468 0.059938
1 0.260187 0.412497 0.012257 0.054478