0 0.502035 0.371704 0.010945 0.045854
0 0.212008 0.476297 0.018809 0.074265
0 0.712128 0.469934 0.018073 0.078008
0 0.159906 0.455275 0.018179 0.063632
0 0.682423 0.423369 0.020398 0.064464
0 0.907541 0.567682 0.026738 0.104540
0 0.750645 0.492685 0.016949 0.086505
0 0.564150 0.613516 0.021485 0.107481
0 0.594770 0.519503 0.021817 0.060024
0 0.594389 0.563890 0.012397 0.038574
0 0.414172 0.576488 0.031453 0.105036
0 0.867503 0.461384 0.021030 0.076142
0 0.386413 0.365074 0.009757 0.045191
2 0.431711 0.469650 0.018570 0.080230
0 0.562542 0.522446 0.014825 0.050348
1 0.796763 0.352298 0.009445 0.043121
0 0.287080 0.716319 0.033299 0.102706
0 0.562506 0.534470 0.015604 0.075306
2 0.287025 0.735957 0.032375 0.142902
0 0.286983 0.737463 0.032959 0.150684
0 0.861793 0.439646 0.016150 0.041334
2 0.049635 0.343584 0.008583 0.029225
0 0.434030 0.451710 0.012559 0.045676
0 0.796841 0.351877 0.009415 0.043486
2 0.588138 0.308626 0.005087 0.019669
0 0.855972 0.475523 0.009305 0.032427