0 0.779414 0.416898 0.011608 0.063756
0 0.427814 0.437917 0.021869 0.062823
0 0.762361 0.415514 0.018457 0.061133
0 0.814211 0.411367 0.011126 0.058240
0 0.649344 0.354140 0.006066 0.037872
0 0.573589 0.384176 0.013661 0.049872
0 0.417282 0.355804 0.009388 0.038731
0 0.351742 0.379844 0.011493 0.041798
0 0.407243 0.341271 0.007850 0.035843
0 0.351085 0.419386 0.011248 0.053220
0 0.586131 0.377291 0.010318 0.044875
2 0.351094 0.420023 0.010953 0.052151
0 0.471233 0.330959 0.006173 0.032033
0 0.511257 0.331550 0.005671 0.032723
2 0.370624 0.364137 0.010411 0.043746
0 0.352049 0.347862 0.006552 0.031630