0 0.630414 0.491562 0.015056 0.078575
0 0.927654 0.528992 0.022926 0.086109
0 0.927819 0.440094 0.017688 0.070601
0 0.492691 0.447803 0.016771 0.072318
0 0.335870 0.491389 0.014685 0.087439
0 0.873512 0.396246 0.018016 0.054841
0 0.722129 0.382827 0.008907 0.048586
0 0.582773 0.349154 0.005931 0.036963
2 0.451069 0.348945 0.008711 0.039346
0 0.712860 0.385334 0.011314 0.046788
0 0.278692 0.349904 0.009880 0.040580
0 0.966213 0.430583 0.018025 0.065988
0 0.441507 0.342823 0.005770 0.036146
0 0.656589 0.712499 0.038404 0.130918
0 0.759027 0.458591 0.011771 0.070692
0 0.598882 0.345313 0.007697 0.033743
2 0.966323 0.430827 0.017859 0.065621
2 0.392471 0.414648 0.022065 0.060950
0 0.392437 0.414742 0.022190 0.061565
2 0.258382 0.628997 0.039375 0.117713