2 0.704096 0.396739 0.011906 0.057915
0 0.478270 0.461309 0.011871 0.073340
0 0.607842 0.371249 0.008255 0.041309
0 0.816483 0.422201 0.015736 0.061658
0 0.651225 0.432768 0.011382 0.061485
0 0.224870 0.443656 0.010875 0.064986
0 0.519606 0.367651 0.007201 0.044742
0 0.441209 0.366657 0.012040 0.043903
0 0.771993 0.658313 0.039679 0.126590
1 0.343538 0.347593 0.008388 0.036669
0 0.783469 0.348511 0.011042 0.035591
0 0.716673 0.330122 0.005445 0.026570
2 0.631064 0.314814 0.005818 0.020422
1 0.505465 0.325639 0.007080 0.031003
1 0.410456 0.337677 0.006024 0.034476
2 0.631352 0.311292 0.006480 0.027233
0 0.950473 0.645914 0.024790 0.120569
0 0.478171 0.446635 0.010968 0.043688