0 0.392788 0.416659 0.012709 0.060921
0 0.247471 0.374111 0.011728 0.046995
0 0.693195 0.360855 0.009218 0.042573
0 0.412219 0.355187 0.008088 0.038760
1 0.106125 0.352813 0.008439 0.036441
0 0.188713 0.382419 0.010206 0.047621
2 0.472950 0.341520 0.008902 0.038894
0 0.393687 0.329286 0.007799 0.026977
0 0.292555 0.338829 0.005938 0.032510
0 0.706882 0.348786 0.006410 0.034852
0 0.281884 0.337738 0.006703 0.032395
0 0.624639 0.335230 0.005593 0.028761
0 0.587301 0.345661 0.007519 0.036674
2 0.320729 0.321490 0.004870 0.019226
0 0.594355 0.337906 0.006834 0.029670
0 0.199788 0.346921 0.007747 0.035314
0 0.530417 0.333990 0.007065 0.024827
0 0.589995 0.401552 0.010449 0.050799
0 0.421488 0.335077 0.005374 0.028912
0 0.484968 0.348597 0.007428 0.037320
0 0.710502 0.344552 0.005246 0.032766