0 0.510621 0.413330 0.011697 0.058211
0 0.407925 0.345279 0.006535 0.030710
0 0.618606 0.363487 0.009006 0.038888
0 0.473281 0.339567 0.006787 0.029530
0 0.689994 0.364118 0.011006 0.043041
0 0.377982 0.386382 0.011062 0.043059
0 0.444660 0.336257 0.006147 0.032468
0 0.846375 0.375032 0.014209 0.046574
0 0.766609 0.403163 0.014466 0.060994
2 0.514060 0.339711 0.009823 0.036103
0 0.488552 0.325623 0.007487 0.029298
0 0.640243 0.335702 0.005276 0.029595
0 0.646997 0.335215 0.007286 0.028509
0 0.627609 0.322449 0.005926 0.031609
0 0.368342 0.347845 0.007463 0.030619
0 0.556105 0.323235 0.008390 0.027401
0 0.620280 0.334146 0.004626 0.023016
0 0.376944 0.336334 0.009764 0.031849
0 0.417119 0.327397 0.005052 0.024240