0 0.590609 0.350655 0.007168 0.039629
0 0.877323 0.436107 0.012168 0.063076
0 0.379313 0.454604 0.013460 0.060042
0 0.558794 0.357374 0.008371 0.041318
0 0.229704 0.530952 0.015139 0.088885
2 0.277834 0.434592 0.013194 0.059003
0 0.369400 0.447139 0.014712 0.061968
2 0.529896 0.363988 0.008427 0.042923
0 0.550720 0.351451 0.006822 0.039964
0 0.602731 0.350238 0.006625 0.039320
0 0.628501 0.348974 0.008367 0.040903
0 0.638376 0.355031 0.011921 0.044572
0 0.277766 0.434773 0.013210 0.059181
0 0.647624 0.351521 0.008618 0.045654
0 0.529931 0.363990 0.008409 0.042765
0 0.623533 0.341079 0.004770 0.022441
1 0.441253 0.333544 0.007652 0.036982