2 0.590910 0.371254 0.009890 0.041345
0 0.647859 0.372049 0.008740 0.045061
0 0.379866 0.540178 0.013953 0.087810
0 0.372730 0.451862 0.013629 0.065145
0 0.627603 0.341351 0.006182 0.032242
0 0.554183 0.350563 0.009558 0.039862
0 0.530098 0.362537 0.010178 0.042869
0 0.876438 0.433132 0.015014 0.063188
0 0.621375 0.343272 0.006857 0.034803
0 0.590542 0.342604 0.006689 0.028889
0 0.271861 0.433147 0.015452 0.057005
2 0.372709 0.451482 0.013462 0.064596
2 0.577984 0.349215 0.010743 0.042005
2 0.565539 0.352163 0.010130 0.037601
0 0.239959 0.532407 0.016393 0.092734
0 0.606446 0.348055 0.006739 0.040320
0 0.608899 0.349029 0.007453 0.037666
0 0.596585 0.347772 0.007823 0.037790
1 0.434266 0.334216 0.009407 0.034154
0 0.610277 0.348092 0.005793 0.036506
2 0.596612 0.347947 0.007859 0.037729