0 0.484432 0.442222 0.011716 0.067937
0 0.760983 0.379700 0.009297 0.046328
0 0.800456 0.398961 0.010140 0.057426
0 0.555253 0.346927 0.008912 0.035402
0 0.242716 0.538100 0.020953 0.097473
0 0.010352 0.458565 0.019453 0.069043
0 0.775057 0.434432 0.016998 0.063588
0 0.484747 0.355538 0.009805 0.043986
0 0.543275 0.504889 0.013636 0.084937
2 0.618903 0.449533 0.014365 0.073315
0 0.169664 0.360397 0.010388 0.047023
0 0.284174 0.344084 0.007992 0.032079
0 0.520798 0.344943 0.007638 0.035876
0 0.270436 0.366400 0.006416 0.030861
0 0.499020 0.390278 0.007814 0.049895
0 0.273952 0.390663 0.009606 0.049748
0 0.510959 0.353006 0.006956 0.033992
2 0.298441 0.325170 0.006442 0.024876
0 0.093928 0.396439 0.010878 0.054500
0 0.506878 0.389163 0.008393 0.048724
2 0.460421 0.603900 0.022606 0.118219
0 0.505684 0.346155 0.006769 0.035473
1 0.093921 0.396357 0.010960 0.054612
0 0.508124 0.387156 0.008489 0.046469
0 0.505360 0.389105 0.007396 0.049166
0 0.460047 0.604701 0.022191 0.118998
0 0.501623 0.392119 0.009628 0.052826
0 0.618888 0.449846 0.014145 0.074384