0 0.502383 0.351217 0.011041 0.037717
0 0.552876 0.360782 0.008973 0.040422
0 0.580974 0.347161 0.008937 0.035572
0 0.479170 0.384273 0.009469 0.051058
0 0.123728 0.367843 0.010868 0.045959
0 0.655345 0.365652 0.008115 0.045981
0 0.622151 0.356198 0.008516 0.041810
2 0.519130 0.350004 0.010993 0.041823
0 0.143458 0.362465 0.007898 0.042377
0 0.630850 0.351559 0.007901 0.038681
0 0.337605 0.389365 0.007915 0.050626
0 0.371126 0.364698 0.009567 0.044844
0 0.560004 0.345815 0.006549 0.035372
0 0.555034 0.327330 0.006449 0.027451
0 0.664789 0.359686 0.007731 0.039500
0 0.585529 0.329256 0.005391 0.028353
1 0.371131 0.364435 0.009846 0.044887
0 0.465161 0.322718 0.004969 0.025769
0 0.673874 0.336998 0.007700 0.036053