0 0.796525 0.570163 0.021040 0.102301
0 0.622725 0.388476 0.012171 0.054132
0 0.255978 0.449642 0.014783 0.065530
0 0.208036 0.440499 0.017856 0.067098
0 0.313115 0.362059 0.009939 0.041472
0 0.490219 0.386284 0.010558 0.052328
0 0.471432 0.415628 0.012774 0.059245
0 0.583591 0.375153 0.013272 0.050510
0 0.062033 0.394329 0.023961 0.054883
2 0.017486 0.344368 0.010133 0.040000
0 0.475706 0.380659 0.008625 0.046122
0 0.519169 0.394642 0.018343 0.026537
2 0.882176 0.157009 0.004502 0.019889
0 0.470619 0.389193 0.007332 0.038595
2 0.288803 0.326243 0.006220 0.024056
0 0.157253 0.341006 0.006063 0.031437
2 0.500377 0.375940 0.008420 0.043953