0 0.647345 0.418482 0.013067 0.056803
0 0.796992 0.368145 0.009518 0.046306
0 0.506644 0.363944 0.009104 0.041341
0 0.357768 0.373278 0.011163 0.043471
0 0.686024 0.372481 0.010481 0.039052
0 0.756056 0.366695 0.010514 0.042603
0 0.588610 0.346236 0.008151 0.034230
0 0.725309 0.341083 0.007026 0.032990
2 0.617940 0.352291 0.007182 0.035391
0 0.606919 0.338974 0.006580 0.032659
1 0.036754 0.368208 0.012149 0.045746
0 0.677022 0.338577 0.008236 0.031562
0 0.914327 0.427299 0.015874 0.053022
0 0.373073 0.338220 0.008415 0.031056
0 0.562778 0.338688 0.008225 0.030847
2 0.522518 0.366492 0.007588 0.044512
0 0.585132 0.332820 0.005738 0.026592
0 0.493307 0.337220 0.005829 0.028247
2 0.617227 0.345455 0.007440 0.028805
0 0.503342 0.337800 0.006893 0.024977