0 0.473493 0.356746 0.008773 0.038603
0 0.582218 0.336776 0.007403 0.033839
0 0.564791 0.337266 0.006825 0.034790
0 0.633345 0.367563 0.009459 0.045541
0 0.532747 0.358125 0.006368 0.040917
0 0.478542 0.386109 0.011053 0.049184
0 0.542930 0.335378 0.007229 0.034843
0 0.439595 0.355460 0.006631 0.041820
0 0.657831 0.364520 0.007678 0.041269
0 0.494684 0.351292 0.007276 0.042507
0 0.503526 0.352806 0.007036 0.042544
0 0.553373 0.330666 0.005436 0.031373
0 0.544330 0.360859 0.012703 0.044194
0 0.519006 0.353977 0.006561 0.039167
0 0.239331 0.360768 0.010260 0.039367
0 0.447075 0.356203 0.008040 0.039266
0 0.508834 0.355158 0.006877 0.039475
1 0.693915 0.342152 0.007581 0.038441
0 0.505662 0.354414 0.009987 0.040615
0 0.547785 0.359972 0.006748 0.044289
0 0.468259 0.320837 0.005463 0.025169
2 0.863094 0.158131 0.005091 0.020739
2 0.530965 0.310852 0.005893 0.024165
2 0.140342 0.338728 0.007818 0.030279