0 0.683982 0.437361 0.012702 0.064718
0 0.761796 0.391031 0.013969 0.053041
0 0.507914 0.364128 0.011438 0.042152
0 0.592427 0.405869 0.011977 0.052121
0 0.529541 0.337434 0.006734 0.033333
2 0.626721 0.357081 0.009536 0.044969
0 0.643907 0.329328 0.007680 0.024858
0 0.545852 0.339987 0.007906 0.032195
0 0.862830 0.371263 0.016381 0.042601
0 0.660628 0.331488 0.005987 0.027278
0 0.935610 0.430978 0.018624 0.068115
0 0.486893 0.372982 0.009005 0.047398
0 0.569085 0.352149 0.007776 0.038151
0 0.518466 0.352179 0.008189 0.033906
0 0.679983 0.354919 0.007317 0.037988
0 0.669749 0.348615 0.008723 0.037448
0 0.550887 0.357741 0.014908 0.041117
0 0.785298 0.375256 0.016225 0.044707
0 0.583485 0.328536 0.005659 0.024188
2 0.581133 0.352980 0.010075 0.033901
2 0.607066 0.309272 0.006125 0.023249
0 0.487891 0.341969 0.010238 0.030732
0 0.934818 0.449105 0.017351 0.033268
0 0.789157 0.372924 0.008904 0.041646