0 0.760319 0.437899 0.021992 0.068478
0 0.577326 0.544321 0.018448 0.091811
0 0.434694 0.428531 0.019100 0.060867
0 0.784886 0.553998 0.024211 0.106010
0 0.291682 0.370891 0.014131 0.043519
0 0.392035 0.679389 0.023533 0.131891
0 0.465255 0.377780 0.010346 0.048376
0 0.385950 0.420492 0.008862 0.057791
0 0.584446 0.425922 0.011982 0.058481
0 0.319020 0.506849 0.018330 0.088160
0 0.546315 0.400367 0.013893 0.054508
0 0.064802 0.504673 0.023557 0.087380
2 0.297896 0.462434 0.018325 0.073588
0 0.034971 0.363839 0.011135 0.036693
0 0.564470 0.350681 0.008072 0.038610
0 0.292428 0.661551 0.036539 0.114105
0 0.098712 0.677738 0.021046 0.098777
2 0.288816 0.666338 0.043026 0.144138
2 0.064546 0.504546 0.022709 0.086953
0 0.298000 0.460183 0.018003 0.076347