0 0.865028 0.449985 0.023393 0.070747
0 0.528564 0.426681 0.012299 0.066351
0 0.763497 0.505429 0.013811 0.085182
0 0.828185 0.373606 0.013813 0.045676
0 0.652277 0.400083 0.015674 0.051321
2 0.481266 0.427215 0.013411 0.064183
0 0.464817 0.429332 0.010510 0.065631
0 0.637257 0.373241 0.012347 0.042868
0 0.724991 0.352636 0.008862 0.035746
0 0.534529 0.385532 0.009937 0.049057
0 0.394522 0.368225 0.009589 0.046011
0 0.917575 0.408565 0.021084 0.058883
0 0.774837 0.356321 0.011854 0.038159
0 0.862279 0.388025 0.017234 0.050685
0 0.776821 0.447959 0.015202 0.066945
1 0.073992 0.382515 0.014054 0.051825
0 0.961564 0.544185 0.030223 0.092064
2 0.776784 0.448060 0.015124 0.066586
0 0.376527 0.495298 0.016331 0.081992
2 0.994033 0.331186 0.008028 0.029336
0 0.552269 0.340882 0.007773 0.032872
0 0.635237 0.349275 0.005619 0.026233