0 0.300172 0.360339 0.012552 0.037688
0 0.690686 0.462505 0.019123 0.069231
0 0.011859 0.443168 0.022545 0.066539
0 0.579811 0.394511 0.014397 0.051056
0 0.436877 0.470277 0.025731 0.064142
0 0.602825 0.435317 0.012605 0.065551
0 0.594073 0.398284 0.015315 0.049561
0 0.554984 0.373831 0.014407 0.038294
0 0.353115 0.389514 0.015416 0.047323
0 0.177466 0.521255 0.027937 0.087350
0 0.511238 0.532316 0.027256 0.076909
0 0.883472 0.374975 0.016954 0.045183
0 0.374112 0.706772 0.021563 0.070841
0 0.779449 0.624870 0.038759 0.089493
0 0.632730 0.819095 0.044347 0.110817
2 0.194391 0.665172 0.029214 0.114533
0 0.633480 0.842061 0.045847 0.157580
2 0.157821 0.338850 0.009369 0.029144
2 0.511172 0.531580 0.027512 0.075836
0 0.194893 0.665890 0.027733 0.113817
2 0.138983 0.544250 0.030918 0.087063
2 0.950552 0.159266 0.005165 0.019452