0 0.458039 0.359244 0.012165 0.034358
0 0.565418 0.332958 0.006082 0.030569
0 0.590181 0.403505 0.008517 0.055267
0 0.349524 0.338983 0.006970 0.035023
0 0.294206 0.379831 0.008280 0.044016
0 0.535418 0.356117 0.012726 0.042020
0 0.361726 0.339424 0.006865 0.033152
0 0.497081 0.342018 0.007942 0.033161
0 0.412217 0.340975 0.006259 0.029915
0 0.483946 0.340061 0.009416 0.031686
1 0.088740 0.354899 0.009895 0.038654
0 0.640533 0.364972 0.008226 0.041932
0 0.308530 0.351100 0.009229 0.038781
0 0.339027 0.372430 0.009523 0.046209
0 0.505511 0.342450 0.008139 0.034295
0 0.590382 0.334921 0.006959 0.032313
0 0.634285 0.392377 0.010211 0.049923
0 0.636898 0.345290 0.007497 0.037098
0 0.419999 0.324997 0.006665 0.022809
0 0.468167 0.333354 0.007575 0.025780
0 0.427485 0.346040 0.008517 0.032041
2 0.427366 0.346237 0.008511 0.032776