0 0.409296 0.389265 0.012155 0.054417
0 0.303757 0.422540 0.017282 0.059236
0 0.177981 0.389786 0.016596 0.042751
0 0.373364 0.363215 0.012486 0.041293
0 0.498927 0.379197 0.010620 0.048258
0 0.549064 0.404304 0.015139 0.055960
0 0.324422 0.509188 0.017462 0.079811
0 0.433290 0.497725 0.022687 0.077256
0 0.111944 0.406333 0.014068 0.047139
0 0.191135 0.358032 0.009050 0.034289
0 0.684827 0.373884 0.011547 0.042829
0 0.457540 0.384943 0.010713 0.049583
0 0.462378 0.360569 0.009993 0.039216
0 0.068469 0.399191 0.019893 0.045539
2 0.220047 0.333902 0.007622 0.027404
0 0.383352 0.408307 0.014688 0.047637
0 0.819264 0.365655 0.016203 0.043473
1 0.819077 0.366040 0.016627 0.042876
0 0.065450 0.393325 0.014843 0.037060
0 0.063364 0.392259 0.010127 0.035516
0 0.430988 0.490653 0.018164 0.062730
2 0.383287 0.408643 0.014781 0.048190
0 0.302337 0.384098 0.012004 0.033414