0 0.564652 0.449362 0.013006 0.072475
0 0.531776 0.441021 0.015084 0.062909
0 0.543852 0.483627 0.016653 0.075041
0 0.909432 0.519086 0.018293 0.084998
0 0.398543 0.361010 0.008769 0.041280
0 0.448031 0.489799 0.019172 0.081594
0 0.478601 0.603737 0.020993 0.112125
0 0.649922 0.399233 0.008533 0.053422
0 0.552843 0.387534 0.009749 0.047596
0 0.608800 0.377565 0.010620 0.049052
0 0.701666 0.415435 0.012642 0.058125
0 0.752490 0.363003 0.008661 0.038729
0 0.948545 0.429220 0.020410 0.065395
0 0.356024 0.361813 0.012701 0.037700
0 0.514562 0.461738 0.018967 0.076775
0 0.761398 0.363437 0.007095 0.040204
0 0.718959 0.412902 0.008694 0.055180
0 0.270884 0.378217 0.009865 0.040554
0 0.384305 0.357665 0.009606 0.034284
0 0.255422 0.378001 0.009393 0.044838
0 0.378131 0.349880 0.008533 0.041561
0 0.262661 0.389135 0.010135 0.050162
0 0.286902 0.403848 0.006008 0.022897
0 0.241161 0.386584 0.013295 0.047644
0 0.334458 0.369489 0.009250 0.045081
0 0.227632 0.379288 0.014258 0.047976
1 0.014240 0.374576 0.016330 0.043067
0 0.561909 0.381559 0.010570 0.046799
0 0.292428 0.367572 0.008506 0.031674
0 0.393204 0.944478 0.014263 0.063756
0 0.241814 0.402179 0.006555 0.022271
2 0.334444 0.369055 0.009227 0.045451
0 0.285717 0.379886 0.008750 0.029813
2 0.561971 0.379388 0.010504 0.048443
0 0.703385 0.420558 0.011488 0.050114