0 0.616877 0.406472 0.012601 0.052310
0 0.747330 0.391629 0.016260 0.053764
0 0.585858 0.373932 0.008618 0.043778
0 0.574625 0.373981 0.008207 0.046850
0 0.656170 0.386355 0.011608 0.049979
0 0.561441 0.399210 0.012031 0.058812
0 0.526025 0.390019 0.011655 0.050599
0 0.310077 0.370923 0.009380 0.046173
0 0.129829 0.396415 0.013300 0.052993
0 0.259959 0.368547 0.007073 0.043921
0 0.448859 0.353440 0.010407 0.038767
0 0.470805 0.336991 0.007179 0.031443
0 0.288654 0.371387 0.011250 0.042967
0 0.092809 0.387001 0.012517 0.052754
0 0.440817 0.343902 0.005859 0.034877
0 0.633668 0.381780 0.008751 0.045338
2 0.486946 0.356452 0.007388 0.036342
0 0.337125 0.387860 0.008515 0.045899
0 0.202202 0.392092 0.010746 0.055478
0 0.116530 0.411726 0.010230 0.056190
0 0.639223 0.390247 0.007541 0.045980
0 0.208962 0.398221 0.010422 0.051190
2 0.337146 0.388118 0.008557 0.046385
0 0.116923 0.420763 0.009775 0.038707
0 0.525003 0.378525 0.013030 0.053967