1 0.417571 0.345487 0.009317 0.040707
0 0.869690 0.440766 0.013255 0.064462
0 0.763139 0.360715 0.015052 0.041799
0 0.782614 0.366278 0.008827 0.042705
0 0.554908 0.398313 0.012059 0.049348
0 0.800072 0.423886 0.018038 0.062758
0 0.550698 0.382024 0.007336 0.040610
0 0.427037 0.623854 0.029350 0.120948
2 0.544142 0.485935 0.028444 0.082207
2 0.607911 0.516123 0.026247 0.089927
2 0.787180 0.328274 0.007546 0.031061
0 0.660407 0.737421 0.028147 0.081092
2 0.800113 0.423633 0.017724 0.062458
3 0.525435 0.459684 0.005695 0.008702
0 0.280718 0.478028 0.015354 0.047724
0 0.262084 0.561900 0.019910 0.036633
0 0.424867 0.621724 0.021093 0.113965