0 0.935373 0.479938 0.021840 0.079923
0 0.962662 0.460921 0.022032 0.072263
0 0.764547 0.406570 0.019083 0.057112
0 0.656225 0.386048 0.011065 0.044864
0 0.428658 0.396957 0.014092 0.052167
0 0.936552 0.372881 0.014749 0.040596
0 0.451940 0.357934 0.008762 0.041516
0 0.727073 0.546724 0.017069 0.069009
0 0.473647 0.521040 0.027228 0.085113
0 0.622596 0.346097 0.009310 0.034847
0 0.533119 0.402752 0.015883 0.054743
0 0.726158 0.561217 0.019014 0.098064
0 0.911266 0.354981 0.008501 0.032492
2 0.729666 0.327447 0.008508 0.020506
0 0.246390 0.317135 0.008441 0.035097