0 0.555396 0.465629 0.014399 0.069803
0 0.816043 0.398356 0.013178 0.054561
0 0.583166 0.392838 0.011458 0.053027
0 0.625283 0.410915 0.011296 0.054210
0 0.189446 0.346096 0.007678 0.037732
0 0.433501 0.344646 0.010343 0.030596
0 0.524980 0.525117 0.022827 0.092237
0 0.555621 0.391054 0.009665 0.051826
0 0.181891 0.342757 0.008991 0.033802
0 0.500431 0.358355 0.009791 0.036832
0 0.211713 0.341338 0.008079 0.032015
0 0.203531 0.606205 0.031526 0.116967
0 0.645457 0.397254 0.009144 0.055939
0 0.547554 0.393227 0.012109 0.055532
0 0.564714 0.354719 0.008090 0.039884
2 0.530681 0.360671 0.006849 0.026812
0 0.475375 0.331042 0.005862 0.031407
2 0.628814 0.335560 0.004888 0.021679
0 0.449848 0.334975 0.006200 0.029780
0 0.632931 0.370735 0.008510 0.034378
0 0.645584 0.385966 0.008945 0.033267
2 0.591289 0.332975 0.005064 0.024421
0 0.492727 0.340098 0.008437 0.038489
0 0.633307 0.394403 0.008967 0.047353