0 0.445117 0.385563 0.014564 0.042336
0 0.602635 0.356468 0.007590 0.035509
0 0.664750 0.387426 0.009449 0.048923
0 0.465946 0.341385 0.006990 0.034091
0 0.426693 0.346253 0.007489 0.029922
0 0.513453 0.401293 0.013748 0.051113
2 0.489338 0.374563 0.012466 0.048807
0 0.430988 0.363344 0.006096 0.032829
0 0.381640 0.352604 0.007525 0.031043
0 0.325898 0.373386 0.007778 0.041776
0 0.212947 0.429603 0.010866 0.055937
2 0.392413 0.371695 0.008351 0.039009
0 0.445353 0.342160 0.007996 0.032251
0 0.504542 0.399875 0.011930 0.048616
0 0.355956 0.362224 0.010346 0.034556
0 0.418097 0.337544 0.009450 0.029787
0 0.366474 0.356210 0.009772 0.035936
0 0.495274 0.357681 0.007974 0.034159
0 0.392417 0.371664 0.008362 0.039099
0 0.245647 0.317574 0.008287 0.034765
0 0.497770 0.338872 0.007603 0.024497
2 0.637106 0.315194 0.005751 0.023096