0 0.598155 0.450868 0.014843 0.071823
0 0.413526 0.371527 0.009361 0.042856
0 0.679226 0.347200 0.008796 0.037834
0 0.667806 0.500250 0.021382 0.078673
0 0.275763 0.362304 0.011214 0.043575
0 0.654446 0.357642 0.009767 0.041572
0 0.661692 0.332477 0.006963 0.030310
0 0.638525 0.342179 0.007250 0.032153
0 0.645992 0.357183 0.009494 0.040592
0 0.247578 0.391913 0.014622 0.050182
0 0.532573 0.328697 0.005599 0.029051
2 0.515583 0.332209 0.006523 0.031982
0 0.431356 0.343212 0.007950 0.035489
0 0.743243 0.378600 0.010600 0.050644
0 0.379340 0.333795 0.005672 0.028230
0 0.282718 0.361306 0.008880 0.042679
0 0.569554 0.323389 0.009315 0.028033
0 0.827086 0.345362 0.009875 0.037200
0 0.506097 0.327829 0.006445 0.026767
1 0.827025 0.345663 0.009966 0.036855
2 0.601661 0.307951 0.006481 0.022824
0 0.744140 0.373711 0.009804 0.046117