2 0.588722 0.367501 0.015180 0.047229
0 0.457967 0.376287 0.013463 0.048435
0 0.411823 0.431105 0.011015 0.059039
0 0.687694 0.413891 0.011026 0.054154
0 0.719189 0.373578 0.011596 0.043180
0 0.494442 0.362370 0.011551 0.042648
0 0.556543 0.376274 0.009283 0.045354
0 0.451988 0.350009 0.007191 0.033021
0 0.319711 0.368267 0.009049 0.042850
0 0.338394 0.381365 0.012220 0.044093
2 0.515361 0.362103 0.010905 0.041687
0 0.436581 0.349454 0.008514 0.038502
0 0.608480 0.325956 0.005959 0.026052
0 0.529899 0.334294 0.007007 0.029791
2 0.529989 0.334718 0.006730 0.029903
0 0.330981 0.361296 0.008238 0.037699
0 0.559155 0.353875 0.005180 0.024464
0 0.606979 0.363662 0.012353 0.042278
0 0.504325 0.357261 0.008943 0.039008
0 0.614578 0.360370 0.008180 0.039160
0 0.515638 0.361738 0.010843 0.042388
0 0.311429 0.402653 0.007993 0.047003
2 0.504025 0.356553 0.008603 0.039807
2 0.515728 0.312444 0.005852 0.026697
1 0.203292 0.348553 0.009641 0.036164
2 0.311968 0.402051 0.008821 0.048425