0 0.875710 0.606574 0.026582 0.115080
0 0.964611 0.456141 0.026809 0.074143
0 0.956949 0.388418 0.018325 0.053976
0 0.767712 0.384485 0.012981 0.045872
0 0.586462 0.362517 0.009323 0.043344
2 0.735844 0.376634 0.013655 0.051996
0 0.652472 0.351276 0.011067 0.035943
0 0.833706 0.407445 0.015921 0.055661
0 0.747036 0.342548 0.007259 0.029112
2 0.628233 0.314072 0.006559 0.023755
0 0.289650 0.401388 0.015775 0.051644
0 0.844730 0.394874 0.010383 0.052201
0 0.514389 0.430119 0.014604 0.063938
0 0.514192 0.416472 0.014182 0.036821
1 0.471006 0.325757 0.007889 0.030142
0 0.522476 0.321992 0.004985 0.028742
1 0.345218 0.346241 0.008132 0.036293
0 0.739847 0.326209 0.006554 0.027558
0 0.996619 0.516871 0.006763 0.071139
0 0.851088 0.356893 0.010957 0.039561
1 0.289581 0.400357 0.015360 0.049040
0 0.995864 0.537176 0.008010 0.038784
0 0.510553 0.359449 0.006660 0.041292
0 0.997107 0.509716 0.005785 0.050004
0 0.734399 0.356927 0.011454 0.039034
0 0.735732 0.353316 0.009116 0.032641