0 0.439582 0.352504 0.009123 0.038895
0 0.333872 0.389107 0.016548 0.051587
0 0.391437 0.359132 0.008940 0.040379
0 0.052522 0.383717 0.012986 0.045297
0 0.480464 0.353253 0.010034 0.036577
0 0.454095 0.351921 0.007193 0.039772
0 0.489987 0.348396 0.007864 0.036996
0 0.468174 0.374255 0.009175 0.040517
0 0.469512 0.346466 0.007482 0.029169
0 0.497058 0.335745 0.005428 0.031807
0 0.537734 0.356226 0.007772 0.039087
0 0.527497 0.349248 0.005840 0.033415
0 0.379385 0.355876 0.006811 0.031968
0 0.544859 0.356723 0.008246 0.036324
1 0.580159 0.343136 0.006548 0.034427
0 0.839495 0.387315 0.014249 0.039078
0 0.462048 0.344688 0.006493 0.032110
2 0.373831 0.381696 0.007799 0.038226
0 0.715444 0.657503 0.009418 0.042773
0 0.464279 0.343330 0.006031 0.030183
0 0.554617 0.341864 0.006422 0.037822