0 0.487778 0.422985 0.019431 0.051441
2 0.375488 0.400421 0.015952 0.046422
0 0.515856 0.414234 0.018016 0.050754
0 0.771960 0.417506 0.019842 0.048032
0 0.443763 0.348578 0.008193 0.036357
0 0.270291 0.436891 0.012115 0.057942
0 0.434286 0.346506 0.009511 0.034728
0 0.734819 0.413538 0.018647 0.050219
0 0.409087 0.373403 0.011181 0.036731
0 0.847391 0.381656 0.018335 0.040127
0 0.362231 0.354306 0.011586 0.035578
0 0.722966 0.360145 0.011856 0.036500
0 0.410092 0.392392 0.012644 0.045622
0 0.225557 0.417132 0.013785 0.042288
0 0.279636 0.387640 0.014542 0.041713
1 0.232434 0.345888 0.010728 0.038081
0 0.679918 0.375556 0.016598 0.038448
0 0.368692 0.367388 0.009605 0.039231
0 0.263651 0.376024 0.012025 0.043124
2 0.679942 0.375086 0.016478 0.037797
0 0.269932 0.368973 0.007088 0.031813
0 0.268032 0.387838 0.008881 0.028165
0 0.276732 0.393215 0.012833 0.041566
0 0.262347 0.385813 0.009801 0.027029