0 0.327149 0.560176 0.021670 0.095001
0 0.687713 0.559199 0.021550 0.100450
0 0.567950 0.464182 0.012986 0.073431
0 0.371431 0.434966 0.014922 0.062884
0 0.782442 0.388479 0.011159 0.046662
0 0.547466 0.390426 0.009172 0.049526
0 0.629508 0.517640 0.015558 0.082645
0 0.943429 0.372710 0.011534 0.040636
0 0.446846 0.351182 0.008872 0.039360
0 0.592758 0.664383 0.026833 0.134114
1 0.446780 0.351132 0.008886 0.039387
2 0.397847 0.451892 0.012804 0.065072
0 0.397403 0.442049 0.011642 0.046845
2 0.930201 0.540646 0.021899 0.063704
2 0.931473 0.521962 0.023797 0.098944
2 0.771618 0.325843 0.006930 0.029474
0 0.398472 0.452193 0.014140 0.066271