0 0.214309 0.362808 0.008503 0.036306
0 0.403600 0.341149 0.006590 0.028236
0 0.253333 0.349915 0.006027 0.029383
0 0.137059 0.369856 0.007330 0.031025
0 0.395255 0.353398 0.006883 0.028927
0 0.052443 0.380914 0.012406 0.038861
0 0.260360 0.340804 0.005601 0.027128
0 0.192763 0.355299 0.007554 0.034258
0 0.277335 0.351102 0.006956 0.028069
0 0.160098 0.349894 0.006768 0.024023
0 0.328965 0.345124 0.007639 0.030681
0 0.312736 0.354397 0.008941 0.025630
2 0.586401 0.435859 0.011167 0.063782
0 0.586376 0.435607 0.010845 0.063109
0 0.315761 0.344816 0.006409 0.028081
0 0.407722 0.026272 0.009453 0.052545
0 0.774957 0.435726 0.015689 0.049422
0 0.334741 0.347473 0.007336 0.030327
0 0.355053 0.344093 0.005526 0.025643
0 0.420820 0.328293 0.006418 0.024173
0 0.374343 0.335172 0.005136 0.025686
0 0.368415 0.345656 0.007333 0.030820
0 0.341463 0.342124 0.005505 0.026908
0 0.265868 0.348335 0.005491 0.023168