0 0.017158 0.447381 0.019370 0.069678
0 0.239146 0.396403 0.017839 0.058525
0 0.543973 0.334062 0.010902 0.033293
0 0.004174 0.455876 0.008347 0.059984
0 0.275584 0.398864 0.010736 0.048475
0 0.288720 0.384020 0.009764 0.052903
0 0.188024 0.388119 0.013264 0.049977
0 0.222742 0.353604 0.010635 0.036100
0 0.512299 0.318939 0.007549 0.025613
0 0.115143 0.498391 0.017957 0.081959
0 0.498357 0.318909 0.005712 0.025611
0 0.262405 0.391107 0.009023 0.050351
2 0.231502 0.338666 0.006162 0.018545
0 0.259275 0.366791 0.011611 0.035859
0 0.578370 0.025992 0.009922 0.050483
0 0.257902 0.370978 0.011869 0.044771