0 0.316003 0.378368 0.009050 0.031730
0 0.299597 0.358718 0.005786 0.039504
0 0.280025 0.350023 0.008506 0.039590
0 0.239362 0.363094 0.007934 0.041374
0 0.355939 0.374327 0.009922 0.045559
0 0.261812 0.356576 0.008329 0.039260
0 0.557004 0.368525 0.007098 0.043422
0 0.330323 0.371648 0.014118 0.044123
0 0.359615 0.344396 0.007848 0.035988
0 0.200265 0.377357 0.011520 0.047230
0 0.235544 0.361002 0.005145 0.038205
0 0.218866 0.370497 0.015405 0.048363
0 0.420812 0.320034 0.004432 0.023126
0 0.193500 0.376000 0.006651 0.044074
0 0.428920 0.314908 0.007301 0.029576
0 0.505355 0.322321 0.004837 0.025542
0 0.476767 0.323037 0.007541 0.028977