0 0.877349 0.465016 0.015794 0.071046
0 0.167970 0.370029 0.010168 0.036599
0 0.799438 0.427600 0.013033 0.043118
0 0.188938 0.356820 0.008366 0.029654
0 0.444927 0.367063 0.008049 0.036337
0 0.154595 0.347817 0.011484 0.025920
0 0.264870 0.355943 0.006128 0.029827
0 0.037609 0.360496 0.008518 0.025978
0 0.503986 0.325983 0.005568 0.019041
2 0.757265 0.418610 0.016797 0.063230
0 0.214234 0.346736 0.007922 0.030409
0 0.118519 0.374210 0.011087 0.032100
0 0.757078 0.418273 0.016369 0.062690
1 0.532655 0.326045 0.005938 0.025229
0 0.258579 0.349251 0.006260 0.026679
0 0.125407 0.367168 0.009133 0.033142
0 0.143392 0.357629 0.005655 0.025126
0 0.293663 0.343871 0.006943 0.026016