2 0.458848 0.399175 0.014952 0.055496
0 0.603231 0.412606 0.013826 0.052447
0 0.319491 0.407024 0.012294 0.057030
0 0.111247 0.473047 0.015315 0.079866
0 0.121057 0.430774 0.016139 0.065596
0 0.553513 0.529862 0.018661 0.099554
0 0.336462 0.346635 0.009864 0.030206
0 0.495272 0.385776 0.009631 0.045290
0 0.574857 0.380290 0.009212 0.043455
0 0.728341 0.410857 0.014583 0.054890
0 0.488087 0.362078 0.008276 0.039956
0 0.508295 0.358920 0.013961 0.037019
0 0.332671 0.334656 0.005997 0.023811
0 0.435631 0.341318 0.006505 0.031192
0 0.564916 0.360564 0.012887 0.038308
0 0.713196 0.392328 0.011823 0.051131
0 0.521400 0.362287 0.012587 0.039926
2 0.307102 0.562939 0.025414 0.103161
0 0.337061 0.341144 0.008820 0.031586
0 0.723067 0.377693 0.009507 0.039901
0 0.307159 0.563948 0.025145 0.103400
0 0.579382 0.343630 0.009529 0.028343