0 0.994789 0.533154 0.010379 0.080291
0 0.659034 0.357358 0.007758 0.037162
0 0.520369 0.470657 0.014110 0.073923
0 0.907100 0.424483 0.021479 0.064319
0 0.792137 0.396653 0.015874 0.053260
2 0.617330 0.369392 0.011698 0.047332
0 0.470148 0.338993 0.005868 0.032053
0 0.552640 0.340831 0.010138 0.033698
0 0.389159 0.370300 0.011871 0.045898
0 0.682885 0.342582 0.007989 0.033130
0 0.911465 0.382167 0.010736 0.036876
0 0.462656 0.345116 0.007187 0.034956
0 0.585801 0.361509 0.009233 0.039872
0 0.739017 0.407059 0.013066 0.055953
0 0.409601 0.376894 0.009867 0.049140
0 0.783534 0.352911 0.008068 0.030316
0 0.946700 0.448161 0.017942 0.072687
2 0.287809 0.568083 0.022559 0.090030
0 0.284816 0.383880 0.007485 0.047326
0 0.287876 0.338482 0.007213 0.033918
1 0.287878 0.338458 0.007327 0.033964
2 0.946878 0.447369 0.017275 0.072148
0 0.521372 0.458135 0.011347 0.048618