0 0.596303 0.399573 0.010697 0.047700
0 0.631446 0.430235 0.015713 0.055820
0 0.594594 0.359547 0.008747 0.040166
0 0.908733 0.401253 0.015541 0.054912
0 0.724774 0.423896 0.010315 0.055751
0 0.638727 0.348949 0.009815 0.033662
0 0.544676 0.368424 0.010889 0.043360
0 0.896326 0.410654 0.015103 0.055287
0 0.514478 0.415928 0.019470 0.051366
0 0.965086 0.459898 0.021921 0.069428
0 0.970174 0.381009 0.012543 0.052004
0 0.476480 0.412145 0.012588 0.042023
2 0.753796 0.409952 0.014939 0.051454
0 0.895279 0.362187 0.009776 0.037252
2 0.675884 0.325251 0.007670 0.026057
1 0.338885 0.347008 0.010740 0.032022
2 0.719059 0.353934 0.007576 0.035645
0 0.493009 0.409629 0.011734 0.035502
0 0.096310 0.325684 0.010488 0.038264
0 0.719097 0.353939 0.007651 0.035609
0 0.595587 0.367636 0.010097 0.050774
3 0.470348 0.433531 0.004006 0.011924