0 0.758987 0.444104 0.014111 0.063543
0 0.666280 0.368675 0.010880 0.045570
0 0.385549 0.363957 0.010137 0.043268
0 0.363879 0.472347 0.023690 0.077452
0 0.716571 0.354939 0.008891 0.038100
0 0.296976 0.373001 0.008427 0.045599
0 0.826360 0.383362 0.014540 0.052733
2 0.553613 0.350744 0.007350 0.037044
0 0.335870 0.439266 0.019440 0.063364
0 0.743442 0.548661 0.022130 0.092081
0 0.410048 0.340577 0.006355 0.030658
0 0.569649 0.342583 0.007022 0.032852
0 0.358383 0.370099 0.008985 0.045145
0 0.769663 0.357362 0.008685 0.035222
0 0.510229 0.345222 0.006857 0.034209
2 0.636256 0.375452 0.012805 0.047372
0 0.636254 0.375347 0.012928 0.048133
0 0.075035 0.362117 0.008902 0.042795
1 0.075044 0.362442 0.009041 0.043076
0 0.663373 0.342468 0.005522 0.029492
0 0.622106 0.334901 0.007235 0.030644
2 0.363139 0.332195 0.007078 0.030026