0 0.573352 0.371963 0.008722 0.043304
0 0.948622 0.447130 0.012990 0.066799
0 0.699126 0.359887 0.008339 0.039972
0 0.453210 0.389253 0.009798 0.049775
0 0.782399 0.380700 0.012680 0.051233
0 0.921238 0.451783 0.020365 0.071966
0 0.560261 0.374616 0.011449 0.047300
0 0.634937 0.375994 0.012531 0.046677
0 0.531753 0.345596 0.006347 0.035077
0 0.754553 0.401014 0.014181 0.055114
0 0.573751 0.347637 0.006161 0.023786
0 0.775684 0.434217 0.017122 0.053048
0 0.857338 0.412570 0.017697 0.058242
0 0.835950 0.394848 0.013279 0.058095
2 0.581663 0.325558 0.005482 0.018676
0 0.475156 0.339132 0.007533 0.034090
0 0.749813 0.390136 0.015968 0.055676
0 0.455665 0.341915 0.005257 0.030332
0 0.841912 0.397052 0.008353 0.048367
0 0.751753 0.387336 0.012242 0.052458
2 0.775730 0.434261 0.017500 0.052900
2 0.769174 0.316817 0.005897 0.025537