2 0.536403 0.348093 0.009356 0.040367
0 0.624836 0.353672 0.009739 0.039217
0 0.564354 0.348852 0.006921 0.035374
0 0.447486 0.349518 0.006112 0.038036
0 0.572224 0.337793 0.006253 0.034056
0 0.501893 0.353157 0.007856 0.041171
0 0.560374 0.332356 0.006103 0.028801
0 0.458765 0.326531 0.006161 0.033919
0 0.543924 0.331080 0.006105 0.031734
0 0.496752 0.356360 0.007455 0.040000
0 0.439916 0.343507 0.006967 0.036092
0 0.418790 0.339386 0.005730 0.030026
0 0.463652 0.326402 0.006133 0.030129
0 0.411446 0.328773 0.007489 0.032707
0 0.433051 0.343864 0.005857 0.034495
0 0.425876 0.337795 0.007681 0.033635
1 0.377928 0.330284 0.006068 0.032713