0 0.424006 0.448514 0.013734 0.065305
0 0.395114 0.384849 0.008991 0.046844
0 0.816221 0.414695 0.011652 0.058592
0 0.747277 0.527156 0.021288 0.095044
0 0.904925 0.480926 0.024074 0.076968
0 0.254359 0.416918 0.016855 0.059773
0 0.438295 0.381446 0.008758 0.046459
0 0.559519 0.352160 0.007074 0.036474
0 0.303097 0.405725 0.012318 0.047977
0 0.337307 0.383267 0.010018 0.047203
2 0.683269 0.579925 0.029209 0.103268
0 0.467772 0.358936 0.011028 0.043237
0 0.481615 0.622975 0.024702 0.109054
1 0.423304 0.340225 0.009383 0.035724
0 0.785014 0.358560 0.009231 0.037914
0 0.917269 0.414595 0.014833 0.055179
3 0.166809 0.456437 0.008028 0.010113
0 0.696403 0.663511 0.022986 0.130731
0 0.984679 0.504188 0.026580 0.088504
2 0.529870 0.454266 0.011852 0.073560
2 0.984600 0.503465 0.028033 0.088477
1 0.467696 0.358975 0.011785 0.043241
2 0.683302 0.315278 0.007230 0.028309
0 0.627925 0.787771 0.033359 0.076666
2 0.481468 0.623137 0.023994 0.105674
0 0.529445 0.442590 0.011213 0.050023
0 0.622944 0.711466 0.035776 0.085158