0 0.759633 0.475049 0.017363 0.067367
0 0.622337 0.343081 0.008828 0.034976
0 0.401097 0.340970 0.009649 0.034252
0 0.588441 0.336254 0.006932 0.031165
0 0.812049 0.400557 0.009425 0.051906
0 0.761144 0.360672 0.011180 0.043264
0 0.499023 0.391478 0.010919 0.051088
2 0.520792 0.342502 0.008103 0.040809
0 0.758905 0.339444 0.007393 0.031180
0 0.633984 0.328169 0.005836 0.029626
0 0.571152 0.333538 0.005938 0.029607
0 0.313910 0.359349 0.010591 0.039958
0 0.423733 0.354441 0.006965 0.040515
0 0.433822 0.354653 0.008222 0.041812
0 0.013918 0.365801 0.012367 0.045107
0 0.350196 0.403931 0.012518 0.052640
0 0.375819 0.335381 0.004954 0.032537
0 0.775566 0.344799 0.008377 0.032723
0 0.653466 0.331011 0.005846 0.028643
0 0.455851 0.328430 0.007157 0.030127
2 0.345027 0.327579 0.005582 0.026184
3 0.132918 0.604277 0.004584 0.007050
2 0.848802 0.313891 0.007335 0.027854