0 0.455999 0.478285 0.012094 0.071946
0 0.269566 0.341566 0.010337 0.034560
2 0.460164 0.337405 0.007202 0.037057
0 0.687108 0.351335 0.009232 0.040175
0 0.490572 0.334511 0.005659 0.029733
0 0.630072 0.331615 0.009907 0.031952
0 0.330303 0.341245 0.006314 0.035170
0 0.591984 0.383787 0.010889 0.046088
0 0.482654 0.333663 0.006232 0.030366
0 0.501025 0.328665 0.006680 0.023189
0 0.572713 0.339398 0.007642 0.033635
0 0.384935 0.327369 0.006815 0.030214
0 0.378303 0.327205 0.007471 0.028889
0 0.322098 0.325006 0.007254 0.024133
0 0.254248 0.358231 0.006997 0.038152
0 0.339217 0.337044 0.006620 0.032240
0 0.314389 0.319009 0.004425 0.023743
0 0.660499 0.337326 0.005750 0.023341
1 0.173904 0.338635 0.006206 0.035164
0 0.314613 0.317420 0.005862 0.027383
0 0.520326 0.323149 0.007785 0.029139
0 0.527458 0.323845 0.005698 0.027210