0 0.513661 0.445679 0.019809 0.081151
0 0.706783 0.356058 0.007887 0.033622
0 0.782715 0.361840 0.009279 0.037227
0 0.850944 0.387783 0.009796 0.023878
0 0.520159 0.377582 0.007718 0.030784
0 0.850739 0.393057 0.009851 0.034944
0 0.850296 0.405672 0.010423 0.059985
0 0.725587 0.383802 0.010678 0.050172
2 0.538314 0.396110 0.006083 0.035148
0 0.560127 0.435095 0.014419 0.048137
0 0.559320 0.449613 0.014587 0.070628
0 0.849175 0.411862 0.009492 0.053177
2 0.429972 0.503526 0.017049 0.098098
0 0.558412 0.457051 0.013344 0.057372