0 0.5847477912902832 0.5812475681304932 0.03188057243824005 0.08189233392477036
0 0.38120925426483154 0.541754961013794 0.018752289935946465 0.07210506498813629
0 0.06216183677315712 0.48545360565185547 0.024794749915599823 0.06975436955690384
0 0.3252299129962921 0.48197856545448303 0.016638724133372307 0.05823482945561409
0 0.011215356178581715 0.4987110197544098 0.022248584777116776 0.06169416382908821
0 0.12494097650051117 0.3989295959472656 0.019157355651259422 0.04282701388001442
0 0.5297698378562927 0.40968960523605347 0.013781389221549034 0.043064285069704056
0 0.1126689463853836 0.5469260215759277 0.01891253888607025 0.07725638151168823
0 0.3893677592277527 0.4122280478477478 0.01304397638887167 0.04129966348409653
0 0.5905833840370178 0.37654274702072144 0.011815262027084827 0.03482716903090477
0 0.019677286967635155 0.42952099442481995 0.015189670026302338 0.04284413531422615
0 0.35644465684890747 0.4305078089237213 0.01174850482493639 0.04781324416399002
0 0.2941705286502838 0.4491807222366333 0.013541699387133121 0.05130855366587639
0 0.5799710154533386 0.43502044677734375 0.01665344275534153 0.04254370555281639
0 0.211846262216568 0.44268155097961426 0.014733696356415749 0.05469834804534912
0 0.1985068917274475 0.37452375888824463 0.012171841226518154 0.03387773409485817
0 0.22354981303215027 0.4204849302768707 0.01064224261790514 0.04650743305683136
0 0.386944979429245 0.37402206659317017 0.010346794500946999 0.037815798074007034
0 0.01546507515013218 0.41325700283050537 0.015605009160935879 0.04652523249387741
3 0.5796146988868713 0.3906584680080414 0.006500244606286287 0.011164968833327293
0 0.006626173388212919 0.41021084785461426 0.012396445497870445 0.04170023649930954
0 0.9188463091850281 0.8354469537734985 0.16230756044387817 0.3291061222553253
0 0.6982157826423645 0.6738932132720947 0.026162149384617805 0.11454806476831436
0 0.9030725955963135 0.8666272163391113 0.193300262093544 0.26674550771713257