0 0.491531 0.391622 0.008669 0.033215
0 0.455351 0.390160 0.007502 0.033939
0 0.592474 0.384171 0.006633 0.030070
0 0.640063 0.397773 0.006682 0.034750
0 0.782957 0.402892 0.010901 0.038676
0 0.526152 0.379211 0.006564 0.032463
0 0.717491 0.392962 0.010034 0.032036
0 0.793647 0.421465 0.011800 0.039750
0 0.506908 0.417397 0.007797 0.039445
0 0.558945 0.377451 0.009760 0.028149
0 0.427146 0.383245 0.007584 0.032087
0 0.627687 0.396774 0.010176 0.036987
0 0.441183 0.376599 0.005952 0.026880
0 0.512108 0.436551 0.007442 0.031161
0 0.414409 0.379705 0.006085 0.031075
0 0.419628 0.379576 0.005188 0.029896
0 0.533863 0.381196 0.006149 0.029848
0 0.404292 0.380105 0.006856 0.029492
0 0.397899 0.380719 0.006591 0.028776
0 0.393497 0.382205 0.005850 0.027681
0 0.473253 0.355456 0.005763 0.023081