0 0.27639904618263245 0.7536616921424866 0.02215244062244892 0.1199323832988739
0 0.42427313327789307 0.7109618782997131 0.03620167076587677 0.10568609833717346
0 0.8907957673072815 0.6754467487335205 0.029518891125917435 0.1123708039522171
0 0.5622539520263672 0.5380111336708069 0.020430756732821465 0.06984105706214905
0 0.37445127964019775 0.7138712406158447 0.023927150294184685 0.11661422252655029
0 0.8613928556442261 0.5704345703125 0.020852280780673027 0.08610331267118454
0 0.5588822960853577 0.4078860878944397 0.013785363174974918 0.04177924245595932
0 0.22252847254276276 0.7278164029121399 0.034749507904052734 0.11062870174646378
0 0.3332623243331909 0.7549951672554016 0.027471639215946198 0.11996160447597504
0 0.43433472514152527 0.5112940669059753 0.015459347516298294 0.060825034976005554
0 0.59796541929245 0.461094468832016 0.016101520508527756 0.057289235293865204
0 0.8326395750045776 0.5922408699989319 0.021294785663485527 0.08887001127004623
0 0.8859896063804626 0.5335566997528076 0.022170640528202057 0.0803917795419693
0 0.38584476709365845 0.7743829488754272 0.032061293721199036 0.1302647888660431
0 0.9360001087188721 0.6599102020263672 0.02628936991095543 0.09614749252796173
0 0.7921984791755676 0.5933672785758972 0.02469043806195259 0.08797607570886612
0 0.32768887281417847 0.3943994343280792 0.010893535800278187 0.03654107078909874
0 0.5187340974807739 0.4740186929702759 0.015678025782108307 0.05801750347018242
0 0.7818461656570435 0.4019501507282257 0.012628556229174137 0.04010309278964996
0 0.5225494503974915 0.4617652893066406 0.012659708969295025 0.06613299995660782
0 0.7634308934211731 0.5879659056663513 0.027218757197260857 0.08324652910232544
0 0.9313651323318481 0.6169847249984741 0.02815857157111168 0.05733410641551018
0 0.7902773022651672 0.9229626059532166 0.05272293463349342 0.1540747731924057
0 0.751676082611084 0.5703024864196777 0.02347736433148384 0.08155053853988647
3 0.7773515582084656 0.5672420263290405 0.01481723878532648 0.022185035049915314
0 0.7514333724975586 0.580793559551239 0.021207619458436966 0.07326484471559525
0 0.08168590813875198 0.8840294480323792 0.16337181627750397 0.22529324889183044