0 0.5734503865242004 0.7607524991035461 0.030446181073784828 0.11649034172296524
0 0.5104546546936035 0.7318775057792664 0.03363952785730362 0.11742875725030899
0 0.6625551581382751 0.5521950721740723 0.02342275157570839 0.07177316397428513
0 0.8695434927940369 0.4364147484302521 0.01905110850930214 0.04640553891658783
0 0.5009974837303162 0.6778615117073059 0.020194150507450104 0.10899414867162704
0 0.5379273891448975 0.6365562081336975 0.020513948053121567 0.09349336475133896
0 0.7003040313720703 0.48741447925567627 0.016992824152112007 0.05789221078157425
0 0.17227725684642792 0.45575186610221863 0.014093049801886082 0.04350145161151886
0 0.5105814337730408 0.5386048555374146 0.016616059467196465 0.07940792292356491
0 0.9599594473838806 0.44454142451286316 0.01737060584127903 0.05207061767578125
0 0.7378407716751099 0.41118353605270386 0.013790512457489967 0.04313913732767105
0 0.48234492540359497 0.3910520672798157 0.011314202100038528 0.03848922252655029
0 0.7656156420707703 0.4271150231361389 0.012847710400819778 0.04591013491153717
0 0.4257659316062927 0.7848082184791565 0.031973838806152344 0.12222713977098465
0 0.6304093599319458 0.45666664838790894 0.012255478650331497 0.05471004918217659
0 0.6246058344841003 0.4635726809501648 0.012635612860321999 0.04702137038111687
3 0.1841500699520111 0.47633811831474304 0.006407738197594881 0.013163757510483265
0 0.4329756498336792 0.6797481179237366 0.041518308222293854 0.09426868706941605
0 0.4293707013130188 0.7294986248016357 0.025312934070825577 0.09757617115974426
0 0.14171282947063446 0.7453914284706116 0.2806076109409332 0.49711066484451294