0 0.5464770197868347 0.5129696130752563 0.015848351642489433 0.06824736297130585
0 0.8147090077400208 0.7163792848587036 0.03516864776611328 0.11442317068576813
0 0.4366011917591095 0.5017529726028442 0.018006326630711555 0.06103295087814331
0 0.12563800811767578 0.4441262185573578 0.0173079501837492 0.05014433711767197
0 0.5208384990692139 0.3892987072467804 0.009624672122299671 0.034479521214962006
0 0.6334664821624756 0.419059157371521 0.010752297006547451 0.040918249636888504
0 0.19055664539337158 0.38487884402275085 0.011870766058564186 0.04638417437672615
0 0.317391037940979 0.39845791459083557 0.008711370639503002 0.03466830775141716
0 0.10022582113742828 0.5006325244903564 0.015476267784833908 0.0615047849714756
0 0.49954092502593994 0.3663228154182434 0.008828735910356045 0.03193867951631546
0 0.6975603103637695 0.3756535053253174 0.008128421381115913 0.03271280974149704
0 0.15478064119815826 0.4416038393974304 0.014499633572995663 0.04582061618566513
0 0.43423178791999817 0.4101921021938324 0.008581734262406826 0.03144259750843048
0 0.36173751950263977 0.3945196270942688 0.009371948428452015 0.03221622109413147
0 0.3399561643600464 0.37496525049209595 0.01247720792889595 0.03529244661331177
0 0.30049076676368713 0.42103034257888794 0.010435359552502632 0.04198354110121727
0 0.1635173261165619 0.4182135760784149 0.011315394192934036 0.03912845253944397
0 0.44818270206451416 0.379846453666687 0.01015930250287056 0.03575298190116882
0 0.29342883825302124 0.4278477728366852 0.011026192456483841 0.04490000382065773
3 0.5545629262924194 0.41747209429740906 0.005954679101705551 0.01024856511503458
3 0.4036097824573517 0.4544472098350525 0.006262016482651234 0.01437428779900074
0 0.14845015108585358 0.4149722456932068 0.011203225702047348 0.05069495365023613
0 0.7877718210220337 0.3716575503349304 0.009380468167364597 0.02844187431037426
0 0.44350284337997437 0.3868885636329651 0.008539772592484951 0.03192681074142456
0 0.8656513690948486 0.22703087329864502 0.013680649921298027 0.039511360228061676