0 0.07211194932460785 0.7002992630004883 0.029194535687565804 0.1102973073720932
0 0.7754509449005127 0.7239453792572021 0.028818894177675247 0.11537645012140274
0 0.19156919419765472 0.5271469354629517 0.018429407849907875 0.06631159037351608
0 0.31738632917404175 0.46694523096084595 0.015366650186479092 0.05706637352705002
0 0.3006715476512909 0.6556691527366638 0.035063937306404114 0.09175991266965866
0 0.692450761795044 0.7549742460250854 0.03106130100786686 0.13338300585746765
0 0.16532939672470093 0.6461078524589539 0.022063257172703743 0.0886196568608284
0 0.42875030636787415 0.49776315689086914 0.015890026465058327 0.062126073986291885
0 0.5012339949607849 0.706741988658905 0.03294868767261505 0.0999627560377121
0 0.3679858148097992 0.42237013578414917 0.012841511517763138 0.04602395370602608
0 0.6744789481163025 0.4058302938938141 0.00894673727452755 0.03986426442861557
0 0.8389829993247986 0.22827599942684174 0.013829423114657402 0.039239827543497086
0 0.04512956738471985 0.5368859171867371 0.024515699595212936 0.06966417282819748
0 0.7741153836250305 0.3723004460334778 0.008405876345932484 0.030741317197680473
0 0.2949061989784241 0.3781889081001282 0.009872818365693092 0.03576931357383728
0 0.706351637840271 0.3547901213169098 0.0071952189318835735 0.03132595494389534
0 0.32579532265663147 0.38976889848709106 0.008997727185487747 0.03620503842830658
3 0.46995773911476135 0.5545788407325745 0.0063142781145870686 0.01188693568110466