0 0.302389 0.498083 0.020465 0.063451
0 0.797898 0.559930 0.021366 0.071509
0 0.752144 0.513165 0.017448 0.061102
0 0.441179 0.661877 0.018717 0.094480
0 0.600736 0.474383 0.014870 0.058223
0 0.527244 0.580282 0.017528 0.077907
0 0.635478 0.488775 0.015143 0.056900
0 0.794451 0.427909 0.010496 0.043587
0 0.869951 0.393261 0.008002 0.032219
0 0.619428 0.399890 0.007695 0.037319
0 0.937534 0.657397 0.029001 0.088488
0 0.252860 0.421607 0.008446 0.041247
0 0.940567 0.563889 0.032447 0.077830
0 0.503466 0.424210 0.008930 0.043074