0 0.826286 0.447229 0.015918 0.050235
0 0.733380 0.582996 0.018159 0.087330
0 0.713694 0.565871 0.020026 0.071925
0 0.671350 0.443455 0.009812 0.044331
0 0.722104 0.448213 0.014710 0.050100
0 0.271487 0.428028 0.009240 0.040655
0 0.473201 0.423412 0.008981 0.044142
0 0.522778 0.405635 0.008026 0.036211
0 0.710509 0.388917 0.007272 0.034105
0 0.320958 0.393523 0.007969 0.036635
0 0.750531 0.395768 0.007284 0.035662
0 0.465391 0.379602 0.006220 0.030781
0 0.582259 0.401339 0.010620 0.036147
0 0.491784 0.384121 0.006960 0.028796
0 0.341007 0.378707 0.007605 0.026734
0 0.582815 0.372385 0.006688 0.025614
0 0.448121 0.391469 0.007832 0.030029
0 0.350370 0.376680 0.007787 0.028520
0 0.446091 0.361533 0.006820 0.021395
0 0.505346 0.370428 0.009129 0.022055
1 0.193288 0.391418 0.006341 0.032561
0 0.514817 0.360287 0.007476 0.022977