0 0.420120 0.411185 0.007604 0.036720
0 0.739542 0.385960 0.007625 0.032982
0 0.465933 0.413370 0.008569 0.039908
0 0.458077 0.412256 0.008650 0.039578
0 0.571103 0.389322 0.006981 0.036663
0 0.600624 0.416881 0.007979 0.040005
0 0.503823 0.398721 0.007388 0.036938
0 0.498216 0.401653 0.006493 0.033139
0 0.426631 0.409961 0.005533 0.030927
0 0.472467 0.395762 0.006354 0.029153
0 0.612728 0.389604 0.009237 0.051582
0 0.448114 0.409770 0.007169 0.036970
0 0.553067 0.404761 0.019099 0.059835
0 0.444922 0.406969 0.005277 0.034176
1 0.436973 0.378904 0.007770 0.023009
0 0.426222 0.412650 0.006464 0.038136
0 0.481016 0.422680 0.008226 0.039616
0 0.443668 0.402165 0.006165 0.024621
2 0.481012 0.422702 0.008298 0.040051
0 0.613066 0.384827 0.007873 0.042701