0 0.571252 0.577016 0.014994 0.071984
0 0.579445 0.392225 0.008710 0.036871
0 0.525976 0.417738 0.011124 0.041986
0 0.514170 0.394712 0.006051 0.034463
0 0.987573 0.427492 0.010615 0.045480
0 0.471362 0.375799 0.007481 0.031462
0 0.475636 0.366603 0.006559 0.027674
0 0.295955 0.412339 0.011999 0.046259
0 0.361895 0.392769 0.009050 0.051737
0 0.430825 0.390372 0.013649 0.054187
0 0.428407 0.381025 0.009220 0.036129
0 0.518104 0.374367 0.006844 0.029671
0 0.536097 0.418696 0.013075 0.043949
0 0.347900 0.388555 0.010825 0.057150
0 0.413242 0.361152 0.008067 0.029393
0 0.606084 0.367966 0.011508 0.028111