0 0.1039019376039505 0.8007514476776123 0.056562889367341995 0.12175191193819046
0 0.6001116037368774 0.4688008725643158 0.018209077417850494 0.05158979445695877
0 0.3814399242401123 0.5848267078399658 0.020593930035829544 0.07418110966682434
0 0.09740256518125534 0.5929685235023499 0.03757341206073761 0.07491200417280197
0 0.5446847081184387 0.5109635591506958 0.021126938983798027 0.06398303806781769
0 0.6648926734924316 0.5461167693138123 0.028074266389012337 0.06977380812168121
0 0.31301701068878174 0.5396592617034912 0.02000955119729042 0.06842447817325592
0 0.3454017639160156 0.4988511800765991 0.016740482300519943 0.05288102850317955
0 0.17036594450473785 0.48773327469825745 0.02242756076157093 0.0656568706035614
0 0.8740040063858032 0.41724497079849243 0.01138992328196764 0.04635094478726387
0 0.6091015338897705 0.4171586036682129 0.009950574487447739 0.041400909423828125
0 0.4469871520996094 0.41701093316078186 0.010068321600556374 0.03997022658586502
0 0.303981214761734 0.4420788884162903 0.014670022763311863 0.05029992014169693
0 0.5292960405349731 0.3881114423274994 0.01204776857048273 0.03712514042854309
0 0.33685800433158875 0.4167599081993103 0.012715785764157772 0.0403001569211483
0 0.259024053812027 0.4211004376411438 0.014386558905243874 0.04422573372721672
0 0.34431785345077515 0.46456247568130493 0.011104902252554893 0.04457634687423706
0 0.376540869474411 0.3928269147872925 0.009747887030243874 0.03593427687883377
0 0.35964298248291016 0.44173064827919006 0.009705798700451851 0.03483784943819046
0 0.9903668165206909 0.7749577164649963 0.01904500462114811 0.09901852160692215
3 0.5620530247688293 0.4822968542575836 0.006900660693645477 0.010472445748746395
0 0.26097971200942993 0.3954916000366211 0.012844563461840153 0.03575795516371727
3 0.35869988799095154 0.40378162264823914 0.006191254127770662 0.01010250486433506