0 0.617950 0.451560 0.014405 0.049837
0 0.760425 0.517876 0.015726 0.064315
0 0.555106 0.430703 0.008982 0.041343
0 0.388089 0.528942 0.015997 0.063137
0 0.501504 0.432910 0.012991 0.048989
0 0.153780 0.416118 0.012927 0.043754
0 0.455735 0.427450 0.015401 0.044365
0 0.548232 0.453707 0.010737 0.049625
0 0.593647 0.396726 0.008653 0.034790
0 0.664412 0.448749 0.012492 0.048797
0 0.324318 0.501561 0.010206 0.057725
0 0.756097 0.463619 0.012659 0.053169
0 0.731275 0.605536 0.021345 0.077269
0 0.719045 0.405374 0.007766 0.037692
0 0.680917 0.401906 0.006870 0.039865
0 0.464590 0.484412 0.010925 0.051387
0 0.763147 0.423463 0.007182 0.043735
0 0.733921 0.433588 0.009773 0.048196
0 0.421244 0.462717 0.007863 0.055514
0 0.480609 0.380847 0.007328 0.032555
0 0.420747 0.451091 0.007336 0.036472
0 0.520233 0.445510 0.017069 0.047408
0 0.734143 0.428254 0.008622 0.039113
0 0.731093 0.590644 0.020834 0.047228
0 0.516062 0.438608 0.007869 0.035635
0 0.517277 0.443504 0.010878 0.044934