0 0.169019 0.413775 0.018283 0.058183
0 0.441163 0.348362 0.005204 0.037649
0 0.400323 0.356804 0.007798 0.041744
0 0.482578 0.330958 0.005777 0.029044
0 0.304754 0.383718 0.011909 0.044723
0 0.499700 0.380117 0.008867 0.044505
0 0.509221 0.389004 0.011117 0.050102
0 0.405502 0.334653 0.006364 0.030533
0 0.526373 0.350160 0.007251 0.039172
0 0.149022 0.375099 0.014175 0.046875
0 0.229511 0.348019 0.008857 0.036238
0 0.346790 0.348470 0.006518 0.038586
0 0.516207 0.340558 0.007072 0.030778
2 0.419848 0.341154 0.006310 0.037608
0 0.492977 0.330049 0.005486 0.029198
0 0.506688 0.356628 0.006370 0.029757
0 0.506855 0.330961 0.005378 0.028903
0 0.497000 0.333319 0.007092 0.032479
0 0.493635 0.332066 0.005545 0.028970
0 0.588607 0.337885 0.010482 0.039793
0 0.456512 0.331401 0.005844 0.033623
1 0.588613 0.338390 0.010285 0.040034
0 0.462635 0.025461 0.009389 0.050922
0 0.419883 0.340548 0.006540 0.036718
2 0.456655 0.331393 0.005614 0.034109