0 0.842721 0.633201 0.020858 0.104902
2 0.440032 0.403505 0.012040 0.058688
0 0.593860 0.365570 0.012989 0.047188
0 0.780022 0.361560 0.009589 0.041711
0 0.476362 0.407594 0.013189 0.050350
2 0.390022 0.495626 0.022663 0.073268
0 0.631359 0.376200 0.009890 0.050421
1 0.447242 0.343537 0.009495 0.038369
0 0.996461 0.500736 0.007079 0.065632
0 0.728601 0.358115 0.011596 0.039558
0 0.618618 0.410192 0.013089 0.058011
2 0.611653 0.554372 0.015042 0.098397
0 0.611846 0.554057 0.014755 0.099234
2 0.651151 0.501938 0.016317 0.084818
2 0.254348 0.554153 0.021547 0.089091
2 0.619200 0.410109 0.014349 0.057867
0 0.377052 0.535500 0.016212 0.052028
0 0.447337 0.344063 0.009067 0.038533