0 0.641469 0.469386 0.014188 0.072274
0 0.269656 0.388612 0.012252 0.052410
0 0.386400 0.355200 0.010006 0.037366
0 0.468841 0.351329 0.008542 0.039286
0 0.376817 0.339944 0.007205 0.031680
0 0.362280 0.327942 0.008728 0.029082
2 0.454139 0.331796 0.008111 0.035363
0 0.665635 0.375195 0.011635 0.048712
0 0.090626 0.371710 0.009567 0.042328
0 0.629435 0.348692 0.007845 0.034028
0 0.401098 0.325013 0.005742 0.029594
0 0.474783 0.318292 0.005867 0.028468
0 0.396148 0.352736 0.006892 0.041109
0 0.641445 0.347824 0.005942 0.025159
2 0.454126 0.325924 0.008996 0.046020
0 0.496593 0.319002 0.006612 0.026626