0 0.528373 0.359072 0.010578 0.032204
0 0.091387 0.447215 0.017138 0.068541
0 0.205807 0.434058 0.012573 0.064362
0 0.498084 0.449915 0.014466 0.068616
0 0.487099 0.397981 0.009818 0.047514
0 0.569727 0.391817 0.014250 0.044598
0 0.440988 0.375775 0.009685 0.042711
0 0.514087 0.348061 0.007035 0.031316
0 0.377418 0.356484 0.009043 0.039537
0 0.481709 0.348437 0.006524 0.037235
0 0.579977 0.368754 0.010128 0.036900
0 0.362494 0.356583 0.007418 0.040745
0 0.472033 0.342408 0.006357 0.030580
2 0.155710 0.602296 0.034820 0.116037
0 0.989467 0.453687 0.010605 0.043691
0 0.981054 0.469425 0.012395 0.059489
0 0.590150 0.365212 0.006441 0.034575
0 0.566359 0.358664 0.011873 0.031299
0 0.614729 0.372290 0.006791 0.020262
0 0.155768 0.599870 0.035425 0.111114
2 0.936874 0.414608 0.013293 0.053465
0 0.570443 0.348776 0.008630 0.032760
0 0.594217 0.369114 0.006760 0.030435
0 0.479271 0.344357 0.007346 0.032500
0 0.591840 0.372601 0.009059 0.038108