0 0.648034 0.551647 0.023982 0.096703
0 0.471391 0.365647 0.011407 0.041130
2 0.440011 0.351709 0.009297 0.036014
0 0.605359 0.367538 0.008830 0.043148
0 0.318279 0.518068 0.012248 0.081832
0 0.308130 0.367071 0.011766 0.040909
0 0.193331 0.367437 0.010101 0.039132
0 0.471476 0.344252 0.010111 0.031404
0 0.031527 0.372032 0.008446 0.042560
0 0.254962 0.342696 0.008472 0.031753
0 0.107941 0.430957 0.015665 0.066466
0 0.040336 0.369545 0.009972 0.044291
0 0.615580 0.334418 0.008162 0.030811
0 0.792374 0.405359 0.012769 0.059495
2 0.005078 0.355820 0.006214 0.025218
0 0.430631 0.328460 0.006459 0.026454
0 0.318173 0.505959 0.011539 0.058338
0 0.294015 0.331815 0.009054 0.028330
1 0.792361 0.405452 0.012654 0.059921