0 0.632627 0.359735 0.008150 0.041569
0 0.578560 0.419087 0.011113 0.059002
0 0.365383 0.374319 0.009912 0.044342
0 0.890097 0.422316 0.019507 0.059073
0 0.511984 0.435536 0.015787 0.059927
0 0.790430 0.381839 0.014840 0.052237
0 0.498101 0.376114 0.009259 0.047545
0 0.558709 0.353064 0.005916 0.034185
0 0.757060 0.364248 0.007727 0.040708
0 0.490848 0.345253 0.006611 0.033434
0 0.680873 0.347845 0.007031 0.034590
0 0.261468 0.393892 0.013360 0.052224
0 0.453554 0.342633 0.008053 0.032731
0 0.658187 0.367965 0.007564 0.042750
0 0.618778 0.339041 0.007428 0.029767
0 0.353685 0.351041 0.007070 0.037249
1 0.092463 0.369392 0.008617 0.046717
0 0.092305 0.369516 0.009161 0.045887
2 0.368997 0.327757 0.005825 0.023572
0 0.877991 0.518497 0.020469 0.080415
0 0.389217 0.402294 0.007737 0.023034
2 0.090910 0.323984 0.007169 0.028382
0 0.658167 0.378859 0.007347 0.022987
2 0.877950 0.518131 0.020826 0.080782
0 0.512320 0.346719 0.008655 0.033427
0 0.512111 0.449310 0.015677 0.031626