0 0.857492 0.572937 0.026102 0.097145
0 0.595053 0.492741 0.016205 0.072704
0 0.628427 0.386565 0.010601 0.046205
0 0.527579 0.345172 0.007021 0.033534
0 0.045093 0.438963 0.012341 0.062947
0 0.392712 0.415678 0.018589 0.060042
0 0.728895 0.375482 0.009978 0.045224
0 0.994047 0.579262 0.011907 0.098622
0 0.558625 0.404904 0.011633 0.044381
0 0.255470 0.362229 0.011272 0.039686
2 0.223105 0.333400 0.008867 0.023887
0 0.004727 0.479740 0.009255 0.056383
2 0.168360 0.519786 0.021724 0.082856
2 0.686251 0.511559 0.028708 0.080670
0 0.306322 0.336279 0.006417 0.030743
0 0.685635 0.510583 0.027157 0.080580
2 0.463181 0.460852 0.023094 0.073783
0 0.994095 0.562401 0.011810 0.056598
0 0.750363 0.968729 0.028899 0.062542
0 0.337510 0.671517 0.023406 0.074362
0 0.168426 0.519473 0.021818 0.084018
0 0.995399 0.590476 0.009202 0.075046