0 0.471969 0.457423 0.015144 0.077796
2 0.551663 0.444580 0.015902 0.071663
2 0.491020 0.402133 0.013178 0.056456
0 0.332677 0.408569 0.014111 0.057051
0 0.824560 0.359217 0.008677 0.041879
2 0.438012 0.434231 0.017683 0.068853
0 0.541304 0.369434 0.008981 0.049229
2 0.162008 0.500315 0.019575 0.083164
1 0.373191 0.342793 0.008523 0.037829
0 0.900514 0.606746 0.027055 0.067707
0 0.393556 0.399401 0.018159 0.054258
0 0.899569 0.671551 0.038797 0.120468
0 0.879893 0.496849 0.017173 0.077328
0 0.894748 0.491897 0.019899 0.083578
2 0.393919 0.399218 0.018803 0.053787
0 0.491079 0.402456 0.013271 0.056775
0 0.437989 0.433818 0.017817 0.069910