0 0.401463 0.361652 0.009841 0.045147
0 0.470645 0.511645 0.019825 0.086901
0 0.457638 0.353467 0.005754 0.037061
0 0.376417 0.365026 0.009620 0.044196
0 0.192786 0.420525 0.011242 0.062927
0 0.472024 0.340375 0.006448 0.031874
0 0.535043 0.341825 0.009425 0.037819
0 0.494343 0.347878 0.006359 0.034256
0 0.478699 0.350047 0.009311 0.038332
0 0.512964 0.331746 0.005673 0.033689
0 0.489648 0.357632 0.006513 0.033567
1 0.659832 0.362163 0.012384 0.040741
0 0.460356 0.324015 0.005080 0.016979
0 0.488787 0.352072 0.007300 0.037205
0 0.555412 0.334576 0.008733 0.034721
0 0.659690 0.361561 0.012186 0.041441
1 0.555516 0.334726 0.008941 0.035112
0 0.577030 0.341353 0.006848 0.033824