0 0.482319 0.435585 0.013731 0.066523
0 0.448623 0.361630 0.008983 0.040065
0 0.724256 0.486146 0.014601 0.079425
0 0.526871 0.386191 0.008407 0.048414
0 0.254409 0.428691 0.013358 0.062803
0 0.629231 0.391889 0.008166 0.053349
0 0.539664 0.355273 0.008430 0.040129
0 0.615902 0.331963 0.007800 0.032282
0 0.490070 0.339139 0.005369 0.031480
0 0.402182 0.339546 0.006225 0.032063
0 0.279498 0.357094 0.007030 0.036611
0 0.497237 0.338331 0.006972 0.031728
0 0.520167 0.329545 0.006042 0.031242
0 0.512984 0.333214 0.006110 0.028249
0 0.417905 0.336800 0.009402 0.030063
0 0.331490 0.406695 0.015696 0.048170
0 0.625832 0.328744 0.005173 0.022804
2 0.507786 0.335533 0.006797 0.032758