0 0.630156 0.443540 0.015979 0.066431
0 0.693548 0.358506 0.009008 0.038575
0 0.947301 0.426150 0.014822 0.063637
0 0.777694 0.370601 0.009142 0.042446
0 0.552798 0.365384 0.008739 0.047025
0 0.658264 0.366066 0.012827 0.045919
0 0.510304 0.369593 0.007725 0.044018
0 0.599083 0.367345 0.010292 0.044200
0 0.565677 0.330990 0.007963 0.029619
1 0.473658 0.331919 0.006001 0.031801
2 0.497989 0.464951 0.019363 0.069658
0 0.495182 0.330240 0.006875 0.029257
0 0.855560 0.413123 0.014660 0.058579
2 0.658299 0.366448 0.012943 0.045513
0 0.723414 0.346537 0.010633 0.030477
0 0.768531 0.336851 0.007184 0.031423
0 0.992128 0.382904 0.013610 0.044689
2 0.589564 0.317278 0.004681 0.019159
3 0.602168 0.557162 0.004988 0.008915
0 0.497862 0.465154 0.019745 0.069393
2 0.992158 0.382682 0.013883 0.045364