0 0.565401 0.370216 0.008791 0.040400
0 0.522830 0.348128 0.007924 0.035595
0 0.495223 0.347323 0.008065 0.035751
0 0.321525 0.367868 0.009466 0.041462
0 0.135416 0.413093 0.014283 0.057125
0 0.798575 0.419032 0.014053 0.054913
0 0.594378 0.368045 0.011942 0.037192
0 0.294473 0.412376 0.019387 0.061168
0 0.538110 0.339342 0.009524 0.028268
0 0.656780 0.348989 0.007864 0.033760
0 0.452634 0.324243 0.009671 0.021971
0 0.623624 0.346335 0.008256 0.033930
0 0.714853 0.364296 0.009404 0.039946
0 0.677435 0.341021 0.006774 0.032633
0 0.466824 0.318102 0.006843 0.024448
0 0.331407 0.327623 0.007440 0.027972
0 0.036301 0.432437 0.013588 0.059794
0 0.036126 0.423829 0.013365 0.042806
0 0.294371 0.424636 0.019178 0.036220
0 0.619285 0.346524 0.006659 0.032117
0 0.061636 0.388225 0.010041 0.046939
0 0.616030 0.341322 0.007772 0.027723
2 0.061801 0.391081 0.009941 0.053068
2 0.400953 0.345950 0.008264 0.037068
0 0.037004 0.454286 0.013579 0.028471
0 0.400886 0.345353 0.008423 0.037907