0 0.167739 0.393433 0.013333 0.056666
0 0.543973 0.480832 0.014487 0.069451
0 0.350809 0.369546 0.015915 0.044880
0 0.469707 0.356974 0.008657 0.037468
0 0.559512 0.366386 0.009227 0.042086
0 0.249515 0.410295 0.014334 0.058127
0 0.434059 0.373328 0.010880 0.047385
0 0.535014 0.352482 0.006515 0.038713
0 0.482343 0.360423 0.007408 0.039847
0 0.500878 0.337649 0.007543 0.035649
0 0.495053 0.339628 0.007338 0.034738
0 0.820361 0.575155 0.027457 0.107154
0 0.414331 0.355450 0.008831 0.038292
0 0.578362 0.334237 0.007205 0.035624
0 0.422858 0.351744 0.012020 0.040536
0 0.413039 0.354293 0.008406 0.035025
1 0.578479 0.334362 0.007330 0.035143