0 0.579296 0.374046 0.009654 0.042569
0 0.641900 0.363780 0.008594 0.042350
0 0.536749 0.340761 0.006865 0.032367
0 0.385952 0.352710 0.006829 0.036261
0 0.722343 0.401379 0.012596 0.050929
0 0.730259 0.362016 0.009202 0.043026
0 0.554583 0.349731 0.005948 0.032777
0 0.152502 0.360360 0.009715 0.038905
0 0.172170 0.388427 0.009968 0.050510
2 0.478354 0.337748 0.007356 0.032664
0 0.397337 0.375619 0.011591 0.044531
0 0.360771 0.335338 0.006826 0.030178
2 0.144037 0.472545 0.016283 0.073436
0 0.752855 0.340166 0.015615 0.034216
0 0.143665 0.472886 0.016730 0.074531
0 0.176053 0.366766 0.006638 0.041139
0 0.510070 0.324525 0.008490 0.025121
0 0.250594 0.599263 0.025195 0.109284
0 0.339380 0.334139 0.007508 0.028167
2 0.394050 0.340062 0.006704 0.032199
0 0.248582 0.577780 0.021332 0.068362
0 0.260072 0.614362 0.013869 0.071652
0 0.394293 0.339882 0.006507 0.030577