0 0.421512 0.344917 0.008245 0.034637
0 0.504625 0.344618 0.006597 0.036170
0 0.437434 0.359391 0.007960 0.042359
0 0.348151 0.361826 0.009634 0.039936
0 0.517723 0.357727 0.007962 0.039728
0 0.266049 0.354745 0.007378 0.040564
0 0.507092 0.384193 0.008276 0.048616
1 0.588040 0.337382 0.006658 0.033833
0 0.219663 0.368161 0.016836 0.051927
0 0.471437 0.353803 0.007444 0.035550
0 0.479321 0.343706 0.007149 0.034074
0 0.461621 0.344637 0.006708 0.034677
0 0.457790 0.356881 0.007916 0.030368
0 0.221844 0.363414 0.015430 0.042779
0 0.984594 0.432830 0.012446 0.048539
0 0.467147 0.341046 0.008896 0.033410