0 0.591109 0.363800 0.007836 0.044374
2 0.424386 0.359250 0.009809 0.042713
0 0.475834 0.350147 0.008897 0.038072
0 0.517813 0.370991 0.009352 0.044370
0 0.350519 0.361862 0.008901 0.040207
0 0.789476 0.351144 0.009589 0.036658
0 0.767516 0.371441 0.008989 0.042271
0 0.359832 0.349706 0.007872 0.035650
0 0.674592 0.347926 0.006810 0.035359
0 0.493828 0.345008 0.009848 0.036750
0 0.549567 0.370700 0.009704 0.042676
0 0.405288 0.348864 0.010225 0.040803
0 0.765277 0.346589 0.009533 0.032551
2 0.377371 0.357654 0.009178 0.040295
0 0.330206 0.361635 0.008598 0.036558
0 0.468493 0.343127 0.005878 0.027669
2 0.464271 0.373742 0.010304 0.045931
0 0.416634 0.342902 0.009264 0.036059
2 0.553606 0.336328 0.004843 0.032469
0 0.470840 0.347435 0.006786 0.034642
2 0.580949 0.314095 0.006075 0.023496