0 0.421961 0.358938 0.009845 0.044228
0 0.391280 0.419426 0.010880 0.059748
0 0.595372 0.384453 0.011397 0.051526
0 0.438186 0.359739 0.010443 0.042464
0 0.524142 0.340973 0.007558 0.032213
1 0.222178 0.350237 0.006640 0.037798
0 0.669916 0.371540 0.012154 0.050239
0 0.379861 0.377519 0.006912 0.043875
2 0.622522 0.348639 0.010208 0.038615
0 0.649797 0.343284 0.007417 0.030271
0 0.471363 0.384537 0.008866 0.045268
0 0.515263 0.344369 0.008449 0.035409
0 0.609085 0.342988 0.008762 0.032091
0 0.494867 0.351840 0.006264 0.029542
0 0.316220 0.393950 0.008176 0.050384
0 0.638008 0.358155 0.007705 0.033400
0 0.371985 0.356430 0.005776 0.040981
0 0.402824 0.363366 0.006298 0.040944
0 0.497564 0.337752 0.009547 0.037196
0 0.636644 0.356192 0.006794 0.030535
2 0.547981 0.371828 0.014404 0.022336