1 0.123972 0.342347 0.010183 0.036422
0 0.619884 0.354354 0.009123 0.028980
0 0.738365 0.367796 0.009537 0.047346
0 0.616600 0.461564 0.013391 0.069798
0 0.474404 0.356633 0.010146 0.038669
0 0.769348 0.416076 0.009627 0.054829
0 0.402614 0.372325 0.009195 0.043898
0 0.373651 0.337635 0.007123 0.032338
0 0.720813 0.350136 0.010261 0.036840
0 0.570130 0.358420 0.013264 0.037511
0 0.360612 0.333269 0.005657 0.030253
0 0.314995 0.350591 0.005958 0.037464
0 0.516870 0.360427 0.011233 0.040974
0 0.532621 0.330923 0.004481 0.023283
0 0.342817 0.332260 0.006077 0.032462
0 0.481220 0.334361 0.006076 0.029400
2 0.616579 0.461519 0.012953 0.067788
0 0.411010 0.337894 0.006310 0.035123
0 0.453941 0.330909 0.007466 0.034630
0 0.783233 0.814067 0.040492 0.155641
0 0.630667 0.333736 0.005304 0.026351
2 0.379727 0.320269 0.005789 0.025486