0 0.456555 0.371958 0.010383 0.044277
0 0.068117 0.418440 0.022057 0.061012
0 0.240779 0.449412 0.018653 0.066167
0 0.383611 0.362781 0.007612 0.041874
0 0.737780 0.576592 0.018456 0.100268
0 0.424311 0.496184 0.012254 0.078918
2 0.171188 0.389701 0.012345 0.053409
0 0.374976 0.343920 0.007192 0.033390
0 0.310142 0.333859 0.008237 0.030682
0 0.264664 0.335656 0.005652 0.029840
0 0.438833 0.329452 0.006279 0.030106
1 0.550223 0.337685 0.009993 0.033723
1 0.685874 0.375196 0.011144 0.044871
0 0.994733 0.462423 0.010534 0.058209
0 0.550233 0.337926 0.010161 0.034297