0 0.375064 0.381864 0.009356 0.049441
2 0.387072 0.384057 0.009670 0.049961
0 0.453538 0.352665 0.010703 0.036294
0 0.023749 0.443857 0.019267 0.069176
0 0.319837 0.500162 0.013155 0.053481
0 0.519585 0.377066 0.009665 0.046791
0 0.188638 0.346567 0.006688 0.032440
0 0.631450 0.397337 0.017119 0.056431
0 0.336775 0.370300 0.010879 0.043004
0 0.006415 0.398019 0.011822 0.056180
1 0.856226 0.360051 0.008758 0.041355
0 0.532834 0.362741 0.011183 0.031657
0 0.327262 0.376617 0.006803 0.032791
0 0.207209 0.515747 0.030020 0.080479
0 0.430733 0.357094 0.005391 0.021111
0 0.161827 0.354097 0.008954 0.035220
0 0.438445 0.365699 0.009654 0.034086
0 0.436823 0.351607 0.006863 0.027978
2 0.145782 0.336369 0.008825 0.029369
0 0.327068 0.398553 0.006701 0.020259
2 0.207345 0.514967 0.030112 0.079488