0 0.442869 0.354702 0.010103 0.039111
0 0.572798 0.388187 0.011335 0.049618
0 0.272616 0.353313 0.006723 0.036852
0 0.378769 0.355160 0.013450 0.037915
0 0.072502 0.426475 0.018381 0.059752
0 0.520383 0.349421 0.010364 0.037798
0 0.278825 0.354674 0.008465 0.037916
0 0.253030 0.415224 0.011998 0.055888
2 0.193103 0.391138 0.013032 0.065027
0 0.184300 0.390283 0.009314 0.053318
0 0.193141 0.390317 0.013078 0.065370
2 0.216717 0.381578 0.007772 0.051497
0 0.216921 0.381402 0.008025 0.051095
0 0.204298 0.384767 0.009618 0.046608