0 0.992076 0.443121 0.015442 0.063003
0 0.954214 0.407176 0.013936 0.062128
0 0.928969 0.379391 0.008058 0.047370
2 0.516016 0.333564 0.007004 0.035342
0 0.669158 0.391772 0.007959 0.050021
0 0.856270 0.360611 0.011726 0.041667
0 0.580998 0.349818 0.008963 0.034795
0 0.604581 0.389535 0.012912 0.048325
0 0.442201 0.338009 0.005986 0.031856
0 0.962730 0.397930 0.008619 0.051302
0 0.683078 0.350429 0.007414 0.036794
0 0.600287 0.361444 0.005768 0.027881
0 0.808572 0.346324 0.009990 0.032099
0 0.466558 0.322918 0.007374 0.027731
0 0.679788 0.350155 0.012133 0.035642
0 0.502556 0.324409 0.005066 0.024732
0 0.507232 0.327393 0.004988 0.027196
2 0.604318 0.389189 0.012874 0.048285
0 0.403218 0.326667 0.005515 0.029398
1 0.403209 0.326755 0.005438 0.029279