0 0.769017 0.447925 0.012142 0.068615
0 0.742048 0.447248 0.022187 0.067031
0 0.636363 0.405844 0.011375 0.056833
0 0.800153 0.398407 0.013527 0.053317
0 0.883290 0.413695 0.013525 0.059568
0 0.424980 0.390445 0.008241 0.053512
0 0.838894 0.388769 0.018161 0.050507
0 0.359061 0.388159 0.010732 0.050515
0 0.728612 0.381478 0.012009 0.045928
0 0.971579 0.455087 0.018006 0.069160
2 0.491480 0.351055 0.008070 0.036706
0 0.757101 0.359158 0.006356 0.038337
0 0.652044 0.342548 0.006414 0.033290
0 0.335473 0.949416 0.024854 0.101167
0 0.344196 0.357085 0.007292 0.039674
0 0.296600 0.392899 0.006903 0.052842
0 0.864209 0.399340 0.014750 0.052328
1 0.011280 0.382879 0.015258 0.050768
2 0.864285 0.398793 0.014264 0.051190
0 0.011278 0.383206 0.015676 0.050174
0 0.482459 0.349347 0.008135 0.035391
2 0.382222 0.324376 0.007231 0.029804
2 0.605556 0.556197 0.018967 0.094489