0 0.366374 0.372476 0.009525 0.046222
0 0.611036 0.491962 0.012829 0.076805
0 0.547363 0.350452 0.009009 0.036084
0 0.584012 0.353450 0.010851 0.038441
2 0.445167 0.349759 0.009779 0.039759
0 0.593024 0.356267 0.008277 0.039719
0 0.482107 0.354451 0.008377 0.040940
0 0.480350 0.355631 0.011510 0.041249
2 0.431933 0.348505 0.006954 0.038921
0 0.516090 0.339814 0.006869 0.034497
2 0.453487 0.345844 0.006762 0.035125
0 0.522548 0.341002 0.008955 0.037498
0 0.518813 0.339658 0.010986 0.038641
0 0.427723 0.346635 0.005920 0.036860
1 0.619315 0.337053 0.007724 0.034355
0 0.453751 0.346013 0.006480 0.034724
0 0.619375 0.337029 0.007992 0.035118
0 0.429662 0.347883 0.008738 0.038921
0 0.559219 0.329123 0.005614 0.018543