0 0.675165 0.510304 0.016995 0.082350
0 0.643344 0.384968 0.010973 0.046173
0 0.583012 0.382652 0.010574 0.046870
0 0.553879 0.396902 0.010662 0.051394
0 0.498038 0.500291 0.015048 0.064997
0 0.782190 0.421138 0.015143 0.062279
0 0.828789 0.404844 0.014177 0.055116
0 0.637611 0.447635 0.016584 0.064178
0 0.900895 0.414166 0.012517 0.056124
0 0.433351 0.355840 0.008216 0.040474
1 0.150349 0.386633 0.011708 0.046929
0 0.461744 0.351724 0.006358 0.032820
0 0.410485 0.353906 0.005666 0.035850
2 0.498027 0.501977 0.015059 0.068881
2 0.377004 0.372376 0.009397 0.046511
2 0.179505 0.369982 0.012599 0.042117
2 0.605747 0.313460 0.005452 0.020834
2 0.505363 0.383761 0.009561 0.045646
0 0.460035 0.335571 0.005541 0.021313
0 0.505315 0.383845 0.009703 0.045698
0 0.377027 0.372440 0.009520 0.046592
0 0.392116 0.346743 0.005979 0.032264