0 0.412191 0.375328 0.009643 0.047261
0 0.326348 0.398152 0.012176 0.055529
0 0.432751 0.359876 0.007375 0.042792
0 0.460532 0.357414 0.007979 0.041634
0 0.873113 0.434287 0.019243 0.064984
0 0.517179 0.348067 0.007165 0.041720
0 0.506345 0.341557 0.007215 0.037194
0 0.452478 0.352995 0.006832 0.036880
0 0.444994 0.343730 0.006221 0.036028
0 0.709308 0.418466 0.010929 0.055862
1 0.561307 0.337478 0.008426 0.035159
0 0.641378 0.368721 0.007825 0.044190
0 0.700839 0.586381 0.015462 0.073249
0 0.454219 0.350796 0.009574 0.038589
2 0.043536 0.596148 0.031529 0.112981
0 0.744404 0.640533 0.011936 0.040429
0 0.458210 0.337754 0.006631 0.026096
0 0.458760 0.345963 0.007653 0.040743