0 0.518780 0.367481 0.009350 0.042022
0 0.698701 0.390234 0.011458 0.049031
0 0.577303 0.334454 0.005559 0.027443
2 0.500621 0.347688 0.008009 0.033905
0 0.389560 0.355366 0.009079 0.038455
0 0.710383 0.347130 0.008971 0.033128
0 0.511925 0.334099 0.005192 0.028412
0 0.377056 0.339825 0.006679 0.032453
0 0.346664 0.338748 0.006515 0.031381
0 0.520339 0.320655 0.006171 0.023700
2 0.352539 0.360654 0.008322 0.036913
2 0.550346 0.323123 0.005657 0.024940
0 0.352356 0.360688 0.008396 0.037206
0 0.371182 0.336111 0.007726 0.030622
2 0.493369 0.317593 0.005071 0.021508
0 0.333173 0.348605 0.009621 0.034188
0 0.396744 0.333235 0.007942 0.032283
0 0.397021 0.339621 0.009098 0.036471
0 0.373644 0.337466 0.012018 0.031848