0 0.099721 0.369925 0.009376 0.042871
0 0.121136 0.375260 0.010380 0.045847
0 0.070759 0.403317 0.014700 0.055931
0 0.364633 0.364535 0.008256 0.042662
0 0.197749 0.348545 0.008765 0.036309
0 0.038711 0.427190 0.010951 0.065695
2 0.397737 0.330985 0.011966 0.026874
0 0.368174 0.332198 0.008435 0.030454
0 0.577235 0.336758 0.009829 0.026602
0 0.003616 0.398717 0.007099 0.045909
0 0.038570 0.415834 0.010424 0.043268
0 0.265170 0.339457 0.008362 0.033834
0 0.356857 0.343138 0.007887 0.032753
0 0.167247 0.413450 0.015007 0.058049
2 0.750891 0.158557 0.004619 0.019551
0 0.206378 0.337152 0.006269 0.028410
0 0.588667 0.333519 0.009416 0.032339
2 0.167427 0.413401 0.014526 0.058481
0 0.630076 0.346736 0.009064 0.036767
1 0.630100 0.346488 0.008967 0.036819
0 0.562098 0.328130 0.009272 0.025975
0 0.481489 0.318378 0.006268 0.020524
0 0.338172 0.324890 0.005505 0.021834