0 0.580818 0.358454 0.008335 0.040364
0 0.751332 0.401874 0.010511 0.052556
0 0.738867 0.365114 0.009640 0.045384
0 0.395729 0.353644 0.007805 0.039036
0 0.662535 0.367701 0.009287 0.042304
2 0.471096 0.350288 0.006707 0.036984
0 0.358024 0.333095 0.006003 0.028965
0 0.596695 0.338327 0.006461 0.029054
0 0.605285 0.348185 0.007328 0.032676
1 0.118439 0.354223 0.011522 0.038742
0 0.355578 0.383986 0.009681 0.044258
0 0.351576 0.332594 0.005704 0.030993
0 0.686642 0.343854 0.005360 0.032055
0 0.588968 0.484184 0.015002 0.072716
0 0.435982 0.338049 0.004037 0.028209
0 0.278266 0.356848 0.006691 0.041817
0 0.453344 0.321375 0.005044 0.027095
0 0.314844 0.342664 0.005414 0.035528
2 0.588347 0.484140 0.013724 0.073198
2 0.465024 0.337154 0.006520 0.029544
0 0.550313 0.356329 0.005828 0.038570
0 0.513558 0.327653 0.005806 0.027488
0 0.631535 0.334493 0.006071 0.028045
0 0.315190 0.349164 0.005162 0.027136
2 0.467765 0.345850 0.006850 0.040284
0 0.464946 0.336734 0.006677 0.028511