0 0.542465 0.353188 0.009537 0.038558
0 0.558399 0.364107 0.010468 0.042699
0 0.469223 0.367609 0.012133 0.044988
0 0.222344 0.401113 0.013558 0.056549
0 0.371543 0.362597 0.011023 0.042821
2 0.517888 0.351737 0.008554 0.039447
0 0.569596 0.363201 0.007533 0.040895
0 0.582466 0.354823 0.007864 0.037641
0 0.503991 0.347672 0.005473 0.023189
0 0.504070 0.356150 0.006160 0.038237
1 0.653483 0.344563 0.005779 0.031782
0 0.504476 0.363570 0.005643 0.026295
0 0.588316 0.360452 0.005231 0.027805
0 0.590307 0.336375 0.007625 0.030452
0 0.556812 0.343989 0.005802 0.026479
0 0.613337 0.348570 0.007653 0.036706
0 0.001777 0.383593 0.003480 0.044532
0 0.599944 0.338956 0.008241 0.037632