0 0.564145 0.427990 0.012752 0.057991
0 0.624608 0.406817 0.011020 0.055802
0 0.868968 0.382420 0.017992 0.051326
0 0.422057 0.359371 0.011907 0.040523
0 0.764687 0.362583 0.008025 0.038018
0 0.824681 0.422063 0.014855 0.060502
0 0.502005 0.341781 0.005661 0.032422
0 0.511183 0.339736 0.008282 0.030085
0 0.407078 0.356232 0.007074 0.035719
0 0.489908 0.328810 0.004738 0.028436
0 0.375051 0.359134 0.007870 0.036662
2 0.558690 0.343346 0.006138 0.037738
0 0.389450 0.344677 0.008055 0.035732
0 0.453077 0.336091 0.005489 0.031605
0 0.879910 0.356043 0.007090 0.036988
0 0.354533 0.335817 0.006639 0.032333
0 0.435005 0.343691 0.007798 0.034154
0 0.382356 0.345569 0.005432 0.034800
0 0.558689 0.342934 0.006382 0.036509