0 0.821042 0.461964 0.015484 0.068249
0 0.629768 0.365682 0.013744 0.041940
0 0.789195 0.373194 0.011058 0.043949
2 0.609312 0.348420 0.011749 0.041103
0 0.570082 0.356133 0.009132 0.038694
0 0.718462 0.442164 0.014028 0.061185
0 0.384471 0.341485 0.008712 0.034387
0 0.320974 0.399365 0.012176 0.053124
0 0.480058 0.332271 0.009512 0.033068
0 0.653407 0.333478 0.010793 0.030272
0 0.971148 0.384728 0.010568 0.046561
0 0.370866 0.355631 0.007302 0.040569
0 0.961952 0.370821 0.010287 0.041844
0 0.449524 0.325140 0.005322 0.021964
0 0.701387 0.339910 0.007036 0.030303
0 0.335294 0.367148 0.007639 0.041406
2 0.335187 0.367441 0.007563 0.040768
2 0.434385 0.324513 0.005983 0.030313
0 0.552629 0.324424 0.005764 0.020110
0 0.529834 0.322831 0.008141 0.025632
2 0.529849 0.322921 0.007981 0.025449