2 0.377435 0.427670 0.012739 0.059605
0 0.348005 0.438170 0.013168 0.060111
0 0.322231 0.436462 0.015968 0.060711
0 0.545019 0.432264 0.012578 0.053863
0 0.456842 0.404772 0.010227 0.051714
0 0.597730 0.421260 0.009527 0.047279
0 0.333953 0.498327 0.019059 0.092684
0 0.349738 0.400408 0.010423 0.036181
0 0.401132 0.388748 0.008528 0.041197
0 0.386438 0.393175 0.008559 0.040370
0 0.561222 0.410346 0.008408 0.041656
0 0.434721 0.392980 0.007684 0.041336
0 0.429392 0.429731 0.014890 0.055390
0 0.567233 0.425987 0.008976 0.043715
0 0.543877 0.398707 0.008477 0.029022
1 0.513900 0.388890 0.009356 0.039844
0 0.337326 0.480615 0.010931 0.062093
0 0.883292 0.440642 0.011761 0.052985
0 0.336458 0.495144 0.013757 0.090415