0 0.699881 0.545859 0.029768 0.087238
0 0.249230 0.432891 0.012750 0.058917
0 0.770845 0.490546 0.016938 0.073064
0 0.216292 0.437002 0.015989 0.060294
0 0.570487 0.464287 0.019169 0.068923
0 0.427957 0.408773 0.009573 0.047418
0 0.282749 0.580881 0.029272 0.129684
0 0.381817 0.616269 0.034344 0.127840
0 0.407583 0.406901 0.009035 0.048636
0 0.563290 0.419585 0.009163 0.044209
0 0.303981 0.415835 0.008080 0.055955
0 0.750678 0.493551 0.015334 0.076579
0 0.245493 0.397736 0.009046 0.033506
2 0.871099 0.482138 0.015147 0.069848
0 0.348345 0.393436 0.009887 0.034610
0 0.331344 0.403008 0.008410 0.027557
1 0.522264 0.391406 0.007166 0.036725
0 0.401383 0.398105 0.007748 0.031640
0 0.745888 0.477305 0.019240 0.062802
0 0.001906 0.403429 0.003781 0.046435
0 0.895460 0.440937 0.013178 0.048683
0 0.747411 0.487799 0.020895 0.084597