0 0.214193 0.548018 0.027375 0.108740
0 0.100478 0.463122 0.011812 0.066959
0 0.776926 0.552914 0.022017 0.118694
0 0.199471 0.465776 0.014553 0.068308
0 0.037482 0.615832 0.031097 0.142347
0 0.072262 0.508081 0.016413 0.078049
0 0.449586 0.478671 0.014932 0.067466
0 0.489658 0.453118 0.011967 0.058914
0 0.556134 0.491058 0.018185 0.063516
0 0.701147 0.751685 0.037400 0.176303
0 0.645843 0.456114 0.014628 0.057180
0 0.700924 0.722939 0.035971 0.120752
0 0.699636 0.779246 0.036781 0.162521
2 0.267654 0.491430 0.021499 0.088967
0 0.613520 0.461028 0.011252 0.060206
0 0.125716 0.450020 0.011417 0.061581
0 0.424983 0.452570 0.011493 0.056518
0 0.612972 0.473338 0.010776 0.045140
0 0.424803 0.462451 0.009908 0.036988