0 0.647897 0.374140 0.010029 0.039794
0 0.540878 0.544385 0.026449 0.118283
0 0.688835 0.386307 0.011238 0.044628
0 0.663570 0.390243 0.012098 0.047378
0 0.834207 0.444117 0.027620 0.072204
0 0.612448 0.504933 0.027503 0.098380
0 0.359473 0.407206 0.011117 0.057648
0 0.654886 0.562915 0.033373 0.124425
0 0.344537 0.437443 0.015083 0.059426
0 0.544118 0.673232 0.026361 0.096381
0 0.789395 0.422881 0.013921 0.060062
0 0.507944 0.611509 0.028276 0.141374
0 0.703689 0.367776 0.006666 0.035052
0 0.584923 0.390727 0.012272 0.048722
0 0.605626 0.382496 0.008751 0.042160
2 0.341829 0.514078 0.020001 0.106741
0 0.617468 0.375794 0.008112 0.039241
0 0.611608 0.388921 0.009415 0.046863
0 0.586412 0.374382 0.010394 0.029866
0 0.585158 0.381840 0.012599 0.045250
0 0.382207 0.363411 0.007172 0.035100
1 0.382204 0.363291 0.007089 0.035155