2 0.488752 0.490812 0.022548 0.085544
0 0.698457 0.485041 0.014479 0.066755
0 0.038845 0.566472 0.031529 0.113777
0 0.787852 0.655166 0.029593 0.139979
0 0.517753 0.528858 0.021937 0.093754
0 0.370051 0.475415 0.019166 0.069844
0 0.177122 0.497696 0.024140 0.089122
0 0.536953 0.491247 0.019955 0.077133
0 0.676783 0.512607 0.024313 0.093301
0 0.865799 0.495667 0.014024 0.074323
0 0.650716 0.498457 0.025983 0.085941
0 0.768212 0.474935 0.020648 0.070113
0 0.447487 0.482145 0.015493 0.040219
0 0.329615 0.600073 0.022010 0.127136
0 0.800155 0.505569 0.016334 0.080043
0 0.585065 0.451307 0.011854 0.053223
0 0.326649 0.598287 0.031224 0.128685
0 0.798060 0.497144 0.012265 0.062585
0 0.358356 0.495381 0.015076 0.075129
0 0.541467 0.470554 0.011303 0.057210
0 0.357770 0.484137 0.013031 0.050824
0 0.654315 0.488520 0.017464 0.062947
2 0.165555 0.438357 0.014122 0.044259
0 0.358673 0.508867 0.015824 0.061310