0 0.651573 0.513187 0.019830 0.081141
0 0.509556 0.479127 0.024201 0.072117
0 0.580110 0.485791 0.021140 0.077929
0 0.860253 0.488222 0.019318 0.069962
0 0.529957 0.469631 0.020136 0.065391
0 0.728628 0.459352 0.020658 0.067814
0 0.336363 0.553956 0.030391 0.139216
0 0.598565 0.482085 0.018602 0.059214
0 0.704448 0.485473 0.016223 0.065449
0 0.912309 0.624903 0.040144 0.157972
0 0.984937 0.528375 0.020938 0.096077
0 0.303565 0.448771 0.012878 0.061116
2 0.810292 0.492936 0.013993 0.077426
0 0.910239 0.623313 0.027892 0.150958