0 0.093429 0.473525 0.024910 0.077097
0 0.187112 0.421573 0.018574 0.053519
0 0.385135 0.379554 0.010830 0.047622
0 0.281758 0.487847 0.023495 0.072200
0 0.057886 0.433507 0.016250 0.058577
0 0.473736 0.393057 0.014277 0.046817
0 0.654864 0.381672 0.009959 0.037060
0 0.210260 0.399376 0.013265 0.045792
0 0.554526 0.430603 0.018909 0.062155
0 0.664205 0.401210 0.018848 0.051095
2 0.367747 0.407647 0.013465 0.050719
0 0.504354 0.368502 0.010969 0.030878
0 0.269589 0.368409 0.009137 0.038109
0 0.484841 0.501971 0.033103 0.085678
0 0.944456 0.411282 0.017142 0.049563
0 0.341701 0.461183 0.024051 0.073205
0 0.341178 0.471866 0.023496 0.052736
0 0.598358 0.372340 0.008887 0.029539
0 0.486347 0.491886 0.030397 0.066698
0 0.913038 0.536258 0.045572 0.102323
2 0.606681 0.357047 0.006722 0.019499
0 0.493721 0.482903 0.018217 0.049112
0 0.087704 0.715327 0.013389 0.064436