2 0.696320 0.504814 0.019726 0.090187
0 0.505268 0.544025 0.021114 0.105650
0 0.144647 0.531556 0.023300 0.095298
0 0.629437 0.502013 0.020675 0.083629
0 0.756778 0.538717 0.020740 0.093758
0 0.214367 0.504793 0.018372 0.088443
0 0.336175 0.480119 0.015743 0.075793
0 0.720254 0.475875 0.019499 0.062809
0 0.844225 0.485258 0.021716 0.075391
0 0.788434 0.479575 0.012129 0.069354
0 0.622903 0.641995 0.031848 0.164979
0 0.582526 0.475053 0.014709 0.063809
0 0.549922 0.480388 0.025144 0.059933
0 0.525293 0.486479 0.025381 0.043860
0 0.569514 0.449289 0.012332 0.059549
0 0.015218 0.467489 0.018711 0.062763