0 0.124580 0.528933 0.022299 0.086244
0 0.069151 0.512278 0.027010 0.090394
0 0.449252 0.485121 0.014394 0.068170
0 0.370181 0.610025 0.028873 0.121462
0 0.568261 0.462508 0.011839 0.048092
0 0.247493 0.483865 0.025487 0.070327
0 0.493834 0.591361 0.025407 0.108607
0 0.034456 0.477241 0.018153 0.063999
0 0.463117 0.459242 0.010273 0.056965
0 0.579467 0.466656 0.014159 0.049470
1 0.652337 0.453005 0.013913 0.046585
2 0.319416 0.500173 0.017373 0.080356
0 0.457206 0.446672 0.008364 0.039837
0 0.651959 0.453213 0.014102 0.047009
0 0.319163 0.500674 0.017676 0.079078