0 0.738331 0.506845 0.014313 0.077386
0 0.716798 0.502140 0.015808 0.081971
0 0.809282 0.516267 0.016805 0.076167
0 0.827839 0.507878 0.016868 0.074298
0 0.753206 0.509223 0.013097 0.072511
0 0.600925 0.537047 0.019485 0.061566
0 0.690165 0.499018 0.011807 0.065185
0 0.585343 0.476692 0.013428 0.058368
0 0.649382 0.466190 0.009289 0.053279
0 0.667695 0.484586 0.014471 0.069648
0 0.973605 0.501628 0.017022 0.071660
0 0.705598 0.494060 0.010859 0.072314
0 0.872208 0.488756 0.012005 0.064894
0 0.854004 0.506966 0.012144 0.049616
0 0.960568 0.500383 0.013181 0.068219