0 0.490482 0.424589 0.011360 0.053380
0 0.285170 0.403232 0.010716 0.046117
0 0.903612 0.516058 0.023042 0.083111
0 0.752467 0.474873 0.014667 0.068331
0 0.461598 0.407515 0.010462 0.044136
0 0.540697 0.488149 0.015206 0.075587
2 0.410233 0.435169 0.011895 0.063295
0 0.324139 0.400610 0.010436 0.044456
0 0.562231 0.611526 0.024527 0.138376
0 0.334637 0.409576 0.008615 0.044243
0 0.426112 0.396244 0.009119 0.031053
2 0.968193 0.499209 0.022835 0.082325
0 0.391446 0.397536 0.008626 0.043419
0 0.358146 0.390598 0.007130 0.038698
0 0.406096 0.396624 0.009238 0.030894
0 0.386564 0.395601 0.007555 0.043040
0 0.489146 0.599752 0.031719 0.089025
0 0.348341 0.389307 0.007820 0.038149