0 0.418654 0.460407 0.018692 0.075371
0 0.818212 0.490707 0.025590 0.088684
2 0.517502 0.449088 0.013632 0.073108
0 0.506095 0.494879 0.019681 0.077493
0 0.901366 0.493186 0.023006 0.083848
0 0.742045 0.441041 0.015670 0.052665
0 0.643382 0.442044 0.012242 0.054559
0 0.907452 0.428627 0.009794 0.045032
0 0.442726 0.436938 0.014972 0.042915
0 0.231801 0.465246 0.015844 0.074631
0 0.490551 0.437141 0.010306 0.048142
0 0.433006 0.400686 0.009915 0.037291
0 0.015344 0.548078 0.030687 0.121542
0 0.397113 0.409228 0.011048 0.040325
0 0.010794 0.541984 0.021587 0.104552
0 0.979770 0.470496 0.031030 0.032518
0 0.218301 0.423272 0.011943 0.035562
0 0.825884 0.426374 0.010241 0.045489
0 0.215102 0.471171 0.021194 0.067413
0 0.021897 0.580980 0.017785 0.053004
2 0.357306 0.394549 0.009976 0.031594