0 0.631988 0.557026 0.024734 0.114790
0 0.232860 0.534559 0.023397 0.102706
0 0.301249 0.496764 0.018896 0.074030
0 0.662319 0.491345 0.016320 0.081813
0 0.993628 0.523260 0.012744 0.098254
0 0.415248 0.520622 0.018328 0.092217
0 0.277852 0.482418 0.016736 0.065905
0 0.327258 0.771900 0.031611 0.156690
0 0.458648 0.458916 0.019826 0.056716
0 0.332889 0.744810 0.041270 0.177968
0 0.853756 0.732353 0.045753 0.166641
0 0.426645 0.499405 0.018893 0.070778
0 0.532466 0.500262 0.018022 0.081035
0 0.852630 0.697200 0.043089 0.092012
2 0.542113 0.537180 0.034918 0.100820
0 0.862695 0.754010 0.045742 0.128957
0 0.995240 0.504858 0.009521 0.059109
0 0.546279 0.480372 0.013328 0.049559
0 0.788339 0.454636 0.012576 0.048345
0 0.538635 0.449483 0.010218 0.034846
0 0.327539 0.795226 0.029677 0.108704