0 0.265541 0.481651 0.020734 0.089956
0 0.720125 0.453873 0.013957 0.058731
0 0.675332 0.444996 0.011495 0.053552
0 0.449189 0.422140 0.011843 0.058567
0 0.483536 0.403453 0.008814 0.045214
0 0.539446 0.428808 0.017215 0.049982
0 0.502379 0.505656 0.018558 0.083874
0 0.611094 0.412190 0.008924 0.040783
0 0.171645 0.417441 0.018345 0.050732
0 0.378208 0.390930 0.007541 0.038411
0 0.513147 0.406362 0.008173 0.039038
0 0.387703 0.403821 0.008351 0.042144
2 0.397239 0.421590 0.009284 0.051837
0 0.166363 0.493781 0.029832 0.097653
0 0.334893 0.410627 0.010387 0.031873
0 0.661122 0.515804 0.023122 0.091649
0 0.398956 0.386929 0.008030 0.033639
0 0.663659 0.503773 0.021011 0.067050
0 0.573749 0.401685 0.009326 0.039158
1 0.573842 0.401616 0.009530 0.039265
0 0.160696 0.621590 0.033593 0.148577
0 0.169933 0.478329 0.023803 0.064243
0 0.161823 0.605225 0.038682 0.116012