0 0.680257 0.506899 0.015538 0.070540
0 0.308097 0.434529 0.013708 0.046396
0 0.206171 0.452896 0.021485 0.059541
0 0.261569 0.462522 0.013181 0.061926
0 0.142014 0.522856 0.022780 0.097732
2 0.534589 0.458439 0.014756 0.060399
0 0.254078 0.439007 0.009161 0.046683
0 0.370892 0.455551 0.011374 0.056315
0 0.663492 0.506693 0.015082 0.063875
0 0.125425 0.494920 0.015614 0.081705
0 0.100031 0.436492 0.011860 0.050632
0 0.666029 0.570823 0.021172 0.087927
0 0.505604 0.443194 0.010421 0.049542
0 0.729942 0.467883 0.014219 0.032360
0 0.763992 0.469883 0.012615 0.052955
0 0.732096 0.469599 0.010326 0.033886