0 0.270072 0.555865 0.023153 0.111048
0 0.171327 0.542652 0.017838 0.086768
0 0.405560 0.456775 0.013263 0.058253
0 0.531904 0.477674 0.016843 0.066065
0 0.661894 0.506330 0.021602 0.068620
0 0.692774 0.490669 0.011086 0.065064
0 0.117021 0.441703 0.016080 0.051939
0 0.976394 0.774013 0.028714 0.169810
0 0.169995 0.491219 0.015515 0.052289
0 0.589239 0.471037 0.016487 0.057894
0 0.003181 0.494197 0.006305 0.055114
0 0.215928 0.864594 0.038388 0.187442
2 0.572660 0.483002 0.018589 0.065926
0 0.572712 0.483071 0.018861 0.067008
1 0.692503 0.490100 0.011267 0.064187
0 0.215194 0.887508 0.029890 0.146306