0 0.519157 0.504470 0.019312 0.077794
0 0.254365 0.489388 0.014469 0.072620
0 0.273799 0.466209 0.014194 0.055999
0 0.606328 0.512886 0.016194 0.077095
0 0.628550 0.514502 0.015123 0.071934
2 0.395302 0.494814 0.025477 0.096033
0 0.367419 0.502094 0.018476 0.076663
0 0.585580 0.619141 0.028050 0.111559
0 0.341234 0.496385 0.026364 0.075870
0 0.458965 0.474538 0.012240 0.063719
0 0.377917 0.450477 0.011280 0.054541
0 0.468409 0.477153 0.013719 0.064157
0 0.476634 0.458694 0.010649 0.059746
1 0.562007 0.455243 0.011258 0.058260
0 0.341063 0.471176 0.014581 0.051226
0 0.615324 0.475457 0.011377 0.053838
0 0.343481 0.480061 0.021145 0.069554
0 0.638904 0.498558 0.011295 0.063330
0 0.468109 0.466919 0.014581 0.070688