0 0.574563 0.567697 0.022048 0.100889
0 0.530036 0.505548 0.021025 0.077410
0 0.658290 0.506313 0.017550 0.079552
0 0.729131 0.525214 0.014957 0.085029
0 0.512965 0.495265 0.014781 0.068772
0 0.188102 0.545691 0.033889 0.101714
0 0.679100 0.485821 0.012987 0.067350
0 0.492253 0.494501 0.018292 0.077316
0 0.504197 0.470545 0.010565 0.046120
0 0.412621 0.460549 0.012987 0.057856
0 0.782789 0.501215 0.019453 0.079164
2 0.456266 0.479521 0.014394 0.058955
0 0.441797 0.439944 0.012460 0.045933
0 0.456048 0.480255 0.014047 0.057436
0 0.804306 0.506058 0.014391 0.045574
0 0.802741 0.532176 0.010343 0.033124