0 0.306408 0.422254 0.013178 0.050163
0 0.296420 0.509185 0.018641 0.100821
0 0.698088 0.450857 0.012644 0.056974
0 0.512379 0.500359 0.013395 0.081984
0 0.609090 0.425014 0.011689 0.047563
0 0.580113 0.413736 0.012065 0.048972
0 0.850490 0.525507 0.023314 0.076619
0 0.388666 0.390179 0.008509 0.038348
0 0.665024 0.447009 0.015763 0.057645
2 0.482338 0.440111 0.016497 0.071100
0 0.319804 0.389853 0.008695 0.036725
0 0.570217 0.413456 0.009486 0.044695
0 0.073257 0.634840 0.030320 0.132711
0 0.403847 0.447694 0.023384 0.054799
0 0.707135 0.461166 0.007780 0.032748
0 0.486231 0.402954 0.008405 0.037787
0 0.706966 0.454222 0.008066 0.046269
2 0.908198 0.481459 0.014348 0.054685
0 0.706281 0.449236 0.007975 0.057115