0 0.158141 0.496413 0.016666 0.068403
0 0.283576 0.447338 0.010657 0.047855
2 0.199116 0.453453 0.012034 0.060975
0 0.378149 0.435273 0.010404 0.046308
0 0.321991 0.438922 0.011647 0.047317
0 0.258579 0.463994 0.013877 0.056765
0 0.346524 0.439931 0.011659 0.047558
0 0.339224 0.441062 0.009757 0.045186
0 0.403950 0.439095 0.010440 0.048848
0 0.310838 0.456355 0.013035 0.051157
0 0.861510 0.484275 0.012967 0.056916
0 0.247090 0.441043 0.012319 0.049766
0 0.301481 0.436086 0.007764 0.043150
0 0.423824 0.445936 0.011160 0.046852
0 0.263929 0.447220 0.009200 0.050280
0 0.477868 0.443124 0.009833 0.046667
0 0.415603 0.436912 0.009944 0.051796
0 0.884151 0.496150 0.015428 0.060261