0 0.548859 0.469333 0.019138 0.088948
0 0.538250 0.390416 0.013421 0.039567
0 0.441989 0.418210 0.012364 0.058981
0 0.192063 0.446330 0.020551 0.082969
0 0.635358 0.407934 0.007606 0.047045
0 0.252934 0.384925 0.010208 0.043387
0 0.173121 0.401000 0.015574 0.053345
0 0.457274 0.537012 0.022028 0.111905
0 0.390698 0.573755 0.029604 0.119527
0 0.572981 0.476138 0.020903 0.081688
0 0.697488 0.426347 0.010949 0.059693
0 0.481040 0.388621 0.012078 0.037910
0 0.604030 0.502601 0.030006 0.087830
0 0.557902 0.421031 0.009444 0.050322
0 0.078306 0.530863 0.027065 0.120829
0 0.806372 0.455358 0.017075 0.067591
0 0.722284 0.497503 0.026924 0.085640
0 0.341771 0.403228 0.009674 0.046461
2 0.490574 0.440372 0.012850 0.066338
0 0.425239 0.470062 0.017699 0.078612
0 0.860399 0.636806 0.031745 0.159370
1 0.907894 0.404811 0.011152 0.046596
0 0.859507 0.661040 0.027781 0.118987
0 0.422876 0.463146 0.012633 0.063932
2 0.207929 0.373782 0.008687 0.025966
2 0.490578 0.430438 0.012129 0.059091