0 0.427672 0.490647 0.013615 0.061309
0 0.113327 0.498377 0.016458 0.064755
0 0.896708 0.556803 0.019066 0.097094
0 0.151405 0.521548 0.017585 0.074763
0 0.912902 0.520893 0.016368 0.073220
0 0.561407 0.504609 0.013556 0.066456
0 0.611659 0.501702 0.017194 0.063542
0 0.397488 0.494052 0.016338 0.061789
2 0.450322 0.489952 0.018882 0.076342
2 0.294996 0.460002 0.013810 0.047731
0 0.264663 0.470769 0.012303 0.054478
0 0.657924 0.481142 0.015104 0.057972
0 0.857220 0.499728 0.013563 0.064085
0 0.646100 0.486896 0.012154 0.047245
0 0.228831 0.488890 0.017615 0.046576
0 0.469048 0.475975 0.011524 0.048697