0 0.149347 0.481298 0.022741 0.079589
0 0.041702 0.466152 0.026317 0.075280
0 0.566339 0.469066 0.017816 0.062041
0 0.459286 0.483816 0.013985 0.064232
0 0.214519 0.448741 0.011578 0.058904
0 0.673478 0.480898 0.020133 0.059064
0 0.542980 0.466170 0.021488 0.067422
0 0.755539 0.527118 0.021111 0.092054
0 0.376865 0.433242 0.016936 0.049379
0 0.220079 0.595454 0.040517 0.110835
0 0.159742 0.541043 0.031567 0.095257
0 0.418877 0.488562 0.021214 0.062915
0 0.488497 0.491862 0.025786 0.069559
0 0.250025 0.451883 0.010442 0.038594
2 0.131360 0.421186 0.010258 0.043719
0 0.246038 0.505421 0.016669 0.063417
0 0.165437 0.540402 0.020654 0.094203
0 0.245714 0.489722 0.018757 0.061259
0 0.494806 0.477616 0.013678 0.042512
0 0.245458 0.480401 0.018459 0.046599