0 0.447727 0.436449 0.013298 0.053824
0 0.332891 0.403318 0.009062 0.042952
0 0.345669 0.397631 0.009324 0.043075
0 0.263521 0.466159 0.013610 0.070292
0 0.108319 0.431066 0.016439 0.056699
0 0.387949 0.410744 0.010841 0.045061
0 0.418179 0.413417 0.009808 0.033040
0 0.263467 0.411377 0.009717 0.049155
0 0.397168 0.408266 0.007455 0.042848
0 0.522312 0.440609 0.014439 0.060382
0 0.510510 0.451752 0.012730 0.048841
0 0.429169 0.414422 0.010659 0.046814
2 0.881685 0.484491 0.011936 0.062384
0 0.438012 0.416530 0.008820 0.044659
0 0.377133 0.397925 0.007129 0.038574
0 0.447096 0.400321 0.007229 0.033578
0 0.508823 0.427073 0.011977 0.038218
0 0.372759 0.406367 0.008847 0.033833
0 0.395126 0.408924 0.006563 0.044610
0 0.375758 0.400668 0.008857 0.043128