2 0.420976 0.482990 0.016084 0.066037
0 0.617673 0.516291 0.014059 0.072163
0 0.531808 0.521316 0.017403 0.067896
0 0.394782 0.466411 0.013787 0.051805
0 0.297155 0.461582 0.012248 0.054205
0 0.470695 0.478537 0.013022 0.053226
0 0.263186 0.471556 0.013136 0.052713
0 0.484954 0.487381 0.010929 0.066572
0 0.543041 0.479947 0.012049 0.057691
0 0.168115 0.466833 0.012305 0.059266
0 0.278704 0.462150 0.013406 0.053613
0 0.570224 0.459209 0.011039 0.050884
0 0.441939 0.471885 0.013523 0.051242
0 0.453623 0.466968 0.011479 0.052719
0 0.492795 0.443968 0.008468 0.044827
0 0.361875 0.466981 0.020541 0.054989
0 0.365931 0.441658 0.010053 0.046703
0 0.352908 0.441608 0.008010 0.033628
0 0.460470 0.454427 0.009651 0.048934
0 0.460792 0.448412 0.008834 0.037449