0 0.948399 0.429112 0.023670 0.073016
0 0.644850 0.496236 0.016685 0.098163
0 0.393705 0.520486 0.023319 0.100731
0 0.360100 0.467783 0.017773 0.087783
0 0.446521 0.518146 0.020700 0.100051
0 0.686992 0.405074 0.013165 0.055579
0 0.669248 0.396986 0.017853 0.052525
0 0.786626 0.387150 0.013185 0.052133
0 0.905899 0.438134 0.017481 0.074550
0 0.574840 0.489360 0.019245 0.091725
0 0.855245 0.383267 0.014945 0.046546
0 0.565463 0.440487 0.018590 0.060067
0 0.456880 0.420221 0.012120 0.045906
0 0.997870 0.398352 0.004260 0.039702
0 0.731861 0.383157 0.012135 0.046921
2 0.738050 0.416657 0.016012 0.087664
0 0.642063 0.446524 0.007150 0.031109
0 0.738256 0.414876 0.016539 0.081475
0 0.739333 0.391203 0.013856 0.034308
1 0.586816 0.360760 0.008749 0.035733
0 0.949896 0.373841 0.009717 0.039832
0 0.328104 0.508723 0.018925 0.019595
0 0.576603 0.458913 0.016341 0.036875
0 0.738784 0.397395 0.015309 0.046623
0 0.563848 0.468415 0.014507 0.038295