0 0.619864 0.508273 0.017391 0.083158
0 0.184141 0.527538 0.020789 0.093381
0 0.760646 0.498538 0.015600 0.071152
0 0.085787 0.512531 0.017547 0.086604
0 0.504787 0.513105 0.018582 0.076710
0 0.828187 0.515563 0.023014 0.079728
0 0.366144 0.485244 0.015492 0.069956
0 0.857485 0.508931 0.014993 0.067475
0 0.636954 0.467041 0.012159 0.060683
0 0.727539 0.493516 0.014409 0.064298
0 0.446198 0.471223 0.010322 0.057180
0 0.678926 0.477953 0.013443 0.066084
0 0.846186 0.518334 0.013269 0.080236
0 0.716924 0.479625 0.013325 0.059952
0 0.580360 0.463334 0.017856 0.045140
1 0.902739 0.476385 0.013935 0.057060
0 0.592818 0.460886 0.012722 0.050147
0 0.496092 0.483637 0.018056 0.072290
0 0.608993 0.467455 0.014124 0.052910
0 0.902600 0.476029 0.014067 0.057958
0 0.618032 0.469518 0.012136 0.043568
2 0.496142 0.483800 0.018103 0.073435