0 0.988362 0.465216 0.018025 0.062447
0 0.886207 0.471714 0.013721 0.073161
0 0.658243 0.485173 0.017166 0.074708
0 0.530972 0.455675 0.012650 0.063340
0 0.798366 0.473332 0.018376 0.065987
0 0.779051 0.460852 0.013808 0.067734
2 0.692745 0.490279 0.018600 0.085958
0 0.550930 0.521369 0.025202 0.090607
0 0.973570 0.443021 0.014651 0.057100
0 0.642457 0.460075 0.015526 0.064361
0 0.943025 0.518089 0.020422 0.082962
0 0.659619 0.419338 0.010400 0.048120
0 0.840829 0.480377 0.016668 0.075405
0 0.966414 0.565520 0.030472 0.097704
0 0.797321 0.426137 0.014290 0.045871
0 0.996909 0.524077 0.006067 0.032388
0 0.605433 0.441220 0.012702 0.047359
0 0.712553 0.437158 0.010608 0.052662
0 0.707299 0.438362 0.012602 0.054644
0 0.709565 0.439482 0.016189 0.057954
0 0.840866 0.460774 0.015159 0.038900
0 0.966872 0.547492 0.028710 0.062842