0 0.680932 0.441792 0.016168 0.059813
0 0.751226 0.489970 0.026880 0.087425
0 0.277384 0.469093 0.017391 0.085350
0 0.425627 0.428627 0.012085 0.056779
0 0.786668 0.587149 0.031372 0.133836
0 0.560821 0.442674 0.013266 0.067744
0 0.511109 0.441276 0.012682 0.053778
0 0.368610 0.594193 0.033950 0.144134
0 0.504905 0.497232 0.021759 0.083278
2 0.700126 0.450573 0.018098 0.081740
0 0.746434 0.441270 0.015233 0.044784
0 0.499565 0.416270 0.012394 0.042097
0 0.499974 0.443241 0.012173 0.056561
0 0.637015 0.419482 0.014377 0.043737
0 0.500517 0.427436 0.010896 0.037136