0 0.594352 0.469718 0.014789 0.069480
0 0.940864 0.481278 0.016322 0.077650
0 0.339271 0.456352 0.015674 0.061274
0 0.048324 0.533636 0.029763 0.086210
0 0.808659 0.487386 0.017381 0.068016
0 0.164592 0.487119 0.024644 0.074705
0 0.443649 0.456308 0.015823 0.062898
0 0.540112 0.445166 0.013088 0.051613
0 0.799890 0.597703 0.044690 0.137091
0 0.463901 0.427557 0.009380 0.037711
0 0.918741 0.446735 0.011806 0.045570
2 0.461841 0.476793 0.021783 0.068855
0 0.401185 0.435369 0.011927 0.047044
0 0.650448 0.428416 0.010935 0.047127
0 0.403966 0.482327 0.015072 0.052844
0 0.403204 0.523423 0.024580 0.083634
0 0.615837 0.556939 0.027789 0.091580
0 0.386514 0.442509 0.012494 0.046048
0 0.614424 0.545170 0.026276 0.068218
0 0.794424 0.598156 0.038280 0.123333