0 0.523613 0.563195 0.027359 0.099471
0 0.336880 0.450891 0.012216 0.058440
0 0.274417 0.531196 0.020341 0.097871
0 0.249003 0.521600 0.019516 0.095973
0 0.617506 0.479725 0.015889 0.078664
0 0.071301 0.609953 0.035148 0.120012
0 0.234798 0.479901 0.012702 0.052130
0 0.111447 0.433709 0.011802 0.049878
0 0.002835 0.453651 0.005670 0.061254
0 0.529521 0.446718 0.014396 0.033406
0 0.069263 0.542214 0.022899 0.089598
0 0.390579 0.423063 0.009340 0.040098
2 0.029269 0.500156 0.016501 0.083158
0 0.248880 0.495050 0.020246 0.045245
0 0.030029 0.479520 0.015126 0.046848
0 0.029656 0.496712 0.016806 0.081872