0 0.437432 0.508385 0.024704 0.096457
0 0.045661 0.510071 0.036975 0.090534
0 0.413785 0.512498 0.022609 0.090266
0 0.258517 0.480513 0.019044 0.085963
0 0.203267 0.435888 0.016494 0.059765
0 0.634434 0.393761 0.012550 0.048911
0 0.950712 0.429266 0.020400 0.060850
0 0.692963 0.496616 0.024858 0.083627
0 0.607918 0.598780 0.032475 0.140464
0 0.099832 0.479666 0.020541 0.077356
0 0.540484 0.428028 0.017344 0.051105
0 0.936442 0.487239 0.035938 0.084618
0 0.359394 0.405242 0.013135 0.048992
0 0.863303 0.681197 0.045550 0.150345
0 0.036277 0.401344 0.012540 0.052738
0 0.681478 0.415923 0.017317 0.048103
2 0.493015 0.360856 0.008035 0.026129
0 0.683557 0.413467 0.012982 0.043026
0 0.532968 0.496679 0.021300 0.093462