0 0.327558 0.477217 0.019060 0.069001
0 0.603286 0.451819 0.015098 0.049082
0 0.319796 0.428115 0.009669 0.046549
0 0.617883 0.459724 0.012383 0.049767
0 0.348984 0.437185 0.011169 0.046493
0 0.543570 0.450563 0.011027 0.054055
0 0.445583 0.454365 0.012963 0.060860
0 0.155649 0.473380 0.014387 0.071061
0 0.657005 0.456891 0.010846 0.051344
0 0.459661 0.420535 0.008240 0.041643
0 0.416608 0.415611 0.008486 0.034365
0 0.296840 0.429805 0.007832 0.045525
0 0.338603 0.431040 0.009485 0.043683
0 0.505531 0.431521 0.012341 0.045256
0 0.498195 0.418042 0.011158 0.039664
0 0.850431 0.450118 0.012973 0.051907
0 0.515082 0.428945 0.008681 0.041834
0 0.669704 0.458108 0.017469 0.056824
2 0.669961 0.458068 0.016988 0.056728