0 0.517139 0.506230 0.021124 0.082104
0 0.405358 0.536956 0.029213 0.092247
0 0.707260 0.512099 0.014868 0.072684
0 0.585583 0.490420 0.014366 0.075642
0 0.617228 0.473426 0.013353 0.066466
0 0.311660 0.471507 0.015166 0.064411
0 0.575667 0.464634 0.013019 0.050119
0 0.374619 0.443410 0.019976 0.055156
0 0.456020 0.467184 0.019240 0.065011
2 0.323966 0.468968 0.013501 0.075143
0 0.493297 0.474294 0.012461 0.038668
0 0.089979 0.460369 0.016390 0.059619
0 0.323773 0.469982 0.013973 0.072275
0 0.484603 0.473432 0.011655 0.041793
0 0.485196 0.491634 0.022005 0.051698
0 0.483369 0.478590 0.013199 0.051480