0 0.202485 0.427863 0.013606 0.061797
0 0.538429 0.458216 0.016840 0.072978
0 0.069792 0.417872 0.010536 0.062411
0 0.217823 0.435810 0.014144 0.060718
0 0.167422 0.393246 0.009728 0.040603
0 0.104762 0.412863 0.015779 0.055439
0 0.621331 0.600455 0.022259 0.133686
0 0.988026 0.615259 0.023948 0.131192
0 0.014124 0.469864 0.020139 0.082091
0 0.040758 0.446232 0.014967 0.074760
0 0.150077 0.405568 0.011649 0.026517
0 0.389283 0.397493 0.008499 0.043489
0 0.517054 0.412236 0.008698 0.050447
0 0.525042 0.415073 0.010318 0.049892
0 0.709229 0.395183 0.007903 0.041788
2 0.150607 0.371704 0.009924 0.029151
0 0.784356 0.407418 0.016993 0.025041