0 0.022896 0.528761 0.020058 0.093063
0 0.666676 0.464706 0.016964 0.070486
0 0.404479 0.442001 0.014619 0.066536
0 0.205607 0.481272 0.017821 0.074963
0 0.438118 0.442360 0.013481 0.063698
0 0.630758 0.490209 0.014207 0.087368
2 0.794544 0.484978 0.021354 0.084017
0 0.987908 0.475720 0.020185 0.069810
0 0.357679 0.476561 0.014670 0.073247
0 0.346260 0.480864 0.015397 0.073089
0 0.335852 0.462168 0.012695 0.067350
0 0.641843 0.438665 0.010170 0.052126
0 0.692452 0.430895 0.009646 0.033709
2 0.738999 0.411611 0.013968 0.042660
0 0.770613 0.521255 0.019972 0.023828
0 0.993571 0.538719 0.012859 0.112657
0 0.254288 0.446657 0.014729 0.038570
0 0.357461 0.468501 0.012876 0.057367