0 0.415745 0.495217 0.018747 0.075826
2 0.439435 0.422139 0.014604 0.054811
0 0.583992 0.540733 0.025295 0.090089
0 0.748352 0.458926 0.015306 0.058662
0 0.515590 0.424440 0.010710 0.049002
0 0.784833 0.442879 0.015172 0.050545
0 0.607969 0.451038 0.012079 0.057328
0 0.066568 0.425052 0.014115 0.061715
0 0.409023 0.398465 0.008168 0.038114
0 0.432834 0.390385 0.008494 0.039883
0 0.498479 0.400964 0.012044 0.044126
0 0.180017 0.405143 0.013524 0.045035
0 0.882026 0.441883 0.013423 0.049633
0 0.766864 0.441280 0.011584 0.044039
0 0.700395 0.429076 0.010431 0.053924
0 0.612816 0.417478 0.008689 0.033650
0 0.854388 0.437242 0.012146 0.047780
0 0.521802 0.391743 0.007146 0.039071