2 0.439450 0.486584 0.025903 0.091697
0 0.034299 0.485567 0.019000 0.093706
0 0.304706 0.537531 0.026000 0.109982
0 0.530131 0.499173 0.016611 0.085692
0 0.901563 0.491854 0.015096 0.083251
0 0.649321 0.505519 0.021460 0.081973
0 0.125975 0.461002 0.015798 0.074342
0 0.384080 0.572344 0.029853 0.121227
0 0.991378 0.469995 0.017128 0.068277
0 0.154233 0.464014 0.015087 0.072451
0 0.973096 0.506536 0.014960 0.059500
0 0.493710 0.465548 0.025112 0.066444
0 0.575641 0.469890 0.016081 0.065549
0 0.187469 0.455715 0.013720 0.065889
0 0.379102 0.507757 0.021546 0.065163
0 0.406373 0.452441 0.016004 0.052585
0 0.490745 0.457465 0.020783 0.051476
0 0.187359 0.468648 0.013548 0.040090