0 0.988324 0.440072 0.016076 0.063463
0 0.071695 0.479949 0.030028 0.090140
0 0.202865 0.424676 0.019628 0.070272
0 0.868287 0.443760 0.013489 0.068379
0 0.356192 0.389902 0.011539 0.042939
0 0.827913 0.411579 0.015586 0.056623
0 0.886165 0.462070 0.015051 0.065205
0 0.371787 0.397248 0.015433 0.049794
0 0.622212 0.470137 0.018577 0.081265
0 0.470938 0.477584 0.020941 0.082082
0 0.899069 0.406383 0.013946 0.052174
0 0.154657 0.624369 0.033391 0.128863
0 0.747140 0.586140 0.042608 0.125633
2 0.545380 0.443572 0.018588 0.070384
0 0.579109 0.405612 0.014660 0.048382
0 0.040990 0.567745 0.044596 0.110932
0 0.579699 0.450753 0.024091 0.065052
0 0.268168 0.515512 0.025194 0.100599
0 0.714193 0.389420 0.008663 0.041975
2 0.381308 0.354723 0.008943 0.031372
3 0.424458 0.392394 0.009585 0.015855