0 0.382682 0.534591 0.024502 0.112693
0 0.771950 0.484601 0.020627 0.077206
0 0.724516 0.478941 0.016822 0.077806
2 0.268061 0.500288 0.023094 0.098859
0 0.675133 0.682336 0.038292 0.161883
0 0.339790 0.465803 0.015715 0.066537
0 0.216411 0.507754 0.022936 0.082820
0 0.518990 0.469178 0.015465 0.060625
0 0.394904 0.438561 0.013086 0.048318
0 0.705833 0.453898 0.015872 0.052286
0 0.864568 0.482919 0.020045 0.061509
0 0.197888 0.443641 0.013002 0.058010
0 0.661186 0.456859 0.013539 0.044170
0 0.078994 0.442431 0.012964 0.049556
1 0.661039 0.456711 0.013324 0.044283
0 0.668778 0.469237 0.007981 0.023592