0 0.642632 0.580735 0.018715 0.100643
0 0.280257 0.591487 0.034735 0.110571
0 0.033744 0.463496 0.017305 0.064506
0 0.548639 0.539469 0.015127 0.083925
2 0.113159 0.508713 0.020811 0.090328
0 0.427364 0.473097 0.014527 0.074393
0 0.159125 0.552200 0.022800 0.095743
0 0.053756 0.454039 0.014107 0.054049
0 0.711957 0.469202 0.013257 0.056517
0 0.531801 0.443815 0.019788 0.045118
0 0.254449 0.446851 0.011969 0.049297
0 0.355186 0.427881 0.010424 0.045722
0 0.444941 0.489230 0.014592 0.067878
0 0.443868 0.482695 0.013458 0.055115