0 0.844443 0.536263 0.024349 0.092466
0 0.867929 0.507941 0.025961 0.078567
0 0.648643 0.512866 0.020684 0.075658
0 0.280111 0.518564 0.014459 0.093077
0 0.801963 0.655200 0.035937 0.169427
0 0.822635 0.501947 0.021575 0.077054
0 0.169076 0.468481 0.025224 0.073862
0 0.799725 0.484675 0.022718 0.053391
2 0.460909 0.473353 0.019359 0.102576
0 0.280432 0.505421 0.013826 0.066357
0 0.349524 0.449018 0.012033 0.053526
0 0.526801 0.456947 0.016481 0.049408
0 0.317423 0.440597 0.013088 0.056692
0 0.461028 0.478920 0.018699 0.091125
0 0.172523 0.465513 0.018303 0.068859
0 0.367346 0.440080 0.011239 0.052185