0 0.225489 0.508372 0.016980 0.084969
0 0.137404 0.580209 0.023203 0.110504
0 0.245214 0.533962 0.020353 0.088044
0 0.814645 0.528653 0.019084 0.084932
0 0.888690 0.501288 0.015825 0.070017
0 0.765059 0.559822 0.029935 0.109558
0 0.899347 0.484145 0.014804 0.069098
0 0.816236 0.653806 0.026787 0.145626
0 0.588699 0.472141 0.012862 0.055651
0 0.084869 0.759548 0.044983 0.186363
0 0.404575 0.463476 0.013107 0.061096
0 0.992881 0.496818 0.014179 0.073949
2 0.641261 0.463654 0.012353 0.052054
0 0.770138 0.513750 0.023641 0.081164
0 0.816504 0.632053 0.026571 0.101812
2 0.769657 0.510688 0.024236 0.076954
0 0.818655 0.702769 0.013153 0.048962
0 0.086701 0.737793 0.040686 0.137362
0 0.080106 0.775930 0.039087 0.151900