0 0.332432 0.493789 0.018084 0.080391
0 0.590529 0.506732 0.019399 0.072258
0 0.666410 0.488225 0.014252 0.066872
2 0.377808 0.451190 0.013399 0.063930
0 0.529226 0.482697 0.018494 0.065450
0 0.629080 0.473529 0.014028 0.061973
0 0.552110 0.491220 0.011704 0.047624
0 0.653824 0.475700 0.012912 0.062138
0 0.687886 0.497766 0.013994 0.049810
0 0.622605 0.449553 0.013112 0.060570
0 0.541317 0.484141 0.013295 0.061056
0 0.642402 0.474647 0.014272 0.059900
0 0.698926 0.493199 0.017636 0.061499
0 0.748705 0.473017 0.013379 0.068192
0 0.715440 0.458377 0.010610 0.067270