0 0.304955 0.523954 0.022507 0.084248
0 0.623382 0.436221 0.010128 0.049569
0 0.822899 0.496622 0.016777 0.079296
0 0.277789 0.424918 0.011506 0.044189
0 0.485382 0.496200 0.017734 0.084573
0 0.568137 0.429746 0.012130 0.047032
2 0.520017 0.496888 0.016309 0.083220
0 0.022557 0.444728 0.016628 0.058017
0 0.873432 0.447794 0.013607 0.055087
0 0.410713 0.431225 0.012586 0.045381
0 0.059003 0.477609 0.015503 0.069510
0 0.531566 0.442106 0.011792 0.050978
0 0.715595 0.418357 0.009495 0.045766
0 0.813544 0.462292 0.014012 0.057856
0 0.062947 0.448140 0.014251 0.041673
2 0.290710 0.394549 0.007498 0.028077
0 0.012871 0.839742 0.025743 0.132168