0 0.768020 0.582056 0.025114 0.117223
0 0.795364 0.502609 0.013003 0.069717
0 0.217399 0.465687 0.015004 0.061667
0 0.765591 0.509862 0.015235 0.050661
0 0.162307 0.523058 0.015190 0.077389
0 0.499620 0.483189 0.015450 0.069412
0 0.932218 0.530329 0.019591 0.073486
0 0.612766 0.471471 0.013994 0.062266
0 0.458308 0.483443 0.015437 0.071635
0 0.997067 0.511125 0.005865 0.062680
0 0.841641 0.483613 0.010942 0.059268
0 0.834295 0.477175 0.010207 0.058443
2 0.659500 0.490242 0.013715 0.066004
2 0.660042 0.479969 0.015542 0.085522
0 0.757009 0.474402 0.011495 0.050465
0 0.932047 0.510212 0.017128 0.041989
0 0.593652 0.472951 0.013284 0.061175
2 0.033178 0.478315 0.009129 0.027871