0 0.067476 0.485508 0.021587 0.069808
0 0.240104 0.505384 0.020018 0.073871
0 0.784376 0.559594 0.021558 0.104689
0 0.260977 0.511099 0.015986 0.085367
0 0.954008 0.503725 0.017451 0.082136
0 0.476716 0.462818 0.016010 0.057042
0 0.643379 0.466137 0.015671 0.062706
0 0.897431 0.488237 0.014373 0.073730
0 0.274627 0.446237 0.010494 0.050519
0 0.378038 0.776306 0.030968 0.158959
0 0.624812 0.468475 0.012120 0.054524
0 0.296453 0.449583 0.009148 0.054727
0 0.573931 0.457815 0.014149 0.054644
0 0.794245 0.470107 0.013853 0.062673
2 0.538233 0.472865 0.016154 0.075897
0 0.777151 0.473400 0.012489 0.069276
0 0.453157 0.501627 0.015693 0.046707
0 0.461198 0.457628 0.011931 0.049843
2 0.322240 0.445742 0.011416 0.041526
0 0.557946 0.457328 0.011195 0.052015
2 0.031644 0.464204 0.014668 0.063902
0 0.355775 0.439936 0.009928 0.049768
0 0.378212 0.751908 0.035379 0.180449