0 0.285202 0.532433 0.021930 0.090187
0 0.514079 0.415934 0.009410 0.044189
0 0.495713 0.426568 0.012718 0.046581
0 0.571301 0.433324 0.015933 0.044279
0 0.612465 0.522323 0.034917 0.080023
0 0.240346 0.503228 0.016975 0.076557
0 0.462645 0.431401 0.010910 0.055797
0 0.665358 0.675355 0.044463 0.140819
0 0.398023 0.432896 0.011873 0.054878
0 0.279980 0.437268 0.010460 0.050516
0 0.480159 0.430770 0.010637 0.044962
0 0.597004 0.415548 0.011303 0.038467
0 0.760149 0.430113 0.014273 0.045129
2 0.441004 0.458093 0.014002 0.065222
0 0.705938 0.505149 0.022805 0.064829
0 0.432744 0.433247 0.013594 0.047226
0 0.427488 0.420803 0.009346 0.042111
0 0.286029 0.422177 0.011144 0.041255
2 0.728019 0.394024 0.008622 0.031600
0 0.651246 0.656204 0.012203 0.043915
0 0.395746 0.402859 0.008615 0.029262