0 0.307608 0.508864 0.031302 0.114303
0 0.682604 0.450034 0.021801 0.078524
0 0.331292 0.497136 0.020259 0.099928
0 0.559884 0.430291 0.016210 0.070252
0 0.298141 0.400147 0.020756 0.061256
0 0.445034 0.396636 0.011542 0.052647
0 0.786259 0.456106 0.014959 0.058354
0 0.611103 0.604237 0.041094 0.159667
0 0.463974 0.640476 0.038383 0.163430
0 0.700177 0.613838 0.035998 0.143687
0 0.057506 0.364959 0.010773 0.045098
0 0.932597 0.520903 0.025676 0.096227
0 0.608533 0.388839 0.007207 0.032305
1 0.057603 0.365427 0.010869 0.044484
0 0.942299 0.480886 0.015622 0.046272