0 0.374745 0.460591 0.016938 0.074590
0 0.264530 0.498824 0.021002 0.097848
0 0.844601 0.580167 0.033976 0.128387
0 0.549803 0.454643 0.016797 0.054946
0 0.193695 0.450771 0.015318 0.066345
0 0.346508 0.450752 0.015990 0.065703
0 0.166715 0.576826 0.025342 0.104992
0 0.147149 0.418389 0.014386 0.053849
2 0.174951 0.475385 0.021407 0.085151
0 0.003529 0.445941 0.007054 0.063097
0 0.324394 0.429700 0.011561 0.049500
2 0.075263 0.418921 0.009398 0.048758
0 0.424212 0.485547 0.028043 0.064249
0 0.489840 0.437625 0.011261 0.049129
0 0.128690 0.425907 0.013578 0.053622
0 0.592176 0.433656 0.013148 0.053184
0 0.430558 0.820400 0.044852 0.199878
1 0.592017 0.433699 0.013242 0.052666
0 0.427309 0.788670 0.048501 0.183196
0 0.435438 0.455447 0.012961 0.030914