0 0.739286 0.519097 0.034869 0.095394
0 0.710365 0.467174 0.022898 0.071411
0 0.329839 0.437675 0.013187 0.063249
0 0.265636 0.567131 0.022342 0.117334
0 0.853087 0.439898 0.013216 0.052119
0 0.893728 0.471955 0.012323 0.045390
0 0.371169 0.417373 0.011144 0.049795
0 0.578178 0.628429 0.034523 0.151137
0 0.639443 0.452326 0.023468 0.060245
0 0.766483 0.438032 0.018109 0.054822
0 0.519192 0.450149 0.012188 0.064820
0 0.598333 0.413360 0.013553 0.043407
0 0.340940 0.447379 0.013364 0.063073
0 0.449833 0.413104 0.010534 0.043295
0 0.188172 0.510042 0.020683 0.108956
0 0.911043 0.460374 0.014407 0.047099
0 0.997176 0.510710 0.005649 0.051000
0 0.710020 0.431282 0.011836 0.037481
0 0.526276 0.435641 0.009342 0.061610
0 0.188683 0.504647 0.016670 0.091087
0 0.910309 0.492425 0.012151 0.031939
0 0.282585 0.520486 0.007978 0.031898
0 0.909133 0.494513 0.009172 0.027141
0 0.190112 0.494761 0.015882 0.069669
0 0.264868 0.587869 0.019888 0.073936
0 0.893510 0.448095 0.009138 0.033512
0 0.518923 0.442284 0.010535 0.047847
1 0.598389 0.412664 0.013415 0.043082
0 0.893503 0.452388 0.010490 0.043172