0 0.518013 0.513174 0.030668 0.098566
0 0.913808 0.524994 0.019652 0.093076
0 0.472206 0.509478 0.019861 0.090192
0 0.795434 0.537519 0.023064 0.096701
0 0.429070 0.454037 0.018509 0.064624
0 0.790185 0.458586 0.012059 0.063645
0 0.825610 0.660664 0.046076 0.161657
0 0.150384 0.452106 0.021545 0.066597
0 0.806363 0.479318 0.016286 0.069676
0 0.108533 0.468394 0.012197 0.063122
0 0.116012 0.468481 0.011649 0.063103
0 0.108780 0.503363 0.010799 0.029522
0 0.107975 0.465513 0.010040 0.052585
0 0.380604 0.439859 0.015238 0.054728
1 0.428750 0.453346 0.018344 0.064437