0 0.949454 0.525385 0.013589 0.076927
0 0.889182 0.499389 0.016272 0.073174
0 0.833820 0.576886 0.022672 0.108083
0 0.130820 0.518173 0.023174 0.093925
0 0.612178 0.498747 0.016295 0.073739
0 0.990923 0.508030 0.016778 0.076648
0 0.588445 0.500020 0.014463 0.073061
0 0.197314 0.475352 0.017067 0.071540
0 0.052748 0.650540 0.032368 0.159079
0 0.916046 0.511067 0.014197 0.080808
0 0.665990 0.476484 0.012623 0.053625
0 0.724658 0.484712 0.014080 0.060842
0 0.926115 0.498780 0.015022 0.070246
2 0.178105 0.458350 0.013346 0.054347
2 0.739120 0.512138 0.020662 0.072086