0 0.357598 0.540625 0.022916 0.091093
0 0.310520 0.457204 0.011560 0.058174
0 0.291804 0.448769 0.010886 0.050798
0 0.082301 0.562908 0.035924 0.116658
0 0.446711 0.488007 0.021719 0.063585
0 0.332540 0.426419 0.013867 0.044260
0 0.477633 0.452602 0.010378 0.049312
0 0.396858 0.426229 0.010087 0.040948
2 0.320928 0.449081 0.012642 0.058170
0 0.668742 0.453379 0.010345 0.042308
0 0.490184 0.444286 0.009077 0.046173
0 0.350931 0.424311 0.009141 0.040277
0 0.320510 0.452410 0.013166 0.065105
0 0.452876 0.440571 0.010116 0.033898
0 0.407449 0.428556 0.012190 0.039447
0 0.462002 0.428209 0.009198 0.037198
0 0.690016 0.452611 0.007380 0.041120
0 0.480680 0.425236 0.009182 0.033997