0 0.525510 0.439845 0.017086 0.056263
0 0.585856 0.491291 0.015090 0.072668
0 0.979995 0.477955 0.020099 0.081137
0 0.455001 0.436720 0.013035 0.059198
0 0.680911 0.451440 0.017452 0.061902
0 0.544906 0.420677 0.011093 0.052513
0 0.708796 0.410517 0.010959 0.044827
0 0.664037 0.496686 0.016685 0.078880
0 0.747596 0.448008 0.018035 0.054762
1 0.269673 0.405753 0.009364 0.047839
0 0.503774 0.481564 0.021712 0.060433
2 0.728296 0.455213 0.016528 0.068246
0 0.875479 0.624607 0.032484 0.119140
0 0.669093 0.413698 0.012552 0.040146
0 0.786683 0.651925 0.043011 0.149658
0 0.489073 0.472762 0.010119 0.052061
0 0.771065 0.703208 0.009147 0.055902