0 0.826251 0.478059 0.017345 0.072470
0 0.669222 0.478374 0.024575 0.077506
0 0.857666 0.461473 0.016608 0.065462
0 0.355110 0.475527 0.024317 0.067042
0 0.573964 0.562103 0.026284 0.116313
0 0.111187 0.495298 0.027158 0.084231
0 0.711548 0.563896 0.028692 0.117219
0 0.400282 0.605626 0.041615 0.128096
0 0.682293 0.691209 0.036127 0.160000
3 0.476759 0.470433 0.005801 0.011897
0 0.457773 0.441284 0.016386 0.061222
0 0.304856 0.470470 0.010204 0.047824
2 0.693077 0.415671 0.012121 0.042774
0 0.304213 0.439678 0.010188 0.037055