0 0.418793 0.511370 0.023909 0.098351
0 0.466349 0.445832 0.017534 0.054114
0 0.893173 0.462989 0.014218 0.058279
0 0.680106 0.453513 0.012336 0.055186
0 0.580415 0.427522 0.011340 0.044147
0 0.497784 0.439159 0.012587 0.044350
0 0.735039 0.435014 0.010264 0.046051
0 0.119172 0.467433 0.021702 0.075857
0 0.723866 0.446252 0.010776 0.046046
0 0.880207 0.440010 0.011870 0.052523
1 0.119146 0.467442 0.022528 0.076550
0 0.828382 0.512732 0.022046 0.073607
0 0.831475 0.516908 0.030768 0.084787
0 0.826729 0.507609 0.017130 0.063014
1 0.880176 0.439770 0.011636 0.052624
0 0.723020 0.452160 0.009163 0.038075
0 0.676236 0.474132 0.005924 0.025591
0 0.678032 0.465944 0.009321 0.041183