0 0.628824 0.479628 0.015077 0.080047
0 0.198721 0.493547 0.020577 0.102068
0 0.552650 0.502065 0.028243 0.092478
0 0.966692 0.464151 0.017704 0.070949
0 0.655192 0.456512 0.014843 0.072438
0 0.738620 0.496498 0.028174 0.088663
0 0.359324 0.434768 0.017865 0.060352
0 0.843347 0.442109 0.016416 0.063299
0 0.601087 0.451757 0.014623 0.063978
0 0.478345 0.446902 0.020718 0.066726
2 0.680054 0.439142 0.013376 0.070937
0 0.768431 0.421281 0.013999 0.048214
0 0.434351 0.454211 0.016122 0.079951
0 0.760420 0.706957 0.029544 0.165533
0 0.446751 0.416274 0.008677 0.047238
0 0.759523 0.759256 0.032901 0.172786
0 0.736589 0.434209 0.011533 0.039347
0 0.601986 0.460285 0.012885 0.049993