0 0.731093 0.549360 0.033823 0.102946
0 0.765643 0.635155 0.032325 0.134913
0 0.371823 0.401785 0.019111 0.045987
0 0.487824 0.434481 0.018025 0.063192
0 0.399829 0.446913 0.021265 0.069538
0 0.690163 0.510575 0.019076 0.073472
0 0.581146 0.484658 0.024320 0.054697
0 0.853718 0.415118 0.013141 0.054918
0 0.072691 0.410040 0.011044 0.047513
0 0.072413 0.925749 0.020640 0.148123
2 0.024206 0.504465 0.025336 0.096245
0 0.593080 0.450820 0.018406 0.039691
0 0.488156 0.424596 0.016835 0.046437
0 0.589988 0.450151 0.014145 0.037526
0 0.015118 0.607235 0.030237 0.119819
0 0.022082 0.572646 0.014308 0.055262
0 0.280957 0.524883 0.043361 0.063458
0 0.857838 0.401422 0.008004 0.030679
0 0.026094 0.504502 0.021463 0.095901
0 0.386537 0.478848 0.005782 0.018989
0 0.593651 0.460803 0.021620 0.058741
0 0.013162 0.594384 0.025776 0.091131