0 0.169401 0.411412 0.012269 0.058106
0 0.222235 0.385532 0.012520 0.039773
0 0.013905 0.414494 0.015184 0.053466
0 0.478869 0.409329 0.010279 0.055109
0 0.615131 0.532167 0.029438 0.088658
2 0.267909 0.432982 0.013370 0.065631
0 0.196882 0.377997 0.009839 0.041900
0 0.770777 0.461470 0.013892 0.050606
0 0.750107 0.469384 0.019145 0.062442
0 0.411302 0.413884 0.012488 0.061613
0 0.299246 0.389879 0.010802 0.046054
0 0.683482 0.455762 0.014276 0.051573
0 0.514103 0.383701 0.010544 0.048421
0 0.294708 0.485386 0.020573 0.061936
0 0.031444 0.509981 0.015041 0.048045
0 0.505319 0.407689 0.011244 0.055145
0 0.554258 0.463409 0.019353 0.065308
0 0.315447 0.425433 0.011667 0.039148
0 0.421137 0.410429 0.009397 0.041882
0 0.710608 0.431111 0.012458 0.052126
0 0.291278 0.492390 0.021857 0.070778
0 0.708146 0.417735 0.012441 0.034367
0 0.417967 0.398008 0.007646 0.033035
0 0.315812 0.415335 0.009716 0.041275
0 0.026849 0.536031 0.026190 0.061113