0 0.487595 0.509581 0.020781 0.089637
0 0.580720 0.431954 0.012698 0.057747
0 0.323089 0.437559 0.015916 0.058471
0 0.956960 0.535767 0.025345 0.100486
0 0.703328 0.657942 0.031714 0.137497
0 0.879475 0.417559 0.013028 0.053233
0 0.659977 0.632321 0.033233 0.129790
0 0.732456 0.459994 0.016219 0.067597
0 0.241955 0.419028 0.007339 0.027292
2 0.337729 0.596690 0.025200 0.117538
0 0.914859 0.572386 0.020258 0.096754
0 0.997105 0.629643 0.005790 0.049006
0 0.996922 0.635351 0.006109 0.035951
0 0.913561 0.562087 0.022728 0.074069