0 0.263932 0.495715 0.017425 0.084109
0 0.335551 0.416458 0.009599 0.049425
0 0.205419 0.592125 0.028095 0.098537
0 0.477929 0.502185 0.017150 0.082970
0 0.667395 0.512921 0.024652 0.086251
0 0.513121 0.405381 0.010440 0.049344
0 0.694184 0.522227 0.021071 0.084884
0 0.280489 0.442861 0.011259 0.059406
0 0.587165 0.436078 0.013668 0.049133
0 0.580558 0.524923 0.014117 0.091424
0 0.508629 0.518129 0.017650 0.090230
0 0.616202 0.490654 0.015803 0.081513
0 0.017492 0.440072 0.012559 0.053634
0 0.557260 0.469194 0.010549 0.055135
0 0.272157 0.412427 0.010014 0.045161
0 0.741255 0.585861 0.025171 0.065231
0 0.519995 0.577709 0.007192 0.021428
0 0.021666 0.528385 0.010438 0.037661
0 0.581126 0.506241 0.012568 0.053855
0 0.645513 0.524733 0.030524 0.091776
3 0.554747 0.641307 0.007955 0.008649
0 0.524706 0.543345 0.016856 0.080549
0 0.580603 0.544359 0.013561 0.053777
0 0.015581 0.505319 0.022116 0.080856
0 0.638766 0.524096 0.017690 0.089478
0 0.563046 0.459393 0.007254 0.036972
0 0.525066 0.556157 0.016116 0.049379
0 0.012211 0.500853 0.015541 0.070093
0 0.520545 0.574292 0.007634 0.027158
0 0.524908 0.528973 0.016107 0.060497