0 0.893794 0.495483 0.014333 0.064026
0 0.993012 0.496901 0.013464 0.063006
0 0.968926 0.530334 0.017571 0.051151
0 0.941578 0.522143 0.015714 0.060405
0 0.072357 0.498216 0.017602 0.062812
0 0.865191 0.485838 0.017937 0.064541
0 0.758476 0.490059 0.015613 0.060900
0 0.787264 0.490299 0.011325 0.062679
0 0.680690 0.498400 0.014003 0.043692
0 0.719016 0.482639 0.013359 0.053061
0 0.005919 0.501544 0.011838 0.059712
0 0.805519 0.486349 0.010838 0.058625
0 0.680093 0.478274 0.014094 0.036685
0 0.707121 0.484684 0.017183 0.068078