2 0.042189 0.510524 0.023709 0.097695
0 0.235273 0.506294 0.020204 0.079817
0 0.004424 0.439196 0.008848 0.064700
0 0.532442 0.455964 0.018522 0.067242
0 0.307520 0.439766 0.016649 0.069113
0 0.242149 0.449650 0.015131 0.058139
0 0.165889 0.469673 0.015545 0.051767
0 0.223097 0.484485 0.013850 0.079967
0 0.271639 0.454714 0.013849 0.064068
0 0.323063 0.474595 0.012937 0.052708
0 0.277065 0.440043 0.012494 0.065717
0 0.322695 0.466899 0.014568 0.068318
0 0.494337 0.456648 0.011661 0.074374
0 0.230551 0.434626 0.014349 0.055301
3 0.659704 0.177007 0.007001 0.013344