0 0.712426 0.492623 0.014539 0.076744
0 0.644446 0.505081 0.019099 0.082866
0 0.342628 0.587750 0.025764 0.114988
0 0.449638 0.587980 0.028220 0.125223
0 0.104113 0.486837 0.020857 0.066868
0 0.024568 0.512894 0.014307 0.065536
0 0.436137 0.494625 0.018538 0.061115
0 0.794502 0.534462 0.016784 0.073029
0 0.081253 0.497791 0.017902 0.075198
0 0.861832 0.485162 0.014777 0.062052
0 0.555359 0.483659 0.013188 0.044219
2 0.545572 0.537802 0.021340 0.089691
0 0.187248 0.820720 0.030931 0.168381
0 0.794057 0.495079 0.017362 0.041962
0 0.794384 0.504720 0.018548 0.059504
0 0.503929 0.463797 0.013096 0.042848
0 0.191628 0.799023 0.052078 0.172025
0 0.197306 0.770670 0.042169 0.112498
0 0.025934 0.484819 0.014731 0.042331