0 0.837085 0.520296 0.016660 0.070823
0 0.609551 0.536643 0.018569 0.091660
0 0.758627 0.491807 0.015367 0.073253
0 0.264311 0.485579 0.018330 0.066254
0 0.884913 0.482556 0.012717 0.065690
0 0.248421 0.499311 0.020396 0.065696
0 0.571945 0.520009 0.022523 0.083574
0 0.913466 0.533987 0.019988 0.098489
0 0.827316 0.475595 0.014306 0.063218
0 0.212723 0.469801 0.011531 0.064080
0 0.567453 0.476746 0.011824 0.057048
2 0.929078 0.433260 0.011029 0.053749
0 0.123883 0.937190 0.015627 0.125621
1 0.511203 0.481709 0.017739 0.054497
0 0.511216 0.482534 0.017342 0.052267
0 0.123788 0.958534 0.015497 0.082933
0 0.135874 0.458840 0.014234 0.055273
0 0.978148 0.435412 0.009303 0.051428