0 0.798302 0.474766 0.019558 0.073519
0 0.706131 0.448308 0.014622 0.071676
0 0.388347 0.479512 0.019895 0.090641
0 0.837130 0.457828 0.020759 0.080335
0 0.542408 0.429071 0.017476 0.048762
0 0.599703 0.450550 0.023533 0.076319
0 0.623385 0.455698 0.019888 0.076126
2 0.499487 0.494468 0.023996 0.095477
0 0.010016 0.959258 0.015257 0.081484
0 0.722306 0.465027 0.013081 0.056579
0 0.657883 0.488589 0.014215 0.027625
0 0.664119 0.488244 0.011045 0.028525
0 0.795109 0.584655 0.019716 0.086231
0 0.662655 0.756764 0.037766 0.107655
0 0.611015 0.428119 0.011739 0.062011
0 0.674337 0.819519 0.044540 0.177091
0 0.790068 0.537794 0.012347 0.042857
0 0.666965 0.769294 0.049027 0.131194
0 0.678175 0.778059 0.035183 0.150483