0 0.064109 0.491281 0.019568 0.090788
0 0.328447 0.617717 0.025650 0.138907
0 0.538032 0.454565 0.016955 0.067593
0 0.471486 0.409367 0.017104 0.053834
0 0.863729 0.587554 0.030613 0.116727
0 0.488249 0.480416 0.018270 0.078919
0 0.642526 0.525291 0.019148 0.090851
0 0.909261 0.532580 0.018849 0.069724
0 0.433134 0.514078 0.017894 0.070059
0 0.419091 0.434745 0.012527 0.064761
0 0.859440 0.588692 0.021132 0.116132
0 0.422901 0.638937 0.032493 0.119981
0 0.241821 0.427016 0.013392 0.061927
0 0.782757 0.656929 0.035817 0.158626
0 0.343433 0.412790 0.010303 0.035660
0 0.912561 0.583889 0.009818 0.031322
3 0.594780 0.674991 0.009806 0.009394
0 0.241875 0.417662 0.012958 0.044431
0 0.448439 0.481335 0.015876 0.071058
0 0.210528 0.450235 0.016494 0.052663
0 0.788370 0.511674 0.030916 0.082831
0 0.347023 0.452717 0.016649 0.055696
0 0.784162 0.682892 0.041212 0.103105
0 0.904230 0.551225 0.014537 0.050965
0 0.210847 0.427375 0.015460 0.039530
0 0.210216 0.440417 0.016884 0.065044
0 0.779377 0.487152 0.017159 0.042927
0 0.783807 0.508955 0.026093 0.085437
0 0.418715 0.629315 0.024193 0.100029
0 0.777434 0.658858 0.027139 0.158482
0 0.900302 0.496269 0.010368 0.038985
0 0.778214 0.634089 0.022096 0.105555
0 0.210202 0.458742 0.016241 0.036140