0 0.706493 0.496042 0.023396 0.080813
0 0.864791 0.474026 0.018857 0.074155
0 0.931578 0.461750 0.016982 0.064281
0 0.179341 0.466557 0.020074 0.071830
0 0.534246 0.423801 0.010757 0.061943
0 0.569542 0.449125 0.013181 0.053063
0 0.803981 0.468517 0.012905 0.065254
0 0.798916 0.473026 0.012248 0.049367
0 0.976135 0.465323 0.017139 0.051446
0 0.706771 0.427068 0.014981 0.048741
0 0.613898 0.524779 0.021899 0.069521
0 0.614244 0.537859 0.022343 0.097016
0 0.571025 0.452806 0.012195 0.048979
0 0.798435 0.477836 0.010679 0.038559
0 0.618771 0.538713 0.026624 0.098217