0 0.444133 0.493317 0.014129 0.079342
0 0.343804 0.506755 0.016369 0.092819
0 0.775923 0.436393 0.013599 0.065928
0 0.799799 0.434372 0.012378 0.066357
0 0.689246 0.521313 0.019787 0.083826
0 0.736260 0.428461 0.010972 0.058702
0 0.568814 0.486768 0.014472 0.080697
0 0.745403 0.429992 0.009931 0.057313
0 0.492608 0.479800 0.015819 0.065998
0 0.393499 0.447154 0.013252 0.052619
0 0.587815 0.496280 0.014160 0.066093
0 0.492465 0.449550 0.012393 0.036355
0 0.529437 0.474790 0.018411 0.083270
2 0.508826 0.465492 0.015854 0.067631
0 0.394470 0.459656 0.013812 0.077784
0 0.588072 0.537187 0.009392 0.034061
0 0.531581 0.470371 0.014002 0.073538
0 0.463654 0.468537 0.015622 0.051589
0 0.347653 0.205158 0.004901 0.020815
0 0.461866 0.481643 0.015594 0.076189
0 0.580551 0.478489 0.011132 0.064518
0 0.688628 0.502440 0.017765 0.047580