0 0.764619 0.584151 0.021113 0.111595
0 0.981933 0.512826 0.014384 0.067798
0 0.588471 0.512155 0.015965 0.063702
0 0.422510 0.505171 0.013031 0.069615
0 0.399675 0.633684 0.030597 0.126765
0 0.679023 0.522775 0.021495 0.076047
0 0.967760 0.596124 0.015028 0.070717
0 0.077769 0.535436 0.014412 0.054091
0 0.967610 0.581024 0.015684 0.101137
0 0.797545 0.476159 0.012879 0.060658
0 0.076624 0.571891 0.011738 0.054732
0 0.850097 0.482004 0.014648 0.064048
0 0.967123 0.558099 0.015076 0.055369
0 0.185044 0.500260 0.009733 0.040068