0 0.464085 0.532134 0.016905 0.061932
0 0.184367 0.520462 0.018287 0.089461
0 0.272493 0.515429 0.017461 0.090868
0 0.156903 0.474751 0.012813 0.065508
2 0.137925 0.532534 0.023188 0.098050
0 0.043647 0.613355 0.035620 0.134783
0 0.366337 0.451191 0.013233 0.058581
0 0.602327 0.569561 0.025697 0.086348
0 0.815573 0.542832 0.019279 0.092791
0 0.817913 0.538139 0.013783 0.082221
0 0.818091 0.520178 0.011954 0.045970
0 0.036081 0.587333 0.020487 0.072067
0 0.184959 0.503558 0.017353 0.056447
0 0.580526 0.451472 0.008878 0.041076
0 0.582081 0.473488 0.009774 0.041115
1 0.500400 0.465555 0.012998 0.048618