0 0.313872 0.507516 0.017375 0.071143
0 0.389528 0.533260 0.018967 0.081893
0 0.280981 0.552901 0.022974 0.095732
0 0.983878 0.552814 0.024915 0.091780
0 0.033130 0.497218 0.018692 0.074394
0 0.621978 0.607331 0.021857 0.115670
0 0.457525 0.497076 0.017816 0.056015
0 0.682524 0.518465 0.014484 0.069795
0 0.284442 0.477929 0.016155 0.065167
0 0.936057 0.509596 0.013878 0.046826
0 0.671102 0.508238 0.015918 0.050733
0 0.155107 0.471127 0.012902 0.054514
2 0.597148 0.513682 0.021805 0.066979
0 0.143589 0.471106 0.013170 0.060739
0 0.793969 0.215025 0.008147 0.031305
0 0.596557 0.515675 0.022467 0.065348
0 0.935808 0.516870 0.013387 0.033550