0 0.650015 0.467048 0.019177 0.067248
0 0.361396 0.512862 0.026451 0.072892
0 0.109930 0.529204 0.018408 0.090445
0 0.509986 0.524251 0.018859 0.095635
0 0.448202 0.495231 0.017451 0.075483
0 0.933020 0.511477 0.015092 0.091339
0 0.410304 0.526210 0.022886 0.058479
0 0.900147 0.504260 0.017837 0.083855
0 0.848788 0.528745 0.025136 0.093400
0 0.994802 0.533806 0.010396 0.091682
0 0.815425 0.535456 0.012436 0.051386
0 0.806584 0.488994 0.012719 0.078997
0 0.779892 0.509216 0.015026 0.087551
0 0.743770 0.533255 0.022633 0.094300
0 0.839622 0.489573 0.013679 0.066212
0 0.413722 0.488550 0.011046 0.036526
0 0.813480 0.491603 0.011885 0.075118
0 0.904415 0.471779 0.009417 0.029109
0 0.995604 0.517781 0.008792 0.056695
0 0.814171 0.501181 0.011641 0.048724
0 0.735394 0.566388 0.008744 0.033011