0 0.409977 0.443783 0.015194 0.072237
0 0.486849 0.437216 0.012708 0.059209
0 0.582550 0.394338 0.014491 0.049574
0 0.228654 0.419760 0.012067 0.054343
0 0.749660 0.529177 0.023063 0.091596
0 0.912780 0.474398 0.015812 0.084917
0 0.469942 0.514773 0.022504 0.104218
0 0.153473 0.436982 0.014598 0.063532
0 0.292082 0.585508 0.026949 0.118340
0 0.526425 0.443210 0.013316 0.066115
0 0.180890 0.466270 0.013517 0.077150
2 0.527746 0.361642 0.008016 0.037211
0 0.373357 0.386141 0.012320 0.049555
0 0.030032 0.497654 0.014258 0.063508
0 0.649508 0.631023 0.030304 0.155636
0 0.177158 0.429714 0.016760 0.041894
2 0.539600 0.421384 0.017400 0.064290
0 0.096974 0.392089 0.014663 0.048609
0 0.732375 0.414832 0.012256 0.029079
0 0.029486 0.458937 0.013457 0.042774
0 0.183869 0.910644 0.043443 0.178711
0 0.870615 0.179565 0.006553 0.023947
0 0.029718 0.482605 0.013735 0.092054
0 0.425778 0.378436 0.009224 0.031801
0 0.185216 0.877185 0.051301 0.184024
0 0.727965 0.395743 0.008495 0.027347
0 0.648709 0.653750 0.027180 0.111744