0 0.767145 0.507725 0.018034 0.083688
0 0.284903 0.502621 0.018335 0.091230
0 0.480507 0.513179 0.014485 0.079209
0 0.400656 0.433779 0.018650 0.058002
0 0.164653 0.515086 0.019085 0.091743
0 0.284222 0.710231 0.032698 0.167872
0 0.606406 0.484143 0.010567 0.044101
2 0.197307 0.481443 0.017146 0.104459
0 0.465859 0.500553 0.013903 0.066124
0 0.511539 0.439377 0.013751 0.060911
0 0.163820 0.503334 0.017608 0.068555
0 0.606346 0.453361 0.012295 0.041368
0 0.606288 0.469056 0.013055 0.072850
0 0.195559 0.449903 0.014673 0.039854