0 0.600301 0.461501 0.017731 0.073365
0 0.659740 0.453583 0.014553 0.062224
0 0.516218 0.614473 0.035764 0.131465
0 0.403289 0.541496 0.031752 0.106456
0 0.026199 0.434418 0.028269 0.056975
0 0.236193 0.420133 0.012550 0.058010
0 0.696637 0.425008 0.015653 0.061905
0 0.393771 0.421831 0.009347 0.059013
0 0.250379 0.635297 0.025819 0.135425
0 0.437971 0.514353 0.014953 0.076002
3 0.485405 0.650180 0.008663 0.009344
0 0.080486 0.497844 0.014776 0.074122
2 0.312261 0.527895 0.022958 0.102364
0 0.419166 0.402743 0.011252 0.054337
0 0.440744 0.458184 0.017849 0.068967
0 0.247220 0.624280 0.029050 0.119697
0 0.074504 0.497060 0.021193 0.075972
0 0.439208 0.454469 0.013848 0.058554
0 0.418649 0.410472 0.010943 0.042439
0 0.394451 0.437480 0.007636 0.030090
0 0.444768 0.505111 0.012449 0.066556