0 0.753920 0.477898 0.010635 0.060131
0 0.782291 0.467733 0.012657 0.055652
0 0.803640 0.509072 0.013079 0.069438
0 0.378799 0.514045 0.015308 0.064551
0 0.704663 0.483074 0.018316 0.064456
2 0.538209 0.485182 0.012176 0.067491
0 0.648690 0.485433 0.011711 0.057870
0 0.764221 0.550008 0.017944 0.091566
0 0.955705 0.520720 0.015666 0.069394
0 0.657967 0.525634 0.012971 0.046033
0 0.637939 0.469656 0.012497 0.054405
0 0.264712 0.600417 0.016428 0.066354
0 0.413352 0.496199 0.011975 0.054648
0 0.270245 0.597947 0.020997 0.065331
0 0.896388 0.479013 0.011360 0.060378
0 0.562988 0.476702 0.013661 0.061947
0 0.163331 0.517177 0.019196 0.045770
0 0.502538 0.464637 0.009384 0.053895
0 0.906429 0.477788 0.010831 0.054963
0 0.918127 0.503742 0.015222 0.053325
0 0.660230 0.525153 0.008789 0.046523