0 0.530443 0.450062 0.016361 0.063355
0 0.608880 0.485856 0.020801 0.066829
0 0.258649 0.473427 0.019659 0.077147
2 0.501564 0.487474 0.014631 0.083025
0 0.647882 0.421153 0.013381 0.055541
0 0.315730 0.417477 0.013601 0.055264
0 0.126569 0.617409 0.028428 0.123735
0 0.780939 0.422305 0.011489 0.048865
0 0.556036 0.726142 0.011775 0.076560
0 0.247917 0.443632 0.014641 0.049645
0 0.550893 0.609241 0.031164 0.106883
0 0.116748 0.515100 0.024652 0.085745
0 0.394020 0.396784 0.007913 0.037203
0 0.995263 0.697563 0.009474 0.127075
0 0.990867 0.670879 0.018166 0.082421
0 0.318508 0.561350 0.025433 0.094384
0 0.994758 0.717003 0.010484 0.092258
0 0.331641 0.592205 0.020168 0.038120
0 0.569531 0.219945 0.004903 0.021033
0 0.559440 0.724041 0.018929 0.083257
0 0.315601 0.550155 0.019822 0.072198