0 0.138196 0.500534 0.015252 0.080137
0 0.612221 0.594261 0.024842 0.114488
0 0.810132 0.602324 0.021021 0.127375
0 0.395151 0.465941 0.014445 0.065456
0 0.860471 0.491680 0.014444 0.070128
0 0.922198 0.505136 0.012979 0.055545
0 0.471704 0.464218 0.016222 0.061173
0 0.239876 0.442375 0.009612 0.050494
0 0.487593 0.148356 0.010679 0.056287
0 0.060039 0.488119 0.012017 0.066674
0 0.484025 0.483671 0.013201 0.062828
0 0.919139 0.194842 0.007514 0.030630
0 0.060004 0.499333 0.011653 0.045215
0 0.059202 0.474768 0.011087 0.048830
0 0.617619 0.630749 0.009498 0.042979
0 0.382849 0.438732 0.009901 0.051801
0 0.314195 0.460578 0.012318 0.050701
0 0.524638 0.515407 0.013086 0.061628
0 0.689577 0.493953 0.012812 0.055092