0 0.620432 0.443476 0.019718 0.062223
0 0.844260 0.537510 0.022814 0.102606
0 0.578372 0.422939 0.017494 0.049170
0 0.765291 0.482556 0.017662 0.077573
0 0.855072 0.422335 0.010720 0.050133
0 0.721301 0.425434 0.009952 0.050173
0 0.908170 0.482122 0.018224 0.076921
0 0.673774 0.499430 0.012669 0.054612
0 0.410099 0.578858 0.019924 0.097227
0 0.863308 0.468264 0.013214 0.073579
0 0.920928 0.436434 0.010334 0.057000
0 0.952196 0.504575 0.014000 0.077429
0 0.673793 0.467681 0.014113 0.037294
0 0.947962 0.504447 0.019142 0.078082
0 0.952672 0.444905 0.011214 0.055568
0 0.647523 0.553941 0.017120 0.072456
0 0.581280 0.515267 0.011274 0.036077
0 0.316571 0.222002 0.004744 0.020828
0 0.945455 0.485792 0.015191 0.041208
0 0.652123 0.523276 0.016187 0.043081
0 0.716230 0.415051 0.009924 0.047535
0 0.587045 0.557064 0.013305 0.068134
0 0.960006 0.448394 0.007294 0.042302
0 0.953689 0.438545 0.010352 0.048695
0 0.957473 0.439333 0.010938 0.052530
0 0.862561 0.481655 0.010997 0.049141