0 0.528322 0.582630 0.024586 0.117316
0 0.324009 0.523514 0.015333 0.077707
0 0.867240 0.556297 0.019690 0.098399
0 0.380409 0.496333 0.013735 0.050435
0 0.612775 0.475021 0.014326 0.046602
0 0.147737 0.564053 0.019752 0.053614
0 0.150758 0.592008 0.022601 0.110633
0 0.852889 0.493866 0.012942 0.067367
0 0.150335 0.611671 0.019643 0.070731
0 0.004964 0.933931 0.009928 0.122899
0 0.004175 0.955940 0.008351 0.088119
0 0.851898 0.507670 0.012219 0.045422
0 0.852627 0.485834 0.012512 0.048911
0 0.324198 0.510734 0.014523 0.050786
0 0.370370 0.925731 0.046766 0.148539
0 0.339662 0.488614 0.006814 0.023271
0 0.862885 0.585274 0.012394 0.047152