0 0.387094 0.485826 0.021236 0.088152
0 0.411301 0.440979 0.016850 0.057103
0 0.261473 0.451441 0.015357 0.065589
0 0.276334 0.463756 0.020006 0.065363
0 0.455473 0.485642 0.024687 0.084513
0 0.662220 0.469785 0.014822 0.051559
0 0.109226 0.520694 0.025763 0.096564
0 0.623136 0.638472 0.029006 0.112967
0 0.214589 0.462637 0.015968 0.060147
0 0.737393 0.497450 0.026467 0.089529
2 0.648680 0.497030 0.026543 0.087296
0 0.612048 0.692744 0.012429 0.049323
0 0.469655 0.108473 0.010286 0.055423
0 0.737147 0.510381 0.027350 0.065050
0 0.474546 0.450813 0.013560 0.055006
0 0.884320 0.674183 0.032514 0.138303
0 0.638942 0.703303 0.015921 0.043218
0 0.208904 0.493312 0.028179 0.090246
0 0.464835 0.444770 0.011869 0.051585
0 0.876473 0.466653 0.022693 0.047069
0 0.480863 0.421595 0.009811 0.041768
0 0.660157 0.443940 0.009301 0.032000
0 0.204907 0.491895 0.019928 0.087799
0 0.648571 0.496297 0.025723 0.086844
0 0.228926 0.496730 0.016597 0.030703