0 0.374221 0.438722 0.017703 0.064241
0 0.605971 0.435791 0.012502 0.067404
0 0.261232 0.458320 0.017335 0.068735
0 0.725006 0.627057 0.036652 0.157586
0 0.503311 0.419274 0.012717 0.053341
0 0.109506 0.453279 0.012659 0.052943
0 0.572678 0.468749 0.021172 0.080481
2 0.192541 0.451652 0.022150 0.073337
0 0.445095 0.501430 0.019559 0.085025
0 0.048317 0.448841 0.021825 0.061743
0 0.572716 0.456953 0.020569 0.060969
2 0.829151 0.392044 0.007491 0.045082
0 0.448202 0.483064 0.014388 0.047894
0 0.723456 0.646833 0.036138 0.111703
0 0.081063 0.151702 0.008350 0.029646
0 0.441320 0.541644 0.014246 0.032434