0 0.395889 0.484163 0.019817 0.070909
0 0.236199 0.470811 0.018425 0.066420
0 0.100179 0.493141 0.022114 0.072398
0 0.191833 0.458422 0.023100 0.069011
0 0.413149 0.548123 0.027972 0.090280
0 0.724997 0.474440 0.018505 0.064655
0 0.432032 0.464705 0.018650 0.065065
0 0.523989 0.659077 0.035896 0.153434
2 0.629721 0.507674 0.025788 0.090000
0 0.995060 0.586424 0.009881 0.087133
0 0.756034 0.506885 0.024366 0.084611
0 0.835177 0.712511 0.041370 0.167488
0 0.844006 0.768443 0.010962 0.058592
0 0.989478 0.926795 0.021045 0.146409
0 0.198744 0.409872 0.013180 0.047046
0 0.832904 0.788119 0.010308 0.037913
0 0.522015 0.126789 0.009916 0.056391
0 0.752398 0.503388 0.015890 0.077229
0 0.381306 0.431994 0.013103 0.052162
0 0.988942 0.946411 0.020493 0.107179
0 0.959253 0.172114 0.007620 0.031430
0 0.993519 0.864458 0.012962 0.133735