0 0.883738 0.511982 0.017495 0.070409
0 0.871937 0.608653 0.019448 0.096237
0 0.071362 0.577009 0.019256 0.094297
0 0.677051 0.528459 0.015999 0.073769
0 0.299617 0.552368 0.023302 0.089477
0 0.696116 0.522192 0.018620 0.077370
2 0.355727 0.568211 0.019251 0.094729
0 0.704128 0.689563 0.034411 0.157196
0 0.469877 0.547084 0.015174 0.057656
0 0.979384 0.551378 0.018485 0.088818
3 0.640517 0.775711 0.006785 0.013819
0 0.824769 0.511350 0.016000 0.069631
0 0.794246 0.490696 0.017240 0.053956
0 0.035025 0.958682 0.016143 0.082636
0 0.442346 0.495182 0.016344 0.050071
2 0.356360 0.603734 0.013372 0.039718
0 0.653613 0.839106 0.049743 0.169662
0 0.092237 0.532085 0.017174 0.068321
0 0.973592 0.578769 0.007567 0.033584
0 0.666390 0.793179 0.043228 0.132610
0 0.978651 0.540053 0.017559 0.066171
0 0.034945 0.933759 0.017274 0.132482
0 0.469741 0.515242 0.019848 0.038899
0 0.483030 0.067531 0.006288 0.015525
0 0.662659 0.814623 0.049117 0.182053