0 0.575984 0.528835 0.016705 0.079060
0 0.639148 0.552792 0.019011 0.085800
0 0.657808 0.492112 0.011522 0.055676
0 0.708286 0.500173 0.013724 0.060796
0 0.337000 0.526597 0.023038 0.080020
0 0.928400 0.589721 0.018567 0.110849
0 0.982215 0.489480 0.014631 0.067919
0 0.741538 0.470999 0.010335 0.054719
0 0.029895 0.714760 0.030494 0.151941
2 0.540451 0.500479 0.014765 0.065815
0 0.236142 0.553344 0.015017 0.062795
0 0.929655 0.510093 0.016900 0.064738
0 0.918554 0.495672 0.011552 0.062296
0 0.641517 0.485137 0.013318 0.052827
0 0.688505 0.504315 0.009403 0.052314
0 0.689240 0.480759 0.010138 0.036838
0 0.641921 0.473861 0.011806 0.031544
0 0.236400 0.540347 0.016500 0.082624
0 0.029050 0.642042 0.014009 0.032606