0 0.703085 0.464880 0.021570 0.073802
0 0.332846 0.512859 0.018653 0.090758
0 0.518849 0.483028 0.015748 0.077268
0 0.483115 0.448824 0.016321 0.069306
0 0.166657 0.428892 0.012760 0.059351
0 0.750984 0.471874 0.018161 0.076632
0 0.302342 0.431693 0.014343 0.062899
0 0.348740 0.421129 0.014401 0.059127
2 0.376911 0.491517 0.018699 0.083255
0 0.009795 0.590939 0.019451 0.112041
0 0.043131 0.665107 0.011378 0.042958
0 0.397871 0.456959 0.011921 0.073199
0 0.079155 0.468908 0.017928 0.077293
0 0.051511 0.584509 0.024624 0.077465
0 0.317581 0.486182 0.015314 0.068863
0 0.051837 0.610096 0.025633 0.131787
0 0.058046 0.612701 0.032495 0.139722
0 0.097315 0.440235 0.014849 0.070034
0 0.211764 0.467591 0.015654 0.051640
0 0.210531 0.442003 0.013323 0.039179
0 0.317475 0.474177 0.014491 0.045060
0 0.542736 0.496718 0.013305 0.047796