0 0.391306 0.497982 0.017272 0.078550
0 0.790053 0.550978 0.021809 0.108854
0 0.443352 0.636545 0.027611 0.139686
0 0.611262 0.495409 0.016322 0.066947
0 0.837018 0.502585 0.016878 0.073583
0 0.094130 0.457958 0.012813 0.063821
0 0.478213 0.451525 0.011454 0.060059
0 0.428413 0.501344 0.017603 0.078842
0 0.277034 0.497115 0.021298 0.083894
0 0.119808 0.555335 0.025120 0.111191
0 0.351811 0.454089 0.010232 0.054514
0 0.166496 0.456339 0.012829 0.050848
0 0.681629 0.460993 0.012139 0.059183
0 0.166045 0.518722 0.015732 0.066283
0 0.579603 0.138542 0.010156 0.054836
0 0.380022 0.431129 0.011862 0.047350
0 0.573120 0.450120 0.012416 0.061914
0 0.163954 0.494937 0.015705 0.047037