0 0.535937 0.517933 0.021636 0.068650
0 0.720704 0.541957 0.017309 0.076002
0 0.920105 0.532553 0.016731 0.078801
0 0.615752 0.520908 0.018217 0.069280
0 0.859662 0.514292 0.018736 0.057187
0 0.310881 0.491867 0.017763 0.059723
0 0.492458 0.477682 0.015545 0.048635
0 0.797504 0.784767 0.037322 0.127432
0 0.968994 0.786621 0.045373 0.177520
0 0.327884 0.492744 0.016004 0.057685
0 0.534445 0.468450 0.011032 0.045389
0 0.965109 0.795563 0.033343 0.164977
2 0.675229 0.496431 0.010159 0.061620
0 0.798485 0.727600 0.032507 0.109406
0 0.437967 0.482123 0.023420 0.057704
2 0.675498 0.508133 0.009867 0.040061
0 0.441603 0.481538 0.016848 0.056415
0 0.804381 0.743201 0.025502 0.113364
0 0.624684 0.474723 0.009276 0.041426
0 0.795419 0.744619 0.026620 0.144449
0 0.294596 0.494356 0.011900 0.060085