0 0.562447 0.457250 0.013987 0.074906
0 0.468096 0.461746 0.018367 0.078331
0 0.443826 0.442054 0.014614 0.071878
0 0.254336 0.425582 0.013657 0.064765
0 0.633370 0.457678 0.015447 0.063062
0 0.733856 0.505116 0.021073 0.101890
0 0.327093 0.461617 0.017455 0.081104
0 0.426623 0.444539 0.015637 0.073690
0 0.535604 0.439379 0.013439 0.073279
0 0.657553 0.463217 0.016989 0.075918
0 0.358261 0.477777 0.017232 0.085191
0 0.106874 0.470306 0.013813 0.082106
2 0.680061 0.458581 0.012591 0.080060
0 0.094297 0.423840 0.011462 0.066590
0 0.148378 0.532211 0.022447 0.102588
0 0.192250 0.504154 0.026679 0.092569
2 0.622360 0.401943 0.011830 0.049672
0 0.064010 0.522065 0.018942 0.108663
0 0.242458 0.493681 0.020203 0.056206
0 0.168322 0.499767 0.013043 0.097948
0 0.186467 0.538682 0.009300 0.030305
0 0.718653 0.102700 0.010622 0.058903
0 0.360941 0.455113 0.011482 0.045679