0 0.278817 0.431663 0.021132 0.061778
0 0.963119 0.417959 0.014683 0.062587
0 0.397044 0.472951 0.017932 0.080746
0 0.578769 0.412335 0.011955 0.056569
0 0.255531 0.458866 0.012967 0.078200
0 0.638168 0.460124 0.014357 0.081071
0 0.419643 0.466857 0.015257 0.081849
0 0.467595 0.438741 0.013507 0.052381
0 0.474517 0.401653 0.009953 0.047003
0 0.620822 0.478171 0.014089 0.077206
0 0.607354 0.454232 0.017607 0.057311
0 0.606832 0.465534 0.017603 0.078569
0 0.485249 0.427259 0.012448 0.039530
0 0.691397 0.476013 0.024821 0.092396
0 0.255705 0.473883 0.012628 0.048038
0 0.691662 0.473904 0.016622 0.085928
0 0.620530 0.464923 0.013012 0.055489
0 0.458017 0.484145 0.015544 0.074679
0 0.693254 0.455355 0.011622 0.049064
0 0.456027 0.470386 0.011875 0.047642
0 0.696871 0.480608 0.018963 0.095671