0 0.351340 0.443685 0.015507 0.066858
0 0.048461 0.448220 0.018566 0.078264
0 0.769904 0.474398 0.018176 0.086776
0 0.140051 0.421281 0.012338 0.057773
0 0.735391 0.425406 0.010212 0.060906
0 0.406696 0.422138 0.010654 0.055133
0 0.535170 0.461731 0.016701 0.076406
0 0.932022 0.455037 0.013263 0.076125
0 0.510191 0.469383 0.016563 0.063301
0 0.248718 0.447343 0.011030 0.054468
2 0.255889 0.380364 0.008986 0.044297
0 0.459556 0.710326 0.026525 0.103509
0 0.527078 0.565285 0.023211 0.116428
0 0.947174 0.666857 0.021045 0.088709
0 0.459079 0.729010 0.028577 0.139057
0 0.947821 0.639386 0.021340 0.143030
0 0.509790 0.551389 0.021076 0.111325
0 0.285226 0.493886 0.015725 0.075940
0 0.947907 0.615731 0.021944 0.108524
0 0.459662 0.773132 0.026235 0.140032
0 0.493651 0.866218 0.013392 0.071530
0 0.249592 0.482307 0.009493 0.040683
0 0.494040 0.855180 0.013007 0.052873
0 0.285522 0.481152 0.014544 0.050721