0 0.317920 0.461652 0.016296 0.056679
0 0.647138 0.555717 0.019038 0.115527
0 0.695022 0.440737 0.015086 0.061465
0 0.375067 0.406268 0.020652 0.059028
0 0.890740 0.401182 0.011905 0.049521
0 0.466062 0.484060 0.018582 0.096463
0 0.309128 0.528542 0.029467 0.100157
0 0.087472 0.706803 0.051906 0.147243
0 0.808109 0.506256 0.010767 0.038779
0 0.772388 0.461869 0.025176 0.068069
0 0.332468 0.458654 0.015247 0.073968
0 0.820549 0.546921 0.042412 0.071158
0 0.354300 0.403534 0.013730 0.047471
0 0.332401 0.446924 0.014293 0.049922
0 0.068970 0.358295 0.010948 0.035051
0 0.352019 0.418884 0.013138 0.028496
2 0.908679 0.495127 0.020372 0.086325
0 0.342848 0.473748 0.011160 0.047343
0 0.353302 0.411950 0.015354 0.041628
0 0.767619 0.474674 0.015873 0.038465
0 0.467585 0.448981 0.012542 0.032266
0 0.852384 0.483397 0.015309 0.050790
0 0.849542 0.462539 0.012866 0.036166