0 0.696349 0.528717 0.020193 0.101672
0 0.223207 0.439857 0.013852 0.065300
0 0.061025 0.449692 0.011876 0.057466
0 0.381438 0.502596 0.018448 0.076114
0 0.522497 0.473882 0.013394 0.073829
2 0.273130 0.492675 0.014602 0.073458
0 0.064845 0.499523 0.015843 0.054510
0 0.138693 0.489086 0.017231 0.089419
0 0.062727 0.520672 0.021215 0.092682
0 0.553295 0.555076 0.022047 0.117358
0 0.543015 0.450982 0.020126 0.071553
0 0.138566 0.506826 0.017127 0.054362
0 0.138615 0.468969 0.009520 0.048010
0 0.378737 0.502050 0.013951 0.072602
2 0.272743 0.531507 0.011934 0.042061
0 0.062008 0.533663 0.020887 0.065201