0 0.932708 0.490857 0.025650 0.090474
0 0.778993 0.540125 0.020569 0.102908
0 0.446246 0.485029 0.019216 0.092748
0 0.686407 0.477365 0.020029 0.094459
0 0.663016 0.459443 0.015803 0.080113
0 0.379930 0.487970 0.013815 0.072427
0 0.432629 0.552929 0.033247 0.092855
0 0.818188 0.452384 0.018636 0.078497
0 0.537185 0.487404 0.016380 0.072598
0 0.375909 0.535468 0.004765 0.025518
2 0.737120 0.590710 0.028760 0.145093
0 0.385632 0.527985 0.005006 0.034907
0 0.785707 0.430169 0.015311 0.026907
0 0.538077 0.477272 0.016079 0.075062