0 0.932495 0.542394 0.020967 0.091100
0 0.497543 0.466881 0.018258 0.074967
0 0.427483 0.467216 0.014619 0.071958
0 0.459470 0.471486 0.015400 0.069884
0 0.629733 0.469666 0.015491 0.067280
0 0.815192 0.455570 0.018830 0.067063
0 0.593792 0.427811 0.011546 0.056873
0 0.781915 0.418241 0.012947 0.054901
0 0.979458 0.435660 0.017015 0.057556
0 0.675614 0.458343 0.019206 0.068925
0 0.390511 0.602033 0.022277 0.104555
0 0.457339 0.565105 0.025528 0.111252
0 0.581174 0.388907 0.010030 0.042219
0 0.757173 0.573558 0.018620 0.081607
2 0.591340 0.518049 0.021514 0.079121
0 0.757822 0.593801 0.019536 0.120543
0 0.591718 0.516315 0.020712 0.075022
0 0.759143 0.637941 0.013072 0.039463