0 0.773164 0.523628 0.019898 0.100065
0 0.254940 0.597235 0.024306 0.107952
0 0.231378 0.501394 0.022886 0.087601
0 0.732504 0.399048 0.010356 0.054316
0 0.496004 0.510459 0.029189 0.090676
0 0.322130 0.484442 0.026442 0.077921
0 0.318222 0.428346 0.018716 0.050773
0 0.417592 0.409585 0.013529 0.052781
0 0.654849 0.529770 0.024701 0.096141
0 0.422331 0.457538 0.015985 0.045283
0 0.051051 0.807344 0.048555 0.193192
0 0.608992 0.421670 0.011393 0.046116
0 0.490215 0.510070 0.017420 0.089156
0 0.666632 0.443246 0.021258 0.067498
2 0.422273 0.509794 0.020009 0.088318
0 0.520789 0.430561 0.010830 0.048565
0 0.041222 0.754505 0.051474 0.106731
0 0.514220 0.426347 0.014235 0.039996
0 0.422629 0.466039 0.017068 0.064353
0 0.042003 0.774097 0.054967 0.136349
0 0.614221 0.461640 0.022670 0.070322
0 0.608061 0.428037 0.013979 0.059443
0 0.614688 0.443718 0.014635 0.041727
0 0.517888 0.432193 0.012707 0.051485