0 0.603647 0.464672 0.016412 0.053841
0 0.582427 0.470550 0.012878 0.058139
0 0.732669 0.467177 0.014738 0.059163
0 0.282942 0.503286 0.022399 0.061036
0 0.776792 0.479933 0.012635 0.062270
0 0.130701 0.546290 0.017422 0.095658
2 0.421421 0.476817 0.014919 0.065057
0 0.463477 0.601869 0.023403 0.113915
0 0.513363 0.511495 0.021742 0.083344
0 0.704678 0.480299 0.012903 0.063148
0 0.721966 0.459909 0.010502 0.041243
0 0.691919 0.472862 0.014713 0.061309
0 0.833857 0.478784 0.016413 0.062067
0 0.892943 0.512026 0.013713 0.069763
0 0.513122 0.526667 0.021451 0.055231
0 0.797739 0.472658 0.013279 0.064175
0 0.066936 0.514624 0.012099 0.041267
0 0.474286 0.577459 0.015035 0.085424
0 0.921780 0.476292 0.014859 0.059960
0 0.130617 0.528631 0.017393 0.059127
0 0.891405 0.520469 0.014219 0.053858
0 0.474088 0.556420 0.014833 0.043279
0 0.924725 0.511436 0.014828 0.053203
0 0.871076 0.483509 0.010414 0.072494
0 0.130859 0.566079 0.014706 0.059369
0 0.890176 0.524520 0.011637 0.046444