0 0.941137 0.513178 0.018827 0.095341
0 0.420526 0.528982 0.019611 0.089133
0 0.445295 0.483509 0.016943 0.086327
0 0.750737 0.464253 0.012286 0.079024
0 0.676296 0.454024 0.014247 0.076142
0 0.625648 0.440831 0.011928 0.077181
0 0.784297 0.475123 0.018638 0.082230
0 0.378905 0.530992 0.018577 0.067772
0 0.374840 0.555766 0.016156 0.116416
0 0.728437 0.461475 0.012319 0.079404
0 0.373706 0.575822 0.015839 0.076435
0 0.141435 0.484414 0.018084 0.085712
0 0.811355 0.480252 0.022479 0.083717
0 0.805112 0.484120 0.016053 0.079421
0 0.518231 0.465630 0.015366 0.080721
2 0.517809 0.465927 0.016001 0.083007
0 0.400651 0.415642 0.009845 0.056768
0 0.890203 0.425484 0.013670 0.062692
0 0.713760 0.460955 0.019258 0.078432
0 0.140883 0.469708 0.016803 0.056689
0 0.691835 0.452612 0.012308 0.077612
0 0.623491 0.403562 0.007119 0.026912
0 0.804391 0.494701 0.014792 0.058115