0 0.348553 0.566387 0.025381 0.107571
0 0.146988 0.548786 0.022251 0.083668
2 0.412244 0.475111 0.016116 0.067872
0 0.494596 0.473137 0.012953 0.064528
0 0.525685 0.500238 0.014981 0.078860
0 0.793620 0.485884 0.011843 0.068791
0 0.817733 0.501459 0.012603 0.066314
0 0.669785 0.522417 0.013402 0.082085
0 0.681237 0.468838 0.014118 0.060257
0 0.620480 0.460573 0.017408 0.056152
0 0.300361 0.482717 0.014012 0.070341
0 0.650965 0.493606 0.015326 0.068935
0 0.701845 0.467378 0.013776 0.061531
0 0.014273 0.540698 0.023912 0.093696
3 0.978905 0.913977 0.013725 0.013755
0 0.745225 0.474735 0.016113 0.080344
0 0.300375 0.494201 0.013741 0.047534
0 0.650744 0.476620 0.014827 0.036543
0 0.017184 0.518821 0.012433 0.049809