0 0.831572 0.471557 0.020494 0.084381
0 0.675592 0.411551 0.014342 0.062422
0 0.401505 0.440555 0.020014 0.067091
0 0.541005 0.463627 0.014740 0.076796
0 0.645896 0.400532 0.015290 0.055766
0 0.504314 0.415401 0.016654 0.060166
0 0.373852 0.475672 0.013167 0.083155
0 0.544521 0.406315 0.013466 0.053729
0 0.401784 0.388228 0.010795 0.053879
0 0.465661 0.566418 0.025616 0.113074
0 0.147101 0.497253 0.017368 0.090703
0 0.790431 0.566208 0.027424 0.127109
0 0.529921 0.529885 0.010189 0.040138
2 0.841747 0.376320 0.009601 0.039149
0 0.590182 0.432420 0.017264 0.075066
0 0.603883 0.404662 0.012532 0.053002
0 0.537065 0.557117 0.018593 0.074421
0 0.530068 0.537548 0.010176 0.056401
0 0.927084 0.122635 0.009769 0.048722
0 0.623238 0.405459 0.010326 0.055694