0 0.257529 0.404897 0.014387 0.057645
0 0.318986 0.435569 0.014056 0.067276
0 0.635915 0.473753 0.015655 0.085557
0 0.236132 0.453977 0.015896 0.083095
0 0.838155 0.496855 0.015648 0.094776
0 0.013822 0.489650 0.017869 0.092272
0 0.142290 0.436522 0.014319 0.075090
0 0.583533 0.413225 0.009659 0.053849
0 0.575618 0.422320 0.010113 0.049891
0 0.927800 0.547403 0.029070 0.118488
0 0.414691 0.517940 0.022166 0.098530
0 0.916550 0.456678 0.015576 0.076220
0 0.787589 0.463647 0.019294 0.054813
0 0.509345 0.777912 0.042559 0.170180
0 0.508420 0.758026 0.039175 0.125914
0 0.533361 0.186767 0.005930 0.023929
0 0.166359 0.616670 0.017786 0.104547
0 0.509745 0.392809 0.011267 0.047492
2 0.797317 0.549881 0.027811 0.091065
0 0.561064 0.395568 0.008262 0.029308
0 0.562346 0.398440 0.009750 0.036446
0 0.506661 0.822249 0.035675 0.147381
0 0.224937 0.139988 0.009851 0.042014
0 0.917187 0.439756 0.014291 0.043631