0 0.430071 0.439727 0.014017 0.066591
0 0.688042 0.459013 0.018967 0.077645
0 0.106196 0.473581 0.018921 0.080557
0 0.499102 0.422454 0.013649 0.063746
0 0.364541 0.576466 0.039525 0.109342
0 0.142371 0.430115 0.014081 0.062567
0 0.518940 0.418150 0.014690 0.057721
0 0.782427 0.517565 0.022940 0.081602
0 0.009098 0.500890 0.018196 0.084699
0 0.846286 0.713045 0.041249 0.164525
0 0.380036 0.388592 0.014400 0.053347
0 0.285097 0.396945 0.014760 0.056979
0 0.785687 0.559623 0.008941 0.036356
0 0.368856 0.524924 0.011408 0.026382
0 0.981030 0.817235 0.012246 0.068279
2 0.301674 0.476264 0.017238 0.073635
0 0.282664 0.373074 0.010215 0.042690
0 0.353865 0.402413 0.009757 0.027842
0 0.975454 0.758450 0.043270 0.172252
2 0.619215 0.352581 0.006653 0.031578
0 0.356217 0.382486 0.009682 0.024428
0 0.351773 0.402743 0.012367 0.027938
0 0.303441 0.447941 0.009513 0.030419