0 0.619658 0.487739 0.014581 0.061953
0 0.444568 0.484911 0.021050 0.079594
0 0.173229 0.492778 0.023926 0.085340
0 0.009909 0.484327 0.019762 0.076704
0 0.300539 0.429538 0.015514 0.056426
0 0.514370 0.552514 0.018934 0.075907
0 0.477685 0.545719 0.023863 0.098393
0 0.221811 0.415422 0.016295 0.045649
0 0.591539 0.558670 0.022389 0.097782
2 0.251700 0.521246 0.025607 0.090696
0 0.452993 0.437915 0.012400 0.054482
0 0.553166 0.520164 0.014467 0.080682
0 0.632748 0.403795 0.008826 0.046297
0 0.564959 0.616741 0.031682 0.109765
0 0.082564 0.848135 0.049162 0.176468
0 0.082905 0.824243 0.045496 0.133071
0 0.320940 0.555680 0.021356 0.101377
0 0.591314 0.548191 0.019450 0.075928
0 0.318961 0.546315 0.018971 0.077622
0 0.325437 0.556298 0.027846 0.100538