0 0.772085 0.465348 0.020040 0.075681
0 0.788061 0.557602 0.030783 0.115984
0 0.540733 0.485188 0.018878 0.088021
0 0.270556 0.489554 0.022178 0.094906
0 0.367856 0.438430 0.015438 0.071976
0 0.466655 0.485075 0.018056 0.073164
0 0.078038 0.428130 0.013976 0.069028
0 0.501979 0.421227 0.016947 0.060244
0 0.259843 0.621550 0.031112 0.146613
0 0.208532 0.508890 0.018894 0.098501
0 0.955804 0.529795 0.024882 0.094401
0 0.618165 0.697333 0.038185 0.168048
0 0.906910 0.960060 0.018341 0.079879
0 0.601577 0.454345 0.015679 0.072657
2 0.874403 0.562090 0.024124 0.120362
0 0.611922 0.449438 0.016244 0.063222
0 0.902766 0.168054 0.006899 0.026511
0 0.208457 0.493809 0.019351 0.068715
2 0.654091 0.395147 0.007874 0.042245