0 0.598573 0.514945 0.014775 0.080028
0 0.275953 0.551267 0.023824 0.083509
0 0.336939 0.530551 0.016475 0.054618
0 0.522197 0.478555 0.011927 0.062086
0 0.454101 0.479785 0.012185 0.063324
0 0.648744 0.528839 0.016006 0.073283
0 0.480964 0.472552 0.011905 0.055868
0 0.497037 0.490818 0.018459 0.064303
0 0.682500 0.473314 0.011191 0.062254
0 0.667269 0.487386 0.011896 0.068572
0 0.202842 0.536807 0.011384 0.054064
0 0.708606 0.507014 0.013546 0.073409
0 0.514567 0.463722 0.010997 0.053487
0 0.563368 0.466257 0.017139 0.058879
0 0.497065 0.502590 0.018066 0.041816
0 0.188412 0.519941 0.018519 0.077127
0 0.201922 0.508535 0.013283 0.046924
0 0.644652 0.552130 0.008245 0.033516
0 0.496338 0.480694 0.016157 0.044550
0 0.591202 0.495775 0.009277 0.044814
0 0.336226 0.498583 0.013859 0.037548