0 0.526853 0.595651 0.021570 0.116744
0 0.607977 0.483901 0.012608 0.063000
0 0.496660 0.492122 0.016579 0.059745
0 0.942898 0.492523 0.013281 0.069431
0 0.688592 0.543305 0.018921 0.094897
0 0.717978 0.510759 0.014167 0.074767
0 0.788923 0.478362 0.010584 0.044836
0 0.635543 0.482306 0.009885 0.048881
0 0.050868 0.563448 0.015314 0.054376
0 0.537040 0.488257 0.015477 0.048899
2 0.555285 0.495373 0.011364 0.057531
0 0.050188 0.527520 0.014945 0.052269
0 0.378387 0.491478 0.015696 0.041551
0 0.404976 0.492842 0.008034 0.025971
0 0.050458 0.543505 0.015872 0.084855
0 0.731256 0.464079 0.016115 0.052297
0 0.688233 0.556344 0.020709 0.070536
0 0.687635 0.525980 0.015476 0.054178