0 0.420425 0.461416 0.017281 0.074042
0 0.338474 0.454452 0.015659 0.074169
0 0.534625 0.446938 0.015014 0.069087
2 0.244860 0.468491 0.019431 0.082789
0 0.119289 0.575866 0.026362 0.121347
0 0.507674 0.455701 0.013755 0.073332
0 0.634981 0.503608 0.015363 0.081016
0 0.301945 0.483549 0.013791 0.048047
0 0.582032 0.489533 0.018951 0.082964
0 0.634579 0.415651 0.013941 0.060077
0 0.566238 0.456068 0.013422 0.071297
0 0.308396 0.644108 0.032598 0.134819
0 0.005134 0.508076 0.010269 0.071831
0 0.301941 0.448090 0.011376 0.039654
0 0.615026 0.433191 0.014346 0.065223
0 0.662431 0.424545 0.008909 0.043951
0 0.005513 0.500322 0.010523 0.053337
0 0.308963 0.629957 0.025265 0.104932