0 0.307306 0.445322 0.014891 0.067239
0 0.221086 0.523568 0.022917 0.090995
0 0.503631 0.762216 0.012302 0.053895
0 0.350921 0.442145 0.014784 0.050645
0 0.846536 0.459363 0.023442 0.064010
0 0.150148 0.619717 0.042350 0.134272
0 0.285085 0.627708 0.040897 0.084082
0 0.628409 0.535112 0.023927 0.086235
0 0.393283 0.783480 0.012421 0.063262
0 0.479966 0.843226 0.023035 0.090638
0 0.822728 0.634931 0.027585 0.130037
0 0.891510 0.638522 0.019384 0.123352
0 0.472963 0.747577 0.019094 0.065412
2 0.875481 0.382458 0.007310 0.035844
0 0.968890 0.522591 0.023217 0.068747
0 0.154261 0.629194 0.033198 0.114180
0 0.933198 0.538403 0.017008 0.045303
0 0.935250 0.571830 0.026059 0.093723
0 0.293567 0.672109 0.008404 0.026602
0 0.628457 0.525214 0.019205 0.068504
0 0.847193 0.472796 0.022592 0.038125
0 0.892712 0.681743 0.015775 0.049795
0 0.272198 0.618449 0.023843 0.057476
0 0.963353 0.526939 0.014877 0.058427
0 0.887821 0.635113 0.024490 0.118052
0 0.462507 0.793057 0.010053 0.041676
0 0.505975 0.594370 0.029324 0.083248