0 0.584400 0.483389 0.016720 0.057868
0 0.404209 0.470905 0.014444 0.064753
0 0.598156 0.574927 0.028857 0.115546
0 0.316831 0.486447 0.014697 0.071343
0 0.985261 0.528401 0.020984 0.082219
0 0.011261 0.509472 0.021335 0.082548
0 0.263733 0.458317 0.010979 0.060122
0 0.240652 0.467603 0.014392 0.060275
0 0.037964 0.528431 0.015783 0.089730
0 0.304239 0.520270 0.014680 0.070272
0 0.130535 0.481919 0.012405 0.074150
0 0.215879 0.467354 0.011761 0.061418
0 0.685523 0.506607 0.011581 0.050612
0 0.298332 0.468039 0.008259 0.031719
2 0.530822 0.481842 0.014110 0.060088
0 0.038129 0.515443 0.015209 0.064914
0 0.381220 0.476765 0.008664 0.044524
0 0.510018 0.148173 0.010235 0.057158
0 0.298761 0.442900 0.007928 0.032575