0 0.322132 0.584442 0.026506 0.115027
0 0.033611 0.591364 0.032190 0.125925
0 0.593577 0.494040 0.015488 0.063871
0 0.639856 0.457313 0.015571 0.054362
0 0.550592 0.459808 0.021708 0.049543
0 0.302119 0.474768 0.019145 0.071474
0 0.045967 0.486166 0.021773 0.063805
0 0.903787 0.527851 0.023849 0.100857
0 0.319122 0.458884 0.014768 0.058330
0 0.711518 0.471973 0.015417 0.057249
0 0.941517 0.479066 0.022363 0.071700
0 0.583263 0.497401 0.011568 0.033533
0 0.938938 0.478556 0.016213 0.069141
2 0.748298 0.428646 0.009784 0.051608
0 0.009137 0.948808 0.017661 0.102385