0 0.580943 0.551065 0.023468 0.109119
0 0.620610 0.443495 0.021320 0.054445
0 0.774952 0.482889 0.012280 0.068575
0 0.689502 0.449763 0.014486 0.061961
0 0.604677 0.456028 0.017833 0.059202
0 0.742921 0.521742 0.022653 0.091689
0 0.891248 0.493827 0.019270 0.084480
0 0.398601 0.479803 0.015603 0.065899
0 0.474390 0.478169 0.013962 0.063919
0 0.846932 0.449018 0.013485 0.067887
0 0.437674 0.476489 0.019103 0.056002
0 0.910117 0.475401 0.018473 0.076659
2 0.859326 0.546191 0.025745 0.104170
0 0.706927 0.447931 0.013563 0.062327
0 0.460914 0.489361 0.015622 0.062863
0 0.728757 0.493737 0.011812 0.044800
0 0.453715 0.513958 0.005052 0.021911
0 0.457303 0.492775 0.011126 0.060459