0 0.572235 0.526298 0.021871 0.089648
0 0.286063 0.497892 0.017455 0.088685
2 0.241523 0.501508 0.020075 0.088902
0 0.384575 0.565060 0.026815 0.110392
0 0.763689 0.533749 0.022564 0.095964
0 0.599418 0.434097 0.012647 0.059846
0 0.049856 0.554064 0.017621 0.099906
0 0.306928 0.465223 0.014369 0.063415
0 0.044986 0.488166 0.018031 0.064304
0 0.261311 0.456844 0.015360 0.049475
0 0.523001 0.493488 0.014430 0.061577
1 0.496738 0.435276 0.017266 0.062320
0 0.665192 0.468920 0.017031 0.071275
3 0.778379 0.861685 0.012177 0.013043
0 0.496542 0.435576 0.016985 0.061515
1 0.665084 0.469123 0.017643 0.071081
0 0.522813 0.468224 0.014983 0.038225
0 0.301946 0.443826 0.008867 0.040253
0 0.522892 0.477770 0.014933 0.058008