0 0.610319 0.519411 0.017324 0.084329
0 0.572571 0.600502 0.021258 0.119949
0 0.270786 0.626310 0.026111 0.127977
0 0.987117 0.507895 0.016711 0.074341
0 0.674469 0.493581 0.012015 0.053869
0 0.021033 0.538388 0.018019 0.066471
0 0.514660 0.508378 0.011859 0.051980
0 0.788118 0.471514 0.010826 0.063268
0 0.021587 0.522576 0.019034 0.062976
0 0.228622 0.649753 0.011203 0.042647
0 0.321099 0.512245 0.011013 0.042333
0 0.327904 0.505669 0.010427 0.043584
0 0.209738 0.920421 0.020830 0.159158
0 0.268582 0.601702 0.020043 0.072689
0 0.110679 0.496652 0.012565 0.040972
0 0.276345 0.506051 0.009970 0.037819
0 0.017792 0.513360 0.016482 0.042718
0 0.020496 0.515034 0.021017 0.048050
2 0.553499 0.514486 0.008557 0.029545