0 0.565006 0.592563 0.031735 0.131281
0 0.012499 0.433296 0.023212 0.066446
0 0.297345 0.534422 0.026268 0.104368
0 0.769354 0.445507 0.013385 0.039456
0 0.310167 0.460957 0.016897 0.073150
0 0.305722 0.461075 0.026335 0.075307
2 0.463781 0.476367 0.021906 0.083630
0 0.793760 0.456776 0.024855 0.036688
0 0.751604 0.550688 0.031807 0.106772
0 0.450835 0.428023 0.017456 0.035595
0 0.791880 0.478876 0.023605 0.058160
0 0.496021 0.478666 0.017326 0.066961
0 0.302060 0.513106 0.014618 0.055819
0 0.226738 0.517513 0.017860 0.049998
0 0.687513 0.429976 0.008156 0.022947
0 0.987208 0.720826 0.025585 0.152664
0 0.573146 0.575761 0.021993 0.096897
0 0.746593 0.560266 0.029861 0.098427