0 0.381402 0.507148 0.019832 0.080383
0 0.566401 0.501630 0.016013 0.078178
0 0.084004 0.516665 0.016173 0.078634
0 0.807789 0.467488 0.013914 0.066517
0 0.833829 0.525965 0.015739 0.085186
0 0.164800 0.691840 0.028647 0.139881
0 0.104757 0.749507 0.032731 0.153190
0 0.157739 0.593993 0.022206 0.109116
0 0.288570 0.496952 0.015565 0.050721
2 0.168843 0.549481 0.023448 0.100653
0 0.221847 0.477019 0.010475 0.053268
0 0.833876 0.511188 0.011518 0.053069
0 0.488515 0.458698 0.011274 0.051620
0 0.156756 0.578106 0.019357 0.073837