0 0.328893 0.484900 0.021012 0.073933
0 0.127503 0.488438 0.025860 0.081755
0 0.547789 0.508547 0.024309 0.074113
0 0.198390 0.548218 0.026602 0.104821
0 0.444373 0.510929 0.018432 0.058170
0 0.156487 0.568318 0.023729 0.115429
0 0.574690 0.576112 0.018486 0.113220
0 0.839436 0.497325 0.014846 0.080817
0 0.090573 0.473143 0.018979 0.063087
0 0.551301 0.462365 0.015016 0.059654
0 0.430324 0.471407 0.012600 0.069455
0 0.430289 0.487610 0.012270 0.037190
0 0.549904 0.470191 0.019923 0.076730
0 0.398990 0.183452 0.007278 0.032282
0 0.495452 0.481200 0.008041 0.025345