0 0.115919 0.444759 0.017493 0.068120
2 0.079344 0.454344 0.020050 0.076371
0 0.011304 0.468606 0.022608 0.084575
0 0.169755 0.416923 0.018668 0.062194
0 0.377867 0.423024 0.016479 0.061241
0 0.352397 0.430201 0.018351 0.064036
0 0.203100 0.460226 0.019954 0.072106
0 0.297896 0.431230 0.011131 0.048990
0 0.449217 0.417919 0.010740 0.060784
3 0.486289 0.686255 0.008928 0.009631
0 0.414508 0.410042 0.013053 0.035951
0 0.414476 0.419129 0.013309 0.054321
0 0.531372 0.454774 0.024678 0.070870
0 0.414052 0.427990 0.011225 0.043195