0 0.667774 0.461864 0.019065 0.077968
0 0.840432 0.479723 0.021901 0.084814
0 0.085049 0.580967 0.028685 0.113843
0 0.706527 0.514531 0.024237 0.106910
0 0.450509 0.470987 0.025254 0.080640
0 0.797316 0.466672 0.017877 0.084217
2 0.568101 0.500428 0.023179 0.100121
0 0.545301 0.411730 0.020610 0.052381
0 0.733693 0.469743 0.024258 0.079794
0 0.038161 0.464296 0.019945 0.073702
0 0.009333 0.496217 0.018563 0.046216
0 0.762084 0.435154 0.016915 0.051637
0 0.017487 0.771077 0.034973 0.105111
0 0.275452 0.505012 0.021527 0.097167
0 0.333137 0.550241 0.029749 0.113863
0 0.037986 0.475839 0.020795 0.051805
0 0.021161 0.710019 0.035540 0.127391
0 0.332097 0.579726 0.032438 0.058947
0 0.326465 0.729307 0.042296 0.175818
0 0.279183 0.532460 0.017109 0.047458
0 0.737780 0.480188 0.017257 0.058951
0 0.773766 0.453808 0.013321 0.075515
0 0.274052 0.493982 0.019574 0.075104
0 0.737843 0.494020 0.016953 0.030953
0 0.014109 0.763335 0.027546 0.091859
0 0.278375 0.509972 0.019193 0.093849