0 0.648297 0.507185 0.017217 0.070509
0 0.911593 0.513627 0.018085 0.078367
0 0.358177 0.554301 0.019193 0.095494
0 0.482290 0.513483 0.019390 0.071347
0 0.279208 0.512698 0.015169 0.061853
0 0.202103 0.601706 0.031613 0.113099
0 0.056017 0.547699 0.018315 0.085521
0 0.315661 0.510361 0.014454 0.051156
0 0.434864 0.495923 0.019134 0.061970
0 0.136560 0.941481 0.015144 0.117038
0 0.076872 0.208773 0.007447 0.032321
0 0.545980 0.498848 0.010643 0.052790
0 0.136754 0.958325 0.015812 0.083350
0 0.613769 0.496837 0.012083 0.047598
0 0.115370 0.508711 0.011518 0.027726