0 0.673747 0.502656 0.021034 0.075192
0 0.543441 0.564157 0.022323 0.108417
0 0.699089 0.471953 0.014934 0.062811
0 0.119068 0.504816 0.014915 0.072035
0 0.743131 0.498566 0.014531 0.075113
0 0.966485 0.512021 0.014852 0.079150
0 0.170666 0.581915 0.023398 0.109820
0 0.330134 0.509919 0.025693 0.077519
0 0.269430 0.520073 0.016212 0.066719
0 0.926395 0.490623 0.016517 0.061779
0 0.944812 0.521906 0.013640 0.070027
0 0.711964 0.457420 0.010828 0.057940
2 0.512249 0.477732 0.014351 0.064967
0 0.780141 0.463708 0.013364 0.060580
0 0.755406 0.470796 0.012020 0.031242
0 0.206889 0.523564 0.014425 0.046737
0 0.595245 0.460039 0.010726 0.053665
0 0.207470 0.502646 0.016066 0.034752
0 0.755302 0.458967 0.012416 0.054344
0 0.565713 0.453954 0.009003 0.050651
0 0.170507 0.608908 0.024827 0.058582
0 0.268764 0.505676 0.015445 0.038454
0 0.209830 0.540950 0.009038 0.039040