0 0.899775 0.576076 0.023607 0.109891
0 0.844259 0.520347 0.012420 0.078207
0 0.288088 0.535303 0.015593 0.059276
0 0.047144 0.520451 0.020784 0.081110
0 0.424799 0.560424 0.016131 0.100904
0 0.423904 0.547262 0.014262 0.073447
0 0.393098 0.516665 0.017909 0.074650
0 0.337091 0.490694 0.019569 0.072304
0 0.476248 0.487701 0.014506 0.063424
0 0.074592 0.499450 0.014421 0.047845
0 0.660267 0.501684 0.011260 0.061862
0 0.503354 0.494301 0.012994 0.061603
0 0.426522 0.560891 0.022636 0.105117
0 0.109930 0.502519 0.009815 0.033583
0 0.284637 0.510055 0.013925 0.041348
0 0.110189 0.492321 0.009201 0.051977
0 0.422372 0.210875 0.006975 0.030027