0 0.545471 0.433015 0.013652 0.058899
0 0.324277 0.515497 0.021312 0.084302
0 0.042150 0.426903 0.016693 0.058362
0 0.437900 0.431441 0.013321 0.059780
0 0.736555 0.474717 0.015302 0.073497
0 0.341577 0.468161 0.018858 0.076548
0 0.376812 0.508064 0.021278 0.091685
0 0.462426 0.466479 0.019417 0.073955
0 0.572593 0.428248 0.012679 0.051978
0 0.163896 0.570116 0.033189 0.106690
0 0.534667 0.582926 0.022167 0.104832
0 0.574512 0.608307 0.026191 0.084970
0 0.559896 0.542924 0.019740 0.087857
0 0.598490 0.547846 0.026137 0.103414
0 0.224641 0.545881 0.017375 0.083594
0 0.805057 0.502767 0.021871 0.060331
0 0.805163 0.516831 0.021885 0.088302
0 0.897108 0.455222 0.015355 0.065227
0 0.806034 0.538935 0.013693 0.055826
2 0.675173 0.501069 0.022399 0.085460
0 0.803157 0.498847 0.018182 0.050987
2 0.518506 0.383213 0.008478 0.032965
0 0.682614 0.629210 0.011989 0.054618
0 0.223022 0.539428 0.014712 0.071794