0 0.229917 0.477823 0.018305 0.062283
0 0.129384 0.457582 0.019428 0.063299
0 0.730541 0.425021 0.014614 0.051947
0 0.906773 0.485931 0.029929 0.070861
0 0.011326 0.570236 0.022652 0.108455
0 0.308002 0.417095 0.017532 0.041001
0 0.514256 0.514402 0.028557 0.088552
0 0.806920 0.508382 0.029634 0.080132
0 0.494781 0.500506 0.021886 0.071124
0 0.719056 0.631653 0.030641 0.118605
0 0.528052 0.425639 0.019855 0.049487
2 0.458856 0.497064 0.015812 0.066694
0 0.277411 0.470547 0.017642 0.069698
0 0.002399 0.607603 0.004797 0.032820
0 0.016494 0.607606 0.010817 0.036983
0 0.510392 0.497132 0.018405 0.053738
0 0.719607 0.648992 0.029355 0.084880
0 0.125224 0.175814 0.010026 0.041436
0 0.483029 0.804905 0.034499 0.087983
0 0.276642 0.458134 0.016099 0.045130
0 0.481892 0.753290 0.031542 0.097416
0 0.710997 0.604016 0.017883 0.060564