0 0.572423 0.445710 0.020991 0.078245
0 0.434170 0.416996 0.017451 0.057541
0 0.229494 0.487052 0.020522 0.087420
0 0.625545 0.576376 0.026075 0.121519
0 0.537388 0.418833 0.015997 0.058808
0 0.273856 0.457598 0.015132 0.074482
0 0.213791 0.431316 0.012917 0.064143
0 0.117617 0.404467 0.012565 0.053675
3 0.839213 0.668895 0.008983 0.009224
0 0.424340 0.587668 0.032985 0.073963
0 0.424323 0.603146 0.035579 0.109359
0 0.310140 0.526086 0.027509 0.082673
0 0.539065 0.413144 0.013508 0.049997
0 0.213623 0.419878 0.012347 0.039688
0 0.420950 0.637992 0.029741 0.099425