0 0.267411 0.537261 0.024711 0.090604
0 0.991131 0.486714 0.013816 0.068941
0 0.375420 0.464976 0.013700 0.060431
0 0.839129 0.620522 0.031828 0.122329
0 0.582457 0.451785 0.013484 0.059353
0 0.754843 0.473580 0.012136 0.050672
0 0.704721 0.529463 0.015571 0.073122
2 0.765340 0.438850 0.011017 0.046376
0 0.880818 0.537597 0.018897 0.073173
0 0.881871 0.549636 0.021192 0.099879
0 0.182966 0.500591 0.012888 0.073847
0 0.699743 0.493516 0.016578 0.039359
0 0.880164 0.527932 0.016912 0.054662
2 0.833030 0.547706 0.022316 0.097879