0 0.758756 0.492475 0.022424 0.079907
0 0.225098 0.507709 0.018963 0.085566
0 0.633772 0.459772 0.019357 0.062077
0 0.422205 0.432480 0.011889 0.059356
0 0.338213 0.466767 0.018388 0.069355
0 0.192795 0.406879 0.011536 0.048703
0 0.240394 0.545515 0.020576 0.085509
0 0.575086 0.418200 0.011154 0.049138
0 0.418598 0.595145 0.021492 0.065711
0 0.351586 0.500507 0.017617 0.083795
0 0.486672 0.642082 0.022103 0.073015
2 0.530426 0.545938 0.022002 0.104527
0 0.169767 0.652945 0.021151 0.120614
0 0.353235 0.480490 0.014534 0.044662
0 0.497867 0.607340 0.021159 0.097722
0 0.882425 0.213717 0.005531 0.022865
2 0.619227 0.382269 0.010221 0.034152
0 0.559454 0.701004 0.042435 0.162952
0 0.850973 0.660034 0.020201 0.071798
0 0.418050 0.616773 0.022061 0.109357
0 0.841759 0.710153 0.023013 0.065364
0 0.415210 0.647063 0.017916 0.086971
0 0.352912 0.489742 0.015557 0.062960
0 0.495438 0.653853 0.010659 0.043968
0 0.497771 0.594407 0.021310 0.068012
0 0.843346 0.720952 0.021541 0.044852