0 0.811657 0.417005 0.015175 0.056859
0 0.679505 0.426806 0.015265 0.064878
0 0.333378 0.476066 0.021429 0.090279
0 0.646360 0.416641 0.013811 0.057943
0 0.797740 0.488533 0.020391 0.087846
0 0.774546 0.461614 0.013225 0.078855
0 0.886864 0.463243 0.018406 0.083047
0 0.914893 0.442969 0.017992 0.073469
2 0.833147 0.490099 0.016886 0.085354
0 0.515187 0.443391 0.011772 0.055092
0 0.397984 0.488238 0.016838 0.062828
0 0.753946 0.470267 0.015569 0.044067
0 0.992751 0.464323 0.013929 0.081891
0 0.494897 0.428979 0.019746 0.061840
0 0.495077 0.437787 0.018839 0.044576
0 0.525766 0.494801 0.014165 0.083745
2 0.285952 0.383886 0.008078 0.041890
0 0.385769 0.556641 0.026287 0.077626
0 0.525070 0.476850 0.012942 0.049257
2 0.832660 0.478400 0.016037 0.063340
0 0.516383 0.535569 0.012705 0.066209
0 0.386758 0.543566 0.027908 0.051031
0 0.378365 0.561987 0.012842 0.068518
0 0.515608 0.503166 0.012080 0.054495
0 0.504418 0.495861 0.013552 0.068123
0 0.759838 0.520690 0.016571 0.064390