0 0.363935 0.472868 0.017089 0.073476
0 0.435588 0.569820 0.033966 0.119272
0 0.505481 0.425809 0.014383 0.055759
0 0.912372 0.512903 0.017839 0.092720
0 0.116644 0.496329 0.018508 0.082397
0 0.630085 0.632874 0.020094 0.083407
0 0.389089 0.739691 0.035579 0.174901
0 0.055555 0.520358 0.019284 0.095605
0 0.804419 0.439105 0.015045 0.067024
0 0.497595 0.495149 0.015069 0.061172
0 0.105176 0.457863 0.015316 0.056527
2 0.318136 0.524063 0.024116 0.102004
0 0.055473 0.498814 0.022572 0.056963
0 0.654805 0.461376 0.016270 0.036460
0 0.630479 0.609218 0.021216 0.131634
0 0.496477 0.460489 0.015173 0.035874
0 0.631247 0.579436 0.018790 0.076057
3 0.365899 0.712673 0.014277 0.014299
0 0.654945 0.489230 0.017428 0.066857
0 0.052374 0.493727 0.022770 0.046685