0 0.061895 0.504821 0.014085 0.082374
0 0.495701 0.521567 0.018678 0.079191
0 0.224321 0.477617 0.017994 0.068119
0 0.300261 0.549683 0.022863 0.099004
0 0.889193 0.575643 0.019948 0.112014
0 0.692643 0.491199 0.013970 0.051723
0 0.419459 0.484435 0.014068 0.059918
0 0.355473 0.511176 0.016049 0.078144
0 0.655475 0.490213 0.015768 0.067768
0 0.903816 0.544886 0.013853 0.048103
0 0.919915 0.511225 0.011882 0.033414
1 0.135629 0.469483 0.012791 0.065944
0 0.373813 0.489742 0.010420 0.042470
0 0.212680 0.464327 0.009629 0.053492
0 0.654245 0.514776 0.010470 0.027325
0 0.135714 0.469116 0.012540 0.065029