0 0.901871 0.462615 0.015161 0.072790
0 0.925956 0.471523 0.017011 0.058121
0 0.844588 0.465929 0.017594 0.066035
0 0.696702 0.448317 0.018353 0.057416
0 0.959055 0.470520 0.017948 0.065711
0 0.969754 0.470634 0.015320 0.068388
0 0.658766 0.448839 0.018252 0.063143
2 0.809011 0.505589 0.020000 0.089351
0 0.748391 0.453060 0.016401 0.065072
0 0.581122 0.451711 0.011504 0.059664
0 0.716080 0.450301 0.017267 0.049374
0 0.809150 0.504759 0.020641 0.090310
0 0.131544 0.482407 0.015471 0.063614
0 0.773691 0.460485 0.012928 0.057694
0 0.970302 0.462992 0.013539 0.051776