0 0.878775 0.484155 0.018405 0.082452
0 0.310160 0.487694 0.021693 0.074902
0 0.832019 0.519314 0.024116 0.097917
0 0.439869 0.499587 0.023858 0.082262
0 0.526545 0.504121 0.020071 0.085774
0 0.508184 0.419270 0.011455 0.058432
0 0.346722 0.586549 0.035265 0.138285
0 0.101887 0.751932 0.032043 0.177749
0 0.680279 0.457983 0.014649 0.067232
0 0.278915 0.439219 0.014352 0.067716
0 0.041456 0.510310 0.021072 0.084637
0 0.100180 0.774739 0.038082 0.170714
0 0.530730 0.451445 0.014327 0.045597
0 0.533914 0.436980 0.011112 0.031782
0 0.031241 0.555770 0.009366 0.030306
0 0.043719 0.549351 0.009093 0.042788
2 0.747658 0.532579 0.020467 0.044047
0 0.532461 0.439265 0.013791 0.036779