0 0.424350 0.547232 0.016105 0.083968
0 0.521697 0.484237 0.014108 0.065348
0 0.255978 0.478518 0.014852 0.063886
0 0.417560 0.484419 0.013032 0.062407
0 0.754506 0.519939 0.023496 0.074003
0 0.495365 0.460630 0.010111 0.054938
0 0.233367 0.500299 0.012995 0.070014
0 0.294054 0.496353 0.017755 0.075378
0 0.649995 0.516457 0.017925 0.069641
0 0.717483 0.495693 0.012951 0.051796
0 0.543780 0.449610 0.010843 0.046887
0 0.311754 0.496541 0.011954 0.069522
2 0.598534 0.510334 0.013843 0.071635
0 0.379560 0.489220 0.014085 0.042924
0 0.445568 0.492682 0.009883 0.058159
0 0.748865 0.495206 0.013824 0.030769
0 0.441903 0.521787 0.012734 0.056022
0 0.582807 0.451537 0.012135 0.050171