0 0.184090 0.468063 0.016951 0.076732
0 0.961423 0.483195 0.022344 0.093990
0 0.147663 0.459357 0.017723 0.084622
0 0.638940 0.495623 0.020260 0.089081
0 0.899086 0.446783 0.015888 0.065951
0 0.692347 0.448731 0.015120 0.064480
0 0.554877 0.560764 0.033348 0.099521
0 0.850363 0.441237 0.016569 0.066391
0 0.553421 0.460974 0.017640 0.075457
0 0.124156 0.506000 0.022434 0.099954
0 0.443196 0.488985 0.022848 0.090810
0 0.542361 0.599928 0.008861 0.041757
0 0.435108 0.423609 0.012551 0.055477
2 0.600759 0.463696 0.015324 0.074695
0 0.436022 0.573773 0.047558 0.108704
0 0.726704 0.478474 0.019468 0.050623
0 0.726740 0.489203 0.019839 0.071027
0 0.417895 0.947311 0.014956 0.105378
0 0.445339 0.581051 0.028943 0.094348
0 0.386529 0.165699 0.006719 0.028085
0 0.726079 0.470855 0.019308 0.036070