0 0.341102 0.514706 0.018487 0.074622
0 0.221702 0.529215 0.020070 0.065276
0 0.324276 0.528994 0.013195 0.076721
0 0.233457 0.486069 0.013547 0.066734
0 0.408655 0.467121 0.014789 0.053588
0 0.854158 0.597077 0.025406 0.072582
0 0.417603 0.539328 0.016760 0.090174
0 0.100952 0.508277 0.018502 0.072234
0 0.746336 0.506764 0.016831 0.070662
0 0.360035 0.491390 0.011076 0.065743
0 0.135554 0.502154 0.014067 0.069296
0 0.282341 0.495144 0.010814 0.068670
0 0.927330 0.533275 0.015805 0.065992
0 0.282750 0.484743 0.010362 0.047906
0 0.507361 0.480753 0.011817 0.055900
0 0.111853 0.485347 0.011408 0.060510
0 0.112623 0.494921 0.011623 0.054841
0 0.682083 0.508576 0.013769 0.060892
0 0.127235 0.491728 0.009580 0.051735
0 0.517661 0.473967 0.010181 0.052853
2 0.531383 0.499751 0.013101 0.063706