0 0.083326 0.533764 0.017713 0.096597
0 0.776078 0.502448 0.026430 0.086400
0 0.428837 0.528088 0.020862 0.091686
0 0.610733 0.582974 0.022379 0.114794
0 0.697842 0.499938 0.018052 0.072476
0 0.638835 0.447593 0.010299 0.040987
0 0.294972 0.486985 0.021578 0.068300
0 0.430613 0.516117 0.018286 0.064639
2 0.350479 0.499479 0.024877 0.083285
0 0.505237 0.468027 0.013855 0.040943
0 0.134172 0.931257 0.018932 0.137486
0 0.612580 0.553760 0.018493 0.058095
0 0.170768 0.633244 0.038813 0.141560
0 0.686192 0.537588 0.005908 0.019927
0 0.456410 0.500640 0.023653 0.071718