0 0.244553 0.465976 0.021158 0.062851
0 0.477673 0.400643 0.012661 0.044734
0 0.050385 0.443675 0.020628 0.059635
0 0.361163 0.433532 0.013172 0.057245
0 0.403767 0.489842 0.013589 0.064869
0 0.328596 0.489327 0.014730 0.067759
0 0.285719 0.416017 0.015791 0.051844
0 0.239142 0.417184 0.016953 0.046374
0 0.653309 0.562193 0.018889 0.080729
0 0.446719 0.557570 0.016459 0.062786
0 0.668137 0.615628 0.024387 0.085114
0 0.329269 0.555829 0.029238 0.092416
0 0.083413 0.737124 0.048382 0.174034
0 0.653249 0.549803 0.018989 0.057117
0 0.085795 0.508832 0.016820 0.063710
0 0.021718 0.466213 0.014432 0.048707
0 0.003529 0.528656 0.006798 0.032370
0 0.479376 0.475264 0.013975 0.065500
0 0.340106 0.525343 0.008488 0.035613
0 0.057741 0.810828 0.008230 0.030231
0 0.447327 0.518942 0.012988 0.044323
0 0.691208 0.591337 0.033165 0.103914
0 0.022326 0.490966 0.010871 0.029950
0 0.088579 0.661701 0.014080 0.046502
0 0.333414 0.531863 0.015517 0.043505
0 0.083697 0.538036 0.017144 0.045240
0 0.334461 0.553381 0.018140 0.086468
0 0.086742 0.712132 0.028403 0.137040