0 0.345320 0.488629 0.021636 0.103083
0 0.415738 0.455520 0.019871 0.072720
0 0.743425 0.446400 0.022745 0.061114
0 0.724314 0.467244 0.014581 0.078646
0 0.120386 0.464653 0.023012 0.076190
0 0.203688 0.443909 0.016777 0.066506
0 0.132064 0.535143 0.018564 0.081450
0 0.083713 0.475912 0.018766 0.062406
0 0.027523 0.617361 0.029335 0.133722
0 0.451748 0.454803 0.026833 0.072084
0 0.704180 0.657099 0.028011 0.148299
0 0.594843 0.504185 0.023088 0.098040
0 0.143432 0.582039 0.010599 0.029160
0 0.591467 0.480347 0.014874 0.048694
0 0.433877 0.625822 0.029303 0.124757
0 0.592443 0.517558 0.017967 0.071802
0 0.437568 0.647005 0.033065 0.096886
0 0.591612 0.503012 0.016294 0.095039
0 0.027862 0.599045 0.027887 0.094474
2 0.103493 0.524765 0.021198 0.102314