0 0.639129 0.570159 0.022639 0.105584
0 0.972819 0.502552 0.014186 0.067087
0 0.742382 0.502529 0.015950 0.074142
0 0.646869 0.480427 0.011154 0.059859
0 0.686689 0.483877 0.015866 0.050359
0 0.112540 0.546122 0.013196 0.065210
0 0.474155 0.503527 0.012506 0.050729
0 0.322534 0.504454 0.013328 0.059639
0 0.822466 0.475662 0.013822 0.055996
2 0.524048 0.489511 0.014497 0.060705
0 0.807664 0.468666 0.016680 0.055859
0 0.433020 0.634394 0.019985 0.127664
0 0.117682 0.580306 0.011943 0.045864
0 0.541542 0.498436 0.010480 0.046500
0 0.030625 0.203485 0.008398 0.034072
0 0.371802 0.525259 0.015984 0.064663
0 0.372525 0.503942 0.014334 0.038661
0 0.376131 0.538635 0.007742 0.038401
0 0.141931 0.500076 0.014068 0.046520
0 0.141323 0.489858 0.014785 0.066829
0 0.093882 0.947632 0.014520 0.104736
0 0.142232 0.506902 0.013528 0.033300