0 0.141259 0.464384 0.019374 0.078908
0 0.373628 0.502425 0.018564 0.068432
0 0.164062 0.439033 0.016170 0.062757
0 0.337837 0.519070 0.018224 0.093832
0 0.225821 0.550711 0.028398 0.102195
0 0.293370 0.447918 0.016394 0.066710
0 0.397648 0.480708 0.014509 0.073610
0 0.191188 0.491227 0.007624 0.039941
0 0.197327 0.473335 0.021423 0.072122
0 0.116217 0.451992 0.011400 0.053630
0 0.377927 0.539174 0.007536 0.030884
0 0.223398 0.527611 0.024899 0.060654
0 0.427631 0.437310 0.016864 0.066030
0 0.111773 0.424850 0.007448 0.029162
0 0.193566 0.491386 0.013073 0.040074
0 0.402485 0.455230 0.008039 0.031361
0 0.226469 0.531847 0.026316 0.066739
0 0.242991 0.418993 0.013112 0.061567