0 0.259050 0.498832 0.018994 0.087446
0 0.517406 0.462254 0.016016 0.074229
0 0.631122 0.453311 0.011415 0.056561
0 0.774487 0.493437 0.015123 0.056566
0 0.661506 0.520132 0.016376 0.094525
0 0.661215 0.428765 0.012460 0.063354
0 0.709625 0.578622 0.021227 0.119638
0 0.555411 0.449759 0.016665 0.072185
0 0.341476 0.428664 0.010592 0.064899
0 0.431221 0.394851 0.011007 0.052034
0 0.229126 0.523199 0.019731 0.090763
0 0.251605 0.414697 0.013713 0.057252
0 0.382884 0.572663 0.020297 0.125263
0 0.835313 0.547904 0.024596 0.106061
2 0.309254 0.518614 0.017737 0.104672
3 0.510498 0.626259 0.008115 0.011900
0 0.463637 0.428543 0.008964 0.034746