0 0.118648 0.502223 0.025370 0.091091
0 0.412501 0.522367 0.023540 0.085650
0 0.011192 0.539568 0.022384 0.095723
0 0.268275 0.446588 0.016435 0.067401
0 0.373312 0.577684 0.021198 0.102640
0 0.810728 0.490662 0.029282 0.081669
0 0.396278 0.485315 0.016314 0.070514
0 0.375371 0.439886 0.018906 0.057017
0 0.369136 0.627516 0.011044 0.036941
0 0.407567 0.475127 0.013092 0.053990
0 0.420430 0.462094 0.012725 0.062486
0 0.073785 0.495608 0.019304 0.080182
0 0.901879 0.474671 0.019241 0.064110
0 0.385438 0.627828 0.010481 0.037724
0 0.227919 0.117418 0.010684 0.055530
0 0.899286 0.473620 0.013809 0.064941
0 0.074368 0.471374 0.017810 0.041157
0 0.781108 0.453169 0.015264 0.052831
0 0.649900 0.175427 0.007864 0.031342