0 0.520309 0.418427 0.010145 0.049170
0 0.192109 0.541851 0.017664 0.101882
0 0.593976 0.447997 0.014520 0.062254
0 0.703539 0.518165 0.019945 0.089205
0 0.663250 0.533262 0.013671 0.052999
0 0.216998 0.436671 0.016782 0.054233
0 0.233767 0.433563 0.016165 0.050783
0 0.502651 0.443846 0.010745 0.044325
0 0.461712 0.506920 0.018193 0.081954
0 0.840587 0.417617 0.013775 0.050019
0 0.550563 0.479244 0.013123 0.056670
0 0.665875 0.576584 0.015090 0.068565
0 0.587261 0.517630 0.016684 0.075877
0 0.503503 0.404753 0.009476 0.043872
0 0.589586 0.521553 0.020139 0.085446
0 0.529460 0.555546 0.026228 0.086940
0 0.560160 0.482944 0.010400 0.047460
0 0.457888 0.571698 0.019381 0.050710
0 0.682244 0.578983 0.019023 0.088028
0 0.451471 0.544739 0.019468 0.082102
0 0.526401 0.556109 0.027678 0.068952
2 0.344187 0.518230 0.012065 0.032646
0 0.343147 0.477783 0.012772 0.050668
0 0.686490 0.626972 0.009778 0.029942
0 0.547302 0.514844 0.005305 0.021524
3 0.972726 0.641207 0.008908 0.010949
0 0.523496 0.564862 0.021788 0.049442
2 0.343758 0.495619 0.013122 0.076758
0 0.437655 0.529636 0.017214 0.052058
0 0.461067 0.490032 0.016607 0.047067
0 0.552585 0.454430 0.011679 0.033699