0 0.401825 0.433587 0.017122 0.066344
0 0.336723 0.417638 0.014065 0.057370
0 0.212735 0.460687 0.023775 0.077787
0 0.096195 0.514902 0.025426 0.088725
0 0.312688 0.578569 0.023388 0.134386
0 0.861040 0.485946 0.022172 0.075886
0 0.708435 0.455905 0.017170 0.069694
2 0.309062 0.454001 0.017838 0.077789
0 0.576256 0.434317 0.012649 0.061007
0 0.557317 0.445458 0.017178 0.067445
0 0.639286 0.429489 0.018065 0.060656
0 0.605347 0.431543 0.012367 0.062478
0 0.569986 0.401289 0.011399 0.047721
0 0.509374 0.430714 0.015820 0.067150
0 0.319498 0.423880 0.013449 0.040030
0 0.482435 0.420747 0.008038 0.043446
0 0.605137 0.421875 0.011744 0.045556
0 0.069907 0.575755 0.024924 0.086485
0 0.069634 0.593313 0.025047 0.123807
1 0.509324 0.430816 0.015815 0.066526