0 0.890828 0.455470 0.026094 0.071724
0 0.541468 0.472270 0.024834 0.082454
0 0.010382 0.498551 0.020661 0.105398
0 0.002114 0.538056 0.004195 0.037565
0 0.461775 0.449588 0.030783 0.076696
0 0.573170 0.617586 0.024938 0.142489
0 0.574497 0.582096 0.020857 0.071875
0 0.667892 0.434065 0.012908 0.055104
0 0.196672 0.440003 0.012061 0.065886
0 0.197124 0.449176 0.010986 0.047343
0 0.013750 0.533896 0.008327 0.030994
0 0.930425 0.498791 0.025092 0.092910
0 0.734951 0.626619 0.029183 0.155223
0 0.131165 0.460844 0.028744 0.066007
0 0.664858 0.491809 0.017801 0.092824
0 0.142868 0.433092 0.012269 0.027966
0 0.684993 0.455016 0.016964 0.041614
0 0.411277 0.461757 0.014193 0.063538
2 0.176966 0.466842 0.019753 0.069237
0 0.410978 0.450848 0.015052 0.043968
0 0.176702 0.466770 0.021134 0.069294
0 0.662979 0.489525 0.013625 0.081138
0 0.506612 0.534943 0.035215 0.119703
0 0.665535 0.522154 0.016181 0.034878