0 0.297421 0.510112 0.017812 0.102038
0 0.832050 0.510997 0.024787 0.100510
0 0.782300 0.463685 0.021404 0.082499
0 0.365438 0.489491 0.018237 0.085622
0 0.565431 0.539130 0.019250 0.097523
0 0.803796 0.622731 0.043858 0.099321
0 0.675327 0.497409 0.017423 0.099459
0 0.343072 0.440517 0.011161 0.063795
0 0.754436 0.435564 0.009846 0.034173
0 0.990848 0.464769 0.011202 0.036841
0 0.752845 0.470223 0.010027 0.046219
0 0.738360 0.496472 0.008037 0.025986
0 0.848983 0.447540 0.009145 0.035071
0 0.735592 0.451676 0.010786 0.050125
0 0.676068 0.516425 0.016011 0.061293
2 0.889627 0.415348 0.010873 0.043651
0 0.300918 0.543790 0.009892 0.036924
0 0.563497 0.554595 0.017421 0.067099
0 0.982827 0.510994 0.014260 0.029432
0 0.917961 0.055564 0.012937 0.054350
0 0.571077 0.466687 0.013753 0.057041
0 0.575049 0.461894 0.017365 0.060900
0 0.625182 0.440396 0.008432 0.029769
0 0.990006 0.492696 0.010563 0.031351