0 0.491628 0.542599 0.027102 0.116368
0 0.583828 0.534027 0.020412 0.097185
0 0.171249 0.478260 0.018114 0.085512
0 0.266477 0.464027 0.015938 0.080414
2 0.266503 0.464265 0.016186 0.080187
2 0.660698 0.545994 0.022900 0.094669
0 0.306848 0.498408 0.024295 0.073158
0 0.212267 0.416023 0.011319 0.039185
0 0.159682 0.430195 0.014640 0.053547
2 0.425586 0.426909 0.013351 0.050521
2 0.225616 0.457040 0.018973 0.073198
0 0.305896 0.440307 0.017301 0.051596
2 0.604913 0.509610 0.023640 0.093084
0 0.848938 0.489911 0.010540 0.024561
0 0.006332 0.460158 0.012613 0.071003
2 0.371639 0.444257 0.012803 0.057712
0 0.225820 0.457034 0.018766 0.073194
2 0.147608 0.464122 0.018371 0.079914
0 0.007387 0.516588 0.014497 0.071346