0 0.466506 0.547068 0.023468 0.117213
0 0.213005 0.562782 0.023299 0.077867
0 0.620340 0.494004 0.012591 0.052028
0 0.647051 0.630560 0.032989 0.156906
0 0.518430 0.461162 0.013445 0.042039
0 0.986049 0.593323 0.027901 0.146609
0 0.365503 0.474357 0.017899 0.066102
0 0.218820 0.519955 0.023378 0.053354
0 0.616527 0.460675 0.024385 0.069895
0 0.986535 0.614782 0.026929 0.104894
0 0.447884 0.455205 0.013570 0.068598
0 0.757382 0.444036 0.012976 0.049155
0 0.290228 0.490288 0.022681 0.050984
0 0.893554 0.640273 0.017155 0.053429
0 0.289415 0.475929 0.022456 0.077213
0 0.640026 0.684933 0.017476 0.098220
0 0.880027 0.592577 0.024027 0.094450
0 0.611336 0.461729 0.018117 0.070511
0 0.928486 0.450924 0.012150 0.031721
0 0.365953 0.444302 0.016609 0.039856
0 0.877790 0.603287 0.030161 0.115459
0 0.646213 0.654407 0.030652 0.155400
0 0.919932 0.490086 0.015088 0.037477
0 0.897004 0.484840 0.028409 0.081872
0 0.988632 0.555504 0.022714 0.077777