0 0.750385 0.512755 0.024955 0.102849
0 0.275390 0.452275 0.014044 0.070214
0 0.379956 0.421690 0.010396 0.049368
0 0.548146 0.431943 0.014250 0.061274
0 0.419741 0.509977 0.026053 0.086104
2 0.201634 0.488973 0.022268 0.090858
0 0.447371 0.500379 0.030221 0.097549
0 0.371547 0.551301 0.033494 0.105026
2 0.812402 0.516908 0.021840 0.094882
0 0.812659 0.516531 0.021794 0.095221
0 0.305160 0.641789 0.047202 0.129308
0 0.098246 0.609862 0.017356 0.082430
0 0.096269 0.551606 0.029322 0.078457
0 0.096392 0.575203 0.029603 0.127959
2 0.773522 0.415938 0.010163 0.033841
0 0.241120 0.628817 0.052706 0.147677
0 0.312701 0.654407 0.045771 0.093399
2 0.198543 0.488080 0.015338 0.089557
2 0.371450 0.552004 0.033243 0.107436