0 0.080256 0.450265 0.017263 0.070086
0 0.295112 0.442382 0.013776 0.062670
0 0.733751 0.572428 0.027143 0.119424
0 0.621769 0.617396 0.031751 0.126444
0 0.348599 0.423553 0.012198 0.051100
2 0.107829 0.478386 0.021083 0.087511
0 0.774905 0.573993 0.032069 0.112624
0 0.176100 0.538111 0.031324 0.096080
2 0.604655 0.511983 0.027624 0.088906
0 0.262853 0.406261 0.010230 0.039487
0 0.401693 0.489514 0.031221 0.068958
0 0.411498 0.458800 0.014887 0.039139
0 0.510374 0.422937 0.012566 0.052791
2 0.510402 0.422664 0.012587 0.054091
0 0.172944 0.566883 0.009110 0.040306
2 0.773261 0.573478 0.029315 0.113359