0 0.589470 0.490789 0.018790 0.081743
0 0.359597 0.434877 0.013973 0.061309
0 0.432738 0.444502 0.014394 0.062368
0 0.616256 0.454788 0.016607 0.073181
2 0.396840 0.442775 0.016388 0.069198
0 0.811295 0.488848 0.015214 0.055550
0 0.521782 0.423846 0.010987 0.049569
0 0.455105 0.418588 0.009985 0.042156
0 0.727429 0.454608 0.016047 0.065599
0 0.738213 0.453344 0.013959 0.064872
2 0.771125 0.458352 0.012459 0.067378
0 0.829374 0.471791 0.013358 0.074272
0 0.756932 0.458405 0.013791 0.068918
2 0.560485 0.445094 0.016587 0.072441
0 0.560394 0.445090 0.016242 0.071811
0 0.770479 0.458369 0.012876 0.066521