2 0.544315 0.461207 0.019029 0.073167
0 0.382430 0.517196 0.022435 0.097246
0 0.081402 0.554209 0.027721 0.131394
2 0.564721 0.444559 0.014487 0.058539
0 0.108913 0.459466 0.026215 0.057552
0 0.601475 0.603508 0.039093 0.151335
2 0.407102 0.447438 0.015386 0.068519
0 0.258252 0.460339 0.018908 0.077962
2 0.439995 0.431015 0.015402 0.055754
0 0.086640 0.420941 0.012011 0.035578
0 0.250926 0.420681 0.012692 0.052983
2 0.420354 0.402839 0.012932 0.038504
0 0.515731 0.444658 0.016223 0.059558
0 0.214937 0.525831 0.028030 0.107427
0 0.644388 0.446542 0.013918 0.034893
2 0.258343 0.460154 0.019074 0.077901
2 0.641035 0.493266 0.027009 0.092795
0 0.616862 0.439110 0.005619 0.018725
0 0.505370 0.446176 0.012238 0.058738
2 0.644972 0.494229 0.019186 0.092679
0 0.407117 0.447722 0.015312 0.068543