0 0.117875 0.454810 0.021164 0.070161
0 0.652746 0.565684 0.033465 0.128173
2 0.441409 0.398509 0.010140 0.033785
0 0.250132 0.507005 0.024505 0.073575
0 0.107809 0.573628 0.031809 0.139462
0 0.172250 0.422337 0.009759 0.047616
0 0.012979 0.479592 0.023458 0.086185
0 0.458672 0.502631 0.020644 0.080101
0 0.541037 0.517140 0.033662 0.063699
2 0.493740 0.610434 0.037057 0.152721
2 0.166686 0.587991 0.032790 0.137663
2 0.172294 0.422618 0.009967 0.047430
0 0.330339 0.781827 0.045480 0.184112
0 0.355878 0.444134 0.026000 0.050514
0 0.289415 0.440045 0.017295 0.033386
2 0.307543 0.386237 0.007793 0.022613
0 0.297220 0.416376 0.005829 0.022408
2 0.458752 0.503233 0.020503 0.081173
2 0.769964 0.495059 0.021019 0.073038
0 0.167066 0.589960 0.032775 0.134374