0 0.855019 0.443084 0.015708 0.074745
0 0.840328 0.451199 0.019403 0.076369
0 0.469173 0.416110 0.012640 0.054156
0 0.564673 0.437352 0.017463 0.069771
2 0.511110 0.488478 0.024071 0.093192
0 0.175083 0.484687 0.026715 0.103813
0 0.903091 0.524082 0.021834 0.093268
0 0.606426 0.466688 0.018584 0.085514
0 0.398781 0.408053 0.013286 0.048374
0 0.693620 0.513957 0.015680 0.061662
0 0.273080 0.441093 0.013130 0.059485
0 0.305134 0.421849 0.010124 0.042568
0 0.616533 0.439256 0.016503 0.066285
0 0.148247 0.605709 0.035417 0.141087
0 0.305445 0.413996 0.011381 0.057921
0 0.726969 0.408292 0.012582 0.030593
0 0.398855 0.453664 0.015483 0.061661
0 0.716672 0.415198 0.010905 0.049751
0 0.149784 0.625052 0.032073 0.109233
0 0.248162 0.438271 0.009836 0.048326
0 0.710694 0.470820 0.022377 0.066272
0 0.267507 0.460644 0.011194 0.036557
0 0.246484 0.428622 0.011804 0.061795
0 0.269249 0.442227 0.015230 0.060499
0 0.721779 0.423514 0.007706 0.043570
0 0.242593 0.417799 0.009501 0.036597
0 0.245853 0.415329 0.010244 0.035965
0 0.606018 0.478509 0.017200 0.059761
0 0.399956 0.459486 0.013108 0.052079
0 0.549702 0.461069 0.011388 0.059953
0 0.273828 0.426655 0.011323 0.030331