0 0.712171 0.477258 0.025736 0.081961
0 0.589027 0.533995 0.025559 0.110652
0 0.501327 0.467955 0.018152 0.065105
0 0.950261 0.485343 0.029472 0.079528
0 0.765961 0.472281 0.016735 0.057390
0 0.636871 0.460857 0.023997 0.071064
0 0.096965 0.462665 0.019298 0.063095
2 0.553235 0.427761 0.012003 0.054980
0 0.036045 0.474056 0.019884 0.068327
0 0.329035 0.467324 0.014960 0.065433
0 0.184537 0.465588 0.014829 0.069614
0 0.020017 0.515093 0.023981 0.113217
0 0.310746 0.474588 0.030582 0.071338
0 0.031706 0.550732 0.012018 0.042180
0 0.036145 0.463214 0.019851 0.045586