0 0.283347 0.520844 0.021164 0.115607
0 0.792509 0.514065 0.022419 0.095734
0 0.166327 0.472374 0.019204 0.075825
0 0.559338 0.608774 0.029779 0.144808
0 0.356361 0.431762 0.013578 0.054365
0 0.383623 0.509212 0.023999 0.101593
2 0.582883 0.478317 0.021045 0.088209
0 0.669701 0.438748 0.013569 0.056167
2 0.185816 0.470386 0.014973 0.079662
0 0.312677 0.453106 0.010599 0.038488
0 0.185739 0.470276 0.015502 0.079951
2 0.708957 0.437987 0.012189 0.062662
0 0.311915 0.448109 0.012680 0.048492
2 0.926324 0.514430 0.032030 0.087035
0 0.583109 0.478426 0.022034 0.088351
0 0.926159 0.514651 0.031804 0.085091
2 0.383703 0.508555 0.023320 0.100531