0 0.532453 0.434374 0.016817 0.061301
0 0.494153 0.429433 0.017415 0.058244
0 0.165766 0.420885 0.019230 0.049017
0 0.310389 0.393428 0.009921 0.033758
0 0.499702 0.483736 0.027674 0.068202
0 0.116525 0.428433 0.014126 0.050806
0 0.376890 0.443110 0.018673 0.067075
0 0.571900 0.444376 0.017365 0.062954
0 0.073947 0.606721 0.049313 0.130243
0 0.277892 0.442744 0.010825 0.032116
2 0.657810 0.520545 0.034308 0.093414
2 0.723550 0.409180 0.011766 0.042446
0 0.740982 0.586839 0.028583 0.124402
0 0.719253 0.586828 0.030157 0.139690
0 0.279004 0.418781 0.013151 0.032381
2 0.571975 0.444465 0.017111 0.062239
0 0.503330 0.545207 0.025207 0.085530
0 0.638800 0.571497 0.030603 0.058848
0 0.509715 0.545151 0.037928 0.085749
0 0.657887 0.519994 0.034561 0.091506
0 0.634605 0.570670 0.020730 0.056135
0 0.387378 0.698909 0.056252 0.180320
0 0.376563 0.407657 0.009197 0.032897
0 0.278969 0.429578 0.013079 0.052884
0 0.680082 0.684643 0.041022 0.154548