0 0.271827 0.478111 0.018995 0.092019
0 0.456138 0.527915 0.022663 0.110263
0 0.343075 0.584111 0.025115 0.144957
0 0.489302 0.429736 0.017722 0.069140
0 0.422048 0.432005 0.018732 0.062612
1 0.573323 0.380871 0.012806 0.043776
0 0.756722 0.407232 0.011426 0.053507
0 0.940990 0.399741 0.018435 0.046405
0 0.788963 0.570748 0.031859 0.129840
0 0.729836 0.412156 0.009153 0.033744
0 0.460318 0.424470 0.011065 0.056418
0 0.816455 0.406598 0.013795 0.038244
0 0.896987 0.614453 0.047832 0.149266
2 0.909396 0.458019 0.016886 0.085897
0 0.539938 0.438394 0.016981 0.069425
0 0.801423 0.442279 0.018910 0.074554
0 0.909328 0.458024 0.016967 0.086171
0 0.784819 0.520857 0.011868 0.030268
0 0.728969 0.385915 0.009081 0.026361
0 0.802024 0.455043 0.017912 0.050772
0 0.452155 0.506789 0.015268 0.065097
0 0.778421 0.611640 0.011113 0.042622