0 0.705148 0.483489 0.016469 0.084081
0 0.480495 0.459576 0.024764 0.079561
0 0.310717 0.493275 0.023070 0.083948
0 0.071087 0.471303 0.022275 0.084933
0 0.779360 0.473368 0.020622 0.078267
0 0.563029 0.439075 0.017876 0.060507
2 0.179866 0.497358 0.023215 0.104180
2 0.271189 0.472535 0.021091 0.082015
2 0.543368 0.454193 0.015700 0.071981
0 0.581557 0.456046 0.019933 0.039657
2 0.136847 0.468695 0.013180 0.077509
0 0.511187 0.700560 0.039507 0.184544
0 0.055236 0.431451 0.008725 0.034559
0 0.034079 0.448905 0.014251 0.063209
0 0.136708 0.467827 0.013117 0.078750
0 0.313619 0.444828 0.013873 0.059434