0 0.622893 0.480579 0.019907 0.090827
0 0.485892 0.438132 0.015462 0.070998
0 0.868624 0.523979 0.023195 0.094794
0 0.513326 0.508685 0.020315 0.090286
0 0.755582 0.503318 0.023284 0.091143
0 0.217492 0.557888 0.036106 0.110921
2 0.502719 0.435247 0.012894 0.062368
2 0.602745 0.475212 0.017765 0.076369
0 0.045850 0.439344 0.016553 0.068187
2 0.560002 0.452659 0.021289 0.068607
0 0.229781 0.432761 0.013636 0.057677
0 0.345830 0.439631 0.014304 0.061912
0 0.329736 0.422128 0.012133 0.050074
0 0.165726 0.594835 0.032134 0.081842
2 0.220791 0.464524 0.017368 0.086556
0 0.559861 0.452403 0.021650 0.069097
2 0.656974 0.566124 0.026787 0.125552
0 0.016092 0.525022 0.032062 0.084893
0 0.162539 0.530350 0.016873 0.057056
0 0.160949 0.520740 0.014473 0.036019
0 0.009217 0.524265 0.018434 0.085487