0 0.006352 0.427138 0.012395 0.048411
0 0.694217 0.461783 0.014131 0.070897
0 0.193317 0.428163 0.012534 0.050542
0 0.415990 0.474202 0.017834 0.076677
0 0.301716 0.540015 0.033237 0.110705
0 0.523043 0.430396 0.019289 0.048352
2 0.442602 0.422341 0.013271 0.045120
0 0.564311 0.437027 0.012619 0.056038
0 0.369295 0.440448 0.017338 0.061994
0 0.240488 0.410588 0.011292 0.047690
0 0.610960 0.438388 0.009972 0.054588
2 0.584019 0.451417 0.016739 0.059114
0 0.610960 0.430120 0.009426 0.038081
2 0.416156 0.473779 0.017923 0.075752
0 0.666044 0.457291 0.008961 0.021011