0 0.784298 0.452875 0.015359 0.065706
2 0.637491 0.449744 0.023766 0.082905
0 0.582148 0.424417 0.014575 0.047166
0 0.795908 0.452072 0.017910 0.068214
0 0.530589 0.457636 0.016814 0.069587
0 0.898425 0.445323 0.014090 0.063777
0 0.454836 0.430474 0.013845 0.049911
0 0.543213 0.429797 0.011175 0.047267
0 0.475822 0.583940 0.034868 0.162776
0 0.127736 0.447042 0.015147 0.048339
0 0.607048 0.436300 0.007961 0.024194
0 0.494504 0.419738 0.011906 0.036940
0 0.416866 0.411436 0.012952 0.055318
0 0.522586 0.429088 0.015630 0.029968
0 0.126020 0.462789 0.017858 0.079000