0 0.592102 0.445786 0.013452 0.064463
0 0.563511 0.467893 0.017488 0.040721
0 0.391439 0.454417 0.026100 0.054622
0 0.824053 0.434332 0.011641 0.048201
0 0.745447 0.462106 0.016477 0.054899
0 0.270690 0.460277 0.013165 0.063096
0 0.840066 0.447327 0.015810 0.059811
0 0.476402 0.463578 0.019689 0.060477
2 0.493664 0.573943 0.035657 0.130086
0 0.493453 0.577270 0.035717 0.126194
0 0.531080 0.458539 0.012489 0.043163
0 0.854947 0.451547 0.009623 0.033543
0 0.300359 0.570565 0.029281 0.060617
0 0.276526 0.456687 0.018898 0.063882
0 0.745121 0.471276 0.015381 0.037252
0 0.277138 0.445984 0.017662 0.041545
2 0.770717 0.461576 0.022498 0.078575
0 0.294654 0.572368 0.041714 0.066387
0 0.530124 0.451295 0.013164 0.052748
0 0.500626 0.432745 0.009709 0.038973
0 0.524240 0.461381 0.007798 0.037529