0 0.358585 0.491047 0.021989 0.083169
0 0.264754 0.440429 0.021888 0.063663
2 0.552397 0.448768 0.019320 0.061316
0 0.057153 0.459810 0.022491 0.084155
2 0.380244 0.461604 0.015395 0.067509
0 0.478549 0.434699 0.019138 0.052447
0 0.586896 0.467262 0.013309 0.065702
2 0.391379 0.419885 0.014268 0.051324
0 0.130903 0.414713 0.011627 0.044348
0 0.373850 0.624564 0.034422 0.149669
0 0.177709 0.414673 0.010128 0.041399
2 0.489326 0.400327 0.009964 0.038959
2 0.373408 0.628207 0.034098 0.152916
0 0.713699 0.440337 0.004471 0.019933
0 0.380049 0.460617 0.015178 0.067504
2 0.623896 0.475567 0.012068 0.055493
0 0.797716 0.442832 0.006266 0.025217