0 0.445006 0.482961 0.018555 0.079760
0 0.145230 0.490994 0.017200 0.080216
0 0.387198 0.587821 0.031191 0.142012
0 0.619131 0.447585 0.016454 0.066250
2 0.041702 0.490506 0.019756 0.097027
2 0.421201 0.464223 0.018838 0.076235
0 0.385339 0.591763 0.039743 0.161071
2 0.403810 0.426993 0.013966 0.055985
0 0.285820 0.430383 0.015050 0.052887
0 0.546732 0.475900 0.017060 0.072448
2 0.546707 0.476064 0.017841 0.073827
0 0.143501 0.457451 0.012771 0.033865
0 0.041696 0.490776 0.019959 0.095889
0 0.421275 0.464637 0.019236 0.074562
0 0.681399 0.524685 0.028497 0.115422
0 0.477713 0.583780 0.023144 0.126297