0 0.675348 0.501907 0.027865 0.103849
0 0.330701 0.429129 0.012826 0.062804
0 0.203973 0.409333 0.014802 0.052646
0 0.979189 0.436980 0.015387 0.060225
0 0.791134 0.454848 0.011786 0.070584
0 0.386032 0.645165 0.033393 0.174374
2 0.456578 0.517777 0.024504 0.114949
0 0.457094 0.402096 0.009440 0.043384
0 0.619342 0.484502 0.009074 0.050790
0 0.311173 0.476638 0.013051 0.054945
0 0.298578 0.627394 0.025506 0.148725
0 0.456380 0.519656 0.023997 0.114825
0 0.618921 0.466216 0.010652 0.085762
0 0.098738 0.429423 0.014791 0.062879
0 0.189993 0.459954 0.016885 0.080009
0 0.414486 0.463727 0.011458 0.045859
0 0.618299 0.448015 0.010708 0.049618
0 0.310759 0.496111 0.014814 0.098332
0 0.697005 0.403712 0.009698 0.043089
0 0.299996 0.615153 0.020233 0.122533
0 0.102630 0.440873 0.007890 0.043629
0 0.188136 0.453938 0.013167 0.068725
0 0.414512 0.447696 0.014065 0.062688