0 0.822254 0.453122 0.020798 0.074267
0 0.642183 0.425225 0.014109 0.047781
0 0.349404 0.440514 0.015411 0.064619
0 0.781924 0.444681 0.017362 0.065942
2 0.868174 0.461579 0.016514 0.077267
0 0.689696 0.518299 0.023718 0.115822
0 0.498020 0.485334 0.020064 0.073453
0 0.558104 0.412826 0.011575 0.046442
0 0.191825 0.456301 0.013130 0.056083
0 0.530691 0.429837 0.012646 0.057480
0 0.557040 0.481665 0.021857 0.078054
0 0.501986 0.527731 0.007414 0.038198
0 0.610212 0.423830 0.010053 0.023921
2 0.268233 0.449507 0.020626 0.075130
0 0.168700 0.496506 0.019171 0.101002
2 0.566686 0.531251 0.018142 0.108936
2 0.662094 0.458000 0.014152 0.079457
0 0.191591 0.425528 0.009474 0.031282
0 0.169651 0.477198 0.017750 0.065828
0 0.662494 0.457025 0.013160 0.080628
0 0.503271 0.433529 0.013733 0.051721
0 0.268271 0.450038 0.021053 0.075241
2 0.156624 0.415999 0.009607 0.035797
0 0.517316 0.475015 0.023836 0.081401