0 0.027765 0.447656 0.017579 0.069138
0 0.202540 0.539286 0.022622 0.110028
2 0.438770 0.419900 0.011335 0.052547
0 0.563945 0.439754 0.011883 0.056401
0 0.373045 0.457730 0.015764 0.072195
2 0.427240 0.513844 0.029034 0.097566
0 0.167991 0.404035 0.008587 0.038647
2 0.306612 0.438635 0.014221 0.061862
0 0.554006 0.441538 0.014179 0.058956
2 0.266413 0.411340 0.012169 0.044808
0 0.593361 0.468067 0.013176 0.072665
0 0.329702 0.560127 0.033336 0.103957
0 0.583091 0.470084 0.014624 0.072670
0 0.629111 0.457544 0.014983 0.071021
2 0.629123 0.457727 0.014550 0.070759
0 0.306672 0.438674 0.014219 0.061461
2 0.469315 0.395889 0.007608 0.036192
0 0.714986 0.438998 0.005057 0.018036