0 0.514657 0.433615 0.018194 0.060657
0 0.729449 0.434443 0.021469 0.062198
0 0.670189 0.430698 0.011082 0.044077
2 0.790694 0.470471 0.019928 0.087638
0 0.562733 0.500688 0.018265 0.097713
0 0.661377 0.504805 0.012549 0.048247
0 0.622174 0.422414 0.013088 0.047997
0 0.663146 0.456914 0.015294 0.042285
2 0.562510 0.499885 0.018669 0.099592
0 0.834455 0.427500 0.012582 0.046051
0 0.224509 0.514463 0.020518 0.115145
1 0.834529 0.427755 0.012330 0.045671
0 0.546662 0.433380 0.015134 0.061408
0 0.361922 0.425791 0.013383 0.032623