0 0.774302 0.483088 0.018939 0.076020
0 0.318779 0.413691 0.012610 0.045521
0 0.712282 0.525683 0.025413 0.101588
0 0.214243 0.500658 0.027217 0.095032
0 0.295278 0.410671 0.012335 0.041092
0 0.370695 0.511534 0.026910 0.105197
2 0.195138 0.452921 0.021068 0.071966
0 0.284935 0.442826 0.021856 0.056883
2 0.440131 0.417059 0.012105 0.052090
2 0.528966 0.396987 0.008811 0.037072
0 0.628703 0.468455 0.014127 0.062876
2 0.509538 0.439586 0.011569 0.055688
2 0.875184 0.477786 0.020397 0.073010
0 0.168848 0.699002 0.039642 0.160965
0 0.439952 0.416899 0.012058 0.052286
0 0.166020 0.711405 0.031496 0.143056
0 0.426162 0.465577 0.014973 0.048071
0 0.492569 0.445948 0.015372 0.058030
0 0.400999 0.449764 0.018182 0.029398
0 0.416045 0.477285 0.020440 0.068840
2 0.629009 0.469385 0.014510 0.061536
2 0.284766 0.442859 0.021873 0.057422