0 0.369535 0.460804 0.012709 0.069567
0 0.063589 0.483131 0.021693 0.088273
0 0.136193 0.435812 0.019965 0.059488
0 0.202159 0.419760 0.012273 0.049630
0 0.297395 0.448708 0.018349 0.063299
0 0.454601 0.526000 0.020190 0.105112
2 0.561822 0.505501 0.023665 0.091366
2 0.026460 0.512655 0.028641 0.099383
0 0.377340 0.415893 0.007646 0.033687
0 0.334956 0.441474 0.014536 0.063135
2 0.354679 0.412112 0.011762 0.045593
2 0.600882 0.458301 0.013638 0.064234
2 0.515092 0.397290 0.008314 0.037951
0 0.778150 0.476995 0.018647 0.048217
0 0.777842 0.503916 0.018598 0.070289
0 0.425112 0.567129 0.035475 0.115747
0 0.881538 0.484136 0.020402 0.070822
0 0.002580 0.487873 0.005051 0.031676
0 0.407419 0.458460 0.015667 0.066310
0 0.778170 0.513809 0.016564 0.051824
2 0.881685 0.486277 0.020121 0.070119
0 0.249771 0.457427 0.021777 0.073533
2 0.249757 0.457642 0.021716 0.073126
0 0.777351 0.490855 0.017447 0.071653
2 0.402856 0.416045 0.009212 0.045288
0 0.490395 0.549600 0.023083 0.114084
0 0.376070 0.410869 0.009681 0.042423
0 0.354817 0.412473 0.011412 0.044409