0 0.237057 0.494276 0.022847 0.098442
0 0.689286 0.460848 0.017507 0.077160
0 0.636860 0.495608 0.015605 0.101277
0 0.769101 0.424868 0.017470 0.062983
0 0.008464 0.811647 0.016928 0.129605
0 0.725203 0.803036 0.044123 0.148563
1 0.467571 0.432341 0.014334 0.067410
0 0.855203 0.473838 0.016028 0.054415
0 0.723868 0.712225 0.030699 0.127053
0 0.300798 0.904051 0.012974 0.043066
0 0.312036 0.810875 0.032162 0.135815
0 0.852095 0.535024 0.008581 0.034645
0 0.310018 0.828306 0.035698 0.186520
0 0.971854 0.475785 0.015292 0.047078
0 0.330013 0.733317 0.014326 0.055598
0 0.315807 0.907460 0.017287 0.082071
0 0.861868 0.515309 0.028095 0.073328