2 0.542751 0.280121 0.021405 0.077073
0 0.880679 0.393028 0.029848 0.098621
0 0.749243 0.169581 0.009598 0.046130
0 0.776056 0.176784 0.010333 0.046267
0 0.575653 0.180062 0.015534 0.049063
0 0.643413 0.157740 0.009777 0.042683
0 0.654846 0.162309 0.010735 0.049702
0 0.609799 0.178140 0.010691 0.043853
0 0.815135 0.333493 0.022924 0.090562
2 0.744043 0.213687 0.015306 0.066394
2 0.894921 0.120362 0.009694 0.040457
0 0.439122 0.198375 0.017462 0.053635
0 0.392151 0.322215 0.024541 0.089588
0 0.683239 0.157592 0.010735 0.044836
0 0.260059 0.247791 0.014195 0.064249
0 0.300682 0.246857 0.018611 0.055486
0 0.974225 0.290055 0.013819 0.080400
0 0.811958 0.167836 0.013586 0.045949
0 0.693288 0.158865 0.013275 0.048378
0 0.626629 0.167429 0.011279 0.041398
0 0.395421 0.250760 0.015118 0.058391
0 0.744307 0.213726 0.015819 0.064940
0 0.618349 0.169995 0.009704 0.048722
1 0.549432 0.149400 0.013845 0.048371
0 0.549411 0.149473 0.014129 0.047769
0 0.974529 0.278461 0.013106 0.057413
3 0.272218 0.274055 0.015625 0.027778