0 0.497266 0.071528 0.008594 0.031944
1 0.044531 0.092361 0.020312 0.043056
2 0.334375 0.022917 0.009375 0.029167
0 0.249219 0.446528 0.029687 0.098611
0 0.360156 0.282639 0.020313 0.065278
0 0.286719 0.247222 0.015625 0.061111
0 0.214062 0.198611 0.015625 0.077778
0 0.297266 0.120833 0.008594 0.041667
0 0.348437 0.165972 0.007813 0.051389
0 0.377734 0.143750 0.008594 0.037500
0 0.357031 0.081250 0.007813 0.040278
0 0.479687 0.184028 0.010937 0.043056
0 0.580859 0.206250 0.017969 0.054167
0 0.551563 0.431250 0.026563 0.073611
0 0.719922 0.463889 0.035156 0.094444
0 0.790234 0.250694 0.016406 0.065278
0 0.709766 0.161111 0.013281 0.052778
0 0.648047 0.122222 0.011719 0.038889
0 0.553516 0.139583 0.008594 0.037500
0 0.511328 0.109028 0.010156 0.037500
2 0.519141 0.196528 0.011719 0.045833
3 0.515106 0.149231 0.015625 0.027778