2 0.766500 0.256218 0.016212 0.067010
0 0.867714 0.178004 0.008938 0.046391
0 0.824749 0.180925 0.009437 0.047406
0 0.853650 0.246983 0.018443 0.057556
1 0.020090 0.911844 0.015772 0.050425
0 0.933785 0.231588 0.017521 0.055152
2 0.959045 0.156331 0.008131 0.026767
0 0.864375 0.260649 0.015170 0.076531
0 0.738002 0.179314 0.017321 0.043932
2 0.862966 0.261257 0.014445 0.072865
0 0.756141 0.188253 0.014318 0.046650
1 0.651083 0.179905 0.010669 0.057516
3 0.171113 0.262875 0.015625 0.027778
0 0.157422 0.239583 0.019531 0.051389
0 0.770703 0.180556 0.017969 0.044444
0 0.656250 0.183333 0.017187 0.058333
0 0.591016 0.189583 0.010156 0.048611