0 0.534197 0.194641 0.015288 0.055262
0 0.592037 0.184752 0.012964 0.051336
0 0.414534 0.225257 0.015484 0.055799
0 0.803163 0.211358 0.012567 0.062297
2 0.616419 0.282650 0.018739 0.077374
1 0.517745 0.143274 0.010947 0.048364
0 0.509020 0.223765 0.010038 0.064219
0 0.677917 0.225184 0.017058 0.061449
0 0.602090 0.169359 0.011098 0.051509
2 0.855464 0.109721 0.010566 0.040284
0 0.706442 0.170517 0.010792 0.046974
0 0.361019 0.917112 0.007096 0.027979
0 0.536949 0.430238 0.020279 0.099243
1 0.545570 0.171803 0.010429 0.050810
0 0.770137 0.238650 0.016476 0.071720
0 0.120705 0.706705 0.012967 0.043814
0 0.827950 0.230460 0.013804 0.060662
0 0.515433 0.430233 0.022764 0.101255
0 0.446560 0.333871 0.016542 0.068960
0 0.571180 0.219702 0.011838 0.062960
1 0.014413 0.798058 0.015785 0.049135
0 0.511313 0.432253 0.028058 0.107253
0 0.299492 0.283692 0.016025 0.037390
0 0.545565 0.171401 0.010960 0.050468
0 0.367117 0.218240 0.013125 0.037168
0 0.306079 0.303235 0.020353 0.051771