0 0.603455 0.244636 0.012786 0.067347
2 0.555755 0.272453 0.021473 0.071693
0 0.551629 0.184784 0.013434 0.053729
2 0.857639 0.106587 0.010947 0.038081
0 0.519098 0.196780 0.012674 0.055177
0 0.842682 0.186011 0.011017 0.050135
0 0.753164 0.232840 0.016303 0.067204
1 0.509961 0.134939 0.008632 0.046575
0 0.500392 0.257559 0.023215 0.053765
0 0.370599 0.368783 0.020643 0.093429
0 0.686114 0.158374 0.010741 0.048669
0 0.358853 0.246153 0.021927 0.064145
0 0.768777 0.161624 0.012213 0.051428
1 0.471774 0.207677 0.016756 0.056275
0 0.627454 0.212808 0.012267 0.058237
0 0.282103 0.316464 0.013299 0.054224
0 0.403313 0.243268 0.017597 0.065656
0 0.187759 0.304376 0.015436 0.062787
0 0.422516 0.307310 0.016291 0.062934
1 0.394899 0.325503 0.013988 0.056851
0 0.471925 0.207580 0.017333 0.056013
0 0.422269 0.299957 0.015011 0.046962
0 0.395121 0.325737 0.013589 0.057615
0 0.898438 0.707639 0.043750 0.120833