0 0.482813 0.166667 0.009375 0.050000
0 0.709766 0.415972 0.017969 0.104167
0 0.957422 0.217361 0.024219 0.073611
0 0.682031 0.190278 0.009375 0.055556
0 0.631250 0.120139 0.009375 0.040278
0 0.563672 0.123611 0.008594 0.044444
0 0.492969 0.225694 0.010937 0.056944
0 0.428125 0.234028 0.020312 0.065278
0 0.401172 0.181944 0.011719 0.058333
0 0.338672 0.192361 0.014844 0.068056
0 0.337891 0.190972 0.016406 0.068056
0 0.357812 0.159722 0.010938 0.047222
0 0.436719 0.159722 0.010937 0.047222
0 0.416406 0.159028 0.009375 0.048611
0 0.457422 0.133333 0.010156 0.044444
1 0.471484 0.108333 0.008594 0.038889
2 0.561719 0.205556 0.010938 0.052778
2 0.750391 0.069444 0.010156 0.033333
0 0.656250 0.133333 0.007813 0.041667