2 0.593771 0.240815 0.014839 0.064922
1 0.555288 0.185080 0.011285 0.052263
0 0.668618 0.172506 0.019898 0.052490
0 0.685311 0.246510 0.015002 0.063296
0 0.865855 0.215818 0.015045 0.064655
0 0.629893 0.217192 0.013667 0.058281
0 0.720497 0.179351 0.010822 0.048977
0 0.616779 0.310986 0.021485 0.078261
0 0.731951 0.181458 0.009427 0.042407
0 0.817705 0.194166 0.012378 0.054943
0 0.622394 0.168682 0.013072 0.049493
2 0.844238 0.128336 0.006297 0.022364
0 0.761281 0.184617 0.010790 0.049473
0 0.581692 0.166231 0.010250 0.047107
0 0.653391 0.158737 0.018048 0.041089
0 0.712505 0.213689 0.015229 0.056405
0 0.555336 0.185606 0.010975 0.054370
3 0.147193 0.238672 0.015625 0.027778
0 0.141797 0.225000 0.011719 0.036111
0 0.509375 0.165972 0.007813 0.043056
1 0.579688 0.157639 0.012500 0.051389
0 0.763281 0.206250 0.010938 0.087500