0 0.362240 0.385648 0.005729 0.028704
0 0.384635 0.384722 0.005729 0.026852
0 0.400000 0.396296 0.007292 0.035185
0 0.452604 0.499537 0.009375 0.058333
2 0.370573 0.384722 0.004687 0.028704
2 0.448437 0.356019 0.007292 0.019444
1 0.415104 0.435185 0.010417 0.042593
0 0.512760 0.815278 0.027604 0.126852
0 0.549219 0.400000 0.006771 0.031481
0 0.672396 0.464815 0.010417 0.048148
0 0.687240 0.481481 0.008854 0.050000
0 0.790365 0.466667 0.014062 0.051852
0 0.812500 0.459259 0.012500 0.050000
0 0.858854 0.401852 0.009375 0.029630
0 0.885677 0.418056 0.009896 0.037963
0 0.802604 0.785185 0.023958 0.114815
0 0.975260 0.900463 0.032813 0.102778