0 0.455469 0.448611 0.015104 0.047222
2 0.497917 0.345370 0.007292 0.042593
2 0.660417 0.846759 0.028125 0.091667
0 0.354427 0.437037 0.013021 0.011111
0 0.351042 0.415278 0.010417 0.049074
0 0.377865 0.397685 0.005729 0.032407
0 0.404427 0.407870 0.007813 0.025000
0 0.430469 0.423148 0.007813 0.037037
0 0.458854 0.521296 0.012500 0.062963
0 0.508854 0.431019 0.008333 0.037963
0 0.490365 0.425000 0.007813 0.037037
0 0.519792 0.405093 0.006250 0.034259
0 0.448698 0.402778 0.006771 0.025926
0 0.429948 0.407870 0.008854 0.060185
0 0.464323 0.407407 0.011979 0.038889
0 0.475781 0.405093 0.007813 0.045370
0 0.360156 0.409722 0.011979 0.036111
1 0.211458 0.393519 0.006250 0.029630