0 0.486402 0.378035 0.008772 0.030055
0 0.394552 0.398207 0.009651 0.038583
0 0.578371 0.407962 0.011722 0.039075
0 0.375989 0.483260 0.016633 0.061069
0 0.388519 0.374684 0.006612 0.030587
0 0.804522 0.433871 0.009999 0.052543
0 0.820547 0.488539 0.014319 0.066302
0 0.614072 0.371856 0.006459 0.027931
0 0.628991 0.374408 0.005788 0.026565
0 0.512527 0.384115 0.008875 0.029485
0 0.421130 0.385862 0.007653 0.032232
0 0.051530 0.412289 0.014961 0.042450
0 0.634854 0.365088 0.005389 0.026109
0 0.665582 0.383630 0.007834 0.031249
0 0.583415 0.377711 0.007597 0.031413
0 0.576632 0.372888 0.007052 0.024120
0 0.557861 0.373140 0.006019 0.018680
0 0.592097 0.366791 0.007355 0.024793
0 0.527434 0.369380 0.007896 0.029455
0 0.544163 0.367302 0.005683 0.028016
0 0.594668 0.368924 0.004825 0.020772
0 0.558010 0.370187 0.006520 0.023973