0 0.620332 0.387841 0.008407 0.034615
0 0.177975 0.421887 0.010001 0.044245
0 0.317074 0.387509 0.008205 0.036287
0 0.207684 0.428512 0.010096 0.044436
0 0.413815 0.397944 0.008928 0.037631
0 0.058855 0.401834 0.012718 0.040335
0 0.597109 0.604505 0.019602 0.095823
0 0.763217 0.452217 0.011405 0.058184
0 0.545203 0.432773 0.010057 0.034587
0 0.242276 0.411036 0.009978 0.046210
0 0.483258 0.687128 0.024998 0.121173
0 0.147211 0.477138 0.014820 0.062955
0 0.396331 0.382926 0.006942 0.031660
0 0.224888 0.413667 0.010052 0.044782
0 0.138517 0.492084 0.012985 0.066845
0 0.283034 0.706083 0.034884 0.135484
0 0.033612 0.381787 0.009493 0.044406
2 0.224891 0.414009 0.010363 0.045779
0 0.489890 0.728383 0.009159 0.047302
0 0.136882 0.485033 0.009964 0.053261