0 0.470671 0.459377 0.011201 0.050803
0 0.374336 0.387733 0.009253 0.034151
0 0.230575 0.451074 0.016788 0.051482
0 0.711645 0.412189 0.008534 0.043392
0 0.112032 0.393440 0.015100 0.035873
0 0.051798 0.551432 0.018356 0.081525
0 0.566152 0.403551 0.006742 0.036669
0 0.422677 0.427509 0.011213 0.047880
0 0.289080 0.431465 0.010835 0.043370
0 0.563490 0.375434 0.004846 0.015456
0 0.472031 0.380410 0.008162 0.031535
0 0.587961 0.381603 0.006491 0.032341
0 0.577574 0.382384 0.004785 0.023607
0 0.494476 0.372781 0.005038 0.015901
0 0.767636 0.453277 0.013361 0.056386
0 0.325530 0.416623 0.011927 0.039704
0 0.437535 0.393900 0.007734 0.029568
0 0.456144 0.372619 0.010910 0.026660
0 0.425231 0.379430 0.006511 0.027777
0 0.520588 0.388982 0.009366 0.029369
2 0.514623 0.400471 0.012628 0.036673
0 0.518894 0.385371 0.006719 0.023905