0 0.164175 0.472712 0.015198 0.062109
0 0.461184 0.392483 0.009078 0.037492
0 0.383258 0.390666 0.008739 0.041450
0 0.469417 0.392764 0.006956 0.035831
0 0.412534 0.396539 0.007950 0.035051
0 0.517710 0.376791 0.008603 0.024632
0 0.548999 0.383607 0.004627 0.019186
0 0.555446 0.372236 0.005723 0.029421
0 0.523296 0.372329 0.006367 0.027853
0 0.398480 0.376260 0.006772 0.024734
0 0.484742 0.403926 0.008341 0.036294
0 0.491899 0.401695 0.007489 0.035943
0 0.487943 0.383905 0.009286 0.038655
0 0.549150 0.379309 0.004868 0.026056
0 0.401980 0.394839 0.006583 0.033985
0 0.400276 0.395488 0.008479 0.034629