0 0.635121 0.469229 0.013848 0.062620
0 0.722519 0.405600 0.011402 0.039153
0 0.617328 0.402712 0.010839 0.044152
0 0.738345 0.422435 0.009154 0.048876
0 0.773451 0.407296 0.010809 0.043398
0 0.631948 0.400731 0.009932 0.040674
0 0.495228 0.448150 0.011304 0.052702
0 0.450472 0.380054 0.007478 0.033013
0 0.555565 0.364208 0.005911 0.025090
0 0.397383 0.371805 0.006649 0.030909
0 0.562418 0.382011 0.008615 0.034644
0 0.418020 0.407626 0.010942 0.026352
0 0.478582 0.384911 0.008070 0.035302
0 0.399869 0.392596 0.008033 0.034788
0 0.591659 0.354941 0.005858 0.023417
0 0.622722 0.376838 0.005000 0.024852
0 0.467689 0.373950 0.008875 0.030858
2 0.587410 0.379417 0.007108 0.034177
0 0.499261 0.386033 0.008203 0.039647
0 0.496900 0.369063 0.007166 0.025099
0 0.497217 0.373870 0.007613 0.033810