0 0.578642 0.409765 0.006999 0.041811
0 0.455423 0.428771 0.010253 0.044451
0 0.482782 0.387013 0.008140 0.042446
0 0.517816 0.402695 0.008289 0.040198
0 0.605334 0.375431 0.008847 0.032307
0 0.380169 0.380073 0.007822 0.034026
0 0.318956 0.414213 0.007950 0.044854
2 0.971938 0.508406 0.015248 0.069404
0 0.509457 0.393393 0.007738 0.039256
0 0.432927 0.386766 0.009101 0.047180
0 0.415491 0.393688 0.009057 0.039308
0 0.455343 0.396671 0.009316 0.040948
0 0.455115 0.387170 0.009441 0.045009
0 0.423266 0.373347 0.007083 0.028635
0 0.454745 0.378482 0.007640 0.027812
0 0.549258 0.419222 0.010471 0.044880