0 0.226912 0.385021 0.009218 0.030851
0 0.137866 0.445777 0.014813 0.049891
0 0.317664 0.414297 0.015269 0.049319
0 0.529658 0.459732 0.011259 0.057885
0 0.435078 0.423411 0.008245 0.046414
0 0.122446 0.461341 0.018185 0.056794
0 0.391697 0.408041 0.013533 0.040826
0 0.409669 0.384345 0.005981 0.039138
0 0.468936 0.375644 0.006579 0.031601
0 0.375144 0.363652 0.008003 0.027332
0 0.147311 0.387896 0.011567 0.030100
0 0.638862 0.434637 0.014526 0.050350
0 0.295171 0.421248 0.006059 0.034778
0 0.301062 0.430528 0.010521 0.045064
0 0.599868 0.381788 0.007849 0.036052