0 0.716471 0.502483 0.017408 0.070796
0 0.442923 0.438094 0.011500 0.053073
0 0.577536 0.448416 0.012292 0.054839
0 0.511068 0.400955 0.012100 0.039223
0 0.101214 0.592176 0.023137 0.102110
0 0.659454 0.420462 0.010375 0.046750
0 0.737019 0.588246 0.022767 0.094285
0 0.435697 0.406916 0.006381 0.040390
0 0.568061 0.413989 0.008231 0.038408
0 0.416498 0.429193 0.011533 0.053247
0 0.510303 0.486067 0.013195 0.061321
0 0.495130 0.418278 0.008854 0.043666
0 0.454470 0.417757 0.011525 0.041507
0 0.450848 0.400801 0.006581 0.025322