0 0.370939 0.465857 0.011368 0.057939
0 0.863017 0.453721 0.011411 0.060402
0 0.666971 0.438455 0.013095 0.049832
0 0.306256 0.390321 0.009389 0.036717
0 0.447785 0.376501 0.007494 0.029666
0 0.720485 0.447700 0.012597 0.054138
0 0.609783 0.372573 0.007932 0.029965
0 0.541647 0.379817 0.008353 0.034967
0 0.740796 0.441641 0.009987 0.032052
2 0.720188 0.447406 0.012840 0.054498
0 0.762715 0.388398 0.007867 0.033428
0 0.454094 0.378408 0.006238 0.024665
0 0.474697 0.478446 0.015803 0.034818
0 0.444605 0.404066 0.006610 0.035591