0 0.411571 0.467148 0.012621 0.056367
0 0.287857 0.449710 0.012714 0.051469
0 0.109076 0.483037 0.015569 0.065685
0 0.676854 0.417489 0.009348 0.041266
0 0.633540 0.389929 0.007840 0.021512
0 0.749886 0.453150 0.009714 0.054289
0 0.190275 0.392396 0.009528 0.035211
0 0.399564 0.388466 0.009041 0.037621
0 0.516446 0.388101 0.007060 0.029175
0 0.509493 0.373701 0.006960 0.033065
0 0.538978 0.372917 0.006179 0.026563
0 0.555774 0.378956 0.007163 0.031980
0 0.595775 0.400215 0.007200 0.026041
0 0.706109 0.399457 0.009835 0.027263
2 0.507470 0.409208 0.007264 0.042450
0 0.362118 0.404895 0.010321 0.035102
0 0.494725 0.379233 0.005728 0.029923
0 0.507738 0.407765 0.006968 0.040532
0 0.003772 0.459070 0.007466 0.052967