0 0.604189 0.400259 0.008881 0.040091
0 0.559447 0.454147 0.015736 0.049752
0 0.330569 0.417752 0.010951 0.047070
0 0.572885 0.417035 0.011554 0.043491
0 0.373215 0.489954 0.016312 0.063014
0 0.698362 0.417809 0.009438 0.045415
0 0.197084 0.539348 0.011242 0.076331
0 0.392072 0.379259 0.007355 0.028464
0 0.304767 0.421149 0.010567 0.047350
0 0.791443 0.558060 0.025270 0.090023
0 0.386734 0.446333 0.009905 0.055557
0 0.712454 0.431446 0.012526 0.044118
0 0.683403 0.600393 0.017838 0.098789
0 0.204563 0.461145 0.010266 0.056677
0 0.439281 0.456205 0.009209 0.059245
0 0.616322 0.454501 0.013282 0.057998
0 0.701549 0.455084 0.010805 0.053939
0 0.452001 0.422606 0.011571 0.046292
0 0.330150 0.388255 0.007277 0.029550
0 0.449419 0.420619 0.009705 0.044602
2 0.439341 0.456269 0.009233 0.059605