0 0.499839 0.582489 0.016765 0.092269
0 0.381911 0.443321 0.011745 0.056182
0 0.783033 0.455312 0.011654 0.054556
0 0.838130 0.497927 0.013531 0.072177
0 0.475078 0.611611 0.024254 0.103208
0 0.621425 0.405312 0.006728 0.041527
0 0.581695 0.398124 0.008329 0.034884
0 0.407177 0.393832 0.006624 0.038686
0 0.233810 0.438589 0.010706 0.050153
0 0.042394 0.542652 0.017016 0.077535
0 0.780662 0.408685 0.008680 0.044116
0 0.294419 0.616403 0.023724 0.101884
0 0.451387 0.462404 0.012913 0.055954
0 0.722928 0.418071 0.009575 0.050461
0 0.511288 0.395231 0.007858 0.031991
0 0.472727 0.374009 0.004673 0.021223
0 0.545219 0.470321 0.018258 0.058559
0 0.275945 0.408057 0.007351 0.037745
0 0.501261 0.480837 0.011465 0.043588
0 0.141686 0.449837 0.014994 0.055231
0 0.431505 0.470696 0.013294 0.050442
0 0.281306 0.425421 0.008454 0.050047
0 0.514259 0.369871 0.005834 0.024978
0 0.582674 0.363935 0.006933 0.028319
0 0.139260 0.446091 0.010952 0.046494