0 0.540900 0.402518 0.010448 0.037913
0 0.824127 0.506194 0.016336 0.069090
0 0.521689 0.479346 0.014403 0.062161
0 0.741215 0.388450 0.008572 0.036536
0 0.785276 0.404910 0.009221 0.039420
0 0.645985 0.411610 0.008266 0.040798
0 0.709295 0.399953 0.011167 0.040122
0 0.361978 0.412148 0.010718 0.044395
0 0.189731 0.392168 0.007287 0.042172
0 0.473640 0.408006 0.010576 0.045085
0 0.288152 0.486438 0.010639 0.063496
0 0.587919 0.393715 0.007030 0.037258
0 0.655322 0.394122 0.006637 0.036242
0 0.465025 0.382495 0.006956 0.030080
0 0.597905 0.374484 0.005818 0.027129
0 0.808195 0.406831 0.008637 0.043129
0 0.666378 0.373468 0.007505 0.027207
0 0.542153 0.365475 0.005925 0.023213
0 0.439929 0.372397 0.006905 0.021177
0 0.676168 0.405186 0.014006 0.042480
2 0.676215 0.405217 0.013772 0.042167