0 0.424096 0.392157 0.008233 0.042563
0 0.300640 0.445211 0.013271 0.053185
0 0.276720 0.401449 0.013325 0.041537
0 0.447282 0.395414 0.009255 0.040078
0 0.403908 0.352665 0.005558 0.025471
0 0.496509 0.388962 0.008060 0.034083
0 0.546551 0.375516 0.006309 0.023844
0 0.391024 0.365589 0.006021 0.027069
0 0.554617 0.371888 0.005779 0.029760
0 0.507479 0.387194 0.006440 0.033286
0 0.528160 0.377117 0.007306 0.031995
2 0.395798 0.381566 0.006552 0.042095
0 0.395782 0.381793 0.006472 0.040093
0 0.539058 0.374817 0.006042 0.027573
0 0.495503 0.376317 0.005822 0.020324
0 0.517869 0.378023 0.006472 0.030288
2 0.934757 0.434107 0.009890 0.047481
0 0.392069 0.363085 0.006137 0.020770