0 0.458685 0.407676 0.007730 0.037550
0 0.470924 0.407794 0.006866 0.034975
0 0.290635 0.407776 0.009894 0.039241
0 0.561927 0.390411 0.010001 0.038636
0 0.410713 0.433655 0.013560 0.047617
0 0.550286 0.374611 0.007331 0.032620
0 0.573785 0.405496 0.008087 0.037356
0 0.853373 0.433887 0.009502 0.050849
0 0.392350 0.396095 0.010154 0.029728
0 0.469739 0.376514 0.007605 0.034219
0 0.438770 0.385758 0.006462 0.031431
2 0.534542 0.396078 0.007364 0.044719
0 0.484352 0.382307 0.011483 0.038987
0 0.532882 0.355470 0.004909 0.026451
0 0.476814 0.381588 0.007796 0.036506
0 0.427213 0.368031 0.009627 0.026585
0 0.371730 0.368495 0.005735 0.040390
2 0.597536 0.347919 0.008732 0.022637
0 0.426762 0.385214 0.007986 0.033642