0 0.315256 0.448206 0.011383 0.052176
0 0.424387 0.521462 0.016751 0.081189
0 0.118745 0.477812 0.016514 0.062039
0 0.175876 0.510639 0.014341 0.071065
0 0.220890 0.509088 0.016486 0.073921
0 0.382245 0.433512 0.013102 0.049613
0 0.480011 0.434885 0.009283 0.050012
0 0.545091 0.414876 0.008422 0.042560
0 0.167326 0.432707 0.012565 0.051655
0 0.669391 0.450350 0.011271 0.059356
0 0.184741 0.449158 0.016003 0.053654
0 0.241469 0.387163 0.006035 0.031494
0 0.590354 0.394421 0.009190 0.035384
0 0.382950 0.395859 0.007668 0.036710
0 0.343072 0.415768 0.010741 0.048935
0 0.845698 0.403840 0.012923 0.044436
2 0.328613 0.428319 0.010115 0.046257
0 0.316924 0.366356 0.008447 0.025246
0 0.328300 0.428211 0.010427 0.046546
2 0.342973 0.416427 0.011056 0.049335
0 0.426885 0.945845 0.030455 0.108311