0 0.230811 0.422090 0.011896 0.048288
0 0.401046 0.460667 0.011328 0.055615
0 0.530729 0.375123 0.008561 0.033303
0 0.600954 0.383067 0.007306 0.033199
0 0.136516 0.411286 0.009591 0.044236
0 0.242769 0.412527 0.009447 0.040033
0 0.453880 0.367365 0.005932 0.027288
0 0.477095 0.364753 0.007330 0.032555
0 0.435328 0.368074 0.008673 0.030201
0 0.553978 0.381117 0.006213 0.029927
0 0.570825 0.371673 0.005533 0.027058
0 0.583813 0.388363 0.007712 0.034550
0 0.517993 0.378507 0.009261 0.036004
0 0.463315 0.359449 0.005490 0.023625
0 0.535989 0.355991 0.007157 0.023950
0 0.560709 0.369568 0.005977 0.024111
0 0.428336 0.362364 0.008138 0.021868
2 0.037721 0.385151 0.006341 0.024349
0 0.329807 0.369640 0.004227 0.017285