0 0.230525 0.456998 0.016634 0.055895
0 0.495813 0.499099 0.012239 0.064124
0 0.344533 0.408588 0.009652 0.041622
0 0.726973 0.411702 0.011852 0.045075
0 0.251350 0.408791 0.010052 0.042913
0 0.704718 0.379288 0.007655 0.039073
0 0.268727 0.385420 0.008560 0.033022
0 0.526983 0.372390 0.005406 0.025744
0 0.434496 0.376234 0.009321 0.026522
0 0.498897 0.368659 0.005985 0.026844
0 0.417728 0.371681 0.009520 0.026631
0 0.557792 0.421630 0.011501 0.045850
0 0.660608 0.370494 0.005844 0.028250
0 0.668332 0.362433 0.005938 0.026520
0 0.479540 0.373496 0.007098 0.029424
0 0.825554 0.381797 0.008601 0.036085
0 0.407483 0.375121 0.004431 0.014932
0 0.395695 0.363444 0.007239 0.029164
0 0.275490 0.374308 0.006905 0.025100
2 0.693122 0.338113 0.005832 0.034043
0 0.547011 0.355309 0.005502 0.023511