0 0.157807 0.424208 0.015413 0.046318
0 0.063721 0.459496 0.014513 0.062252
0 0.284720 0.410670 0.008713 0.045524
0 0.135219 0.455578 0.014583 0.054836
0 0.107724 0.431181 0.013480 0.048969
0 0.495635 0.524081 0.012196 0.054093
0 0.176370 0.463372 0.012102 0.061392
0 0.542335 0.446445 0.015528 0.054233
0 0.364568 0.402424 0.012473 0.042276
0 0.244691 0.415233 0.012546 0.038623
0 0.239546 0.434415 0.012511 0.050711
0 0.309347 0.417045 0.008299 0.035224
0 0.444348 0.396946 0.010029 0.037983
0 0.495168 0.558538 0.009285 0.024483
0 0.182125 0.461081 0.013231 0.061060
0 0.179457 0.462281 0.015344 0.061960
0 0.183687 0.462795 0.009748 0.056765
0 0.309470 0.425195 0.007732 0.049861