0 0.180385 0.527352 0.017733 0.070952
0 0.589756 0.524930 0.018793 0.077568
0 0.295438 0.394575 0.008134 0.038316
0 0.105781 0.454998 0.012817 0.056414
0 0.221932 0.389790 0.009144 0.034115
0 0.781830 0.399810 0.013774 0.036396
0 0.470646 0.386017 0.009674 0.032134
0 0.565597 0.410517 0.011480 0.041628
0 0.550362 0.441523 0.017025 0.057639
0 0.335632 0.496407 0.026117 0.065158
0 0.401289 0.375209 0.006369 0.027609
0 0.783913 0.509579 0.020211 0.066279
0 0.373350 0.424135 0.012456 0.045372
0 0.618569 0.440008 0.016477 0.043120
0 0.428113 0.393737 0.006574 0.029136
0 0.430751 0.431643 0.010167 0.054630
0 0.550346 0.450055 0.015996 0.041904
0 0.526762 0.413144 0.008257 0.027666
0 0.770131 0.503732 0.016784 0.055699
0 0.531643 0.403682 0.005604 0.024111
0 0.645202 0.459765 0.012921 0.042803
0 0.646388 0.450527 0.010765 0.025263