0 0.540945 0.381308 0.010468 0.036171
0 0.298433 0.401798 0.008126 0.039443
0 0.243949 0.433999 0.011285 0.052832
0 0.233953 0.454536 0.013668 0.056719
0 0.506309 0.402199 0.012344 0.038590
0 0.269975 0.384543 0.006482 0.030914
0 0.730168 0.404941 0.008052 0.040556
0 0.624884 0.394225 0.013071 0.035717
0 0.583717 0.383073 0.008389 0.035550
0 0.255386 0.382661 0.006664 0.028095
0 0.584127 0.463611 0.013398 0.057122
0 0.777738 0.425237 0.009054 0.046121
0 0.514068 0.369369 0.007827 0.024525
0 0.557137 0.384385 0.008941 0.033722
0 0.765311 0.382840 0.008982 0.030830
0 0.686103 0.401470 0.010280 0.040779
0 0.678691 0.385153 0.006205 0.034532
0 0.476313 0.385110 0.012886 0.036248
2 0.476644 0.385205 0.012685 0.035543
0 0.473066 0.383829 0.007078 0.033716
2 0.237620 0.368256 0.006282 0.025406