0 0.351173 0.424841 0.013481 0.049530
0 0.288072 0.390158 0.010314 0.035912
0 0.540597 0.401228 0.007432 0.038612
0 0.647288 0.413180 0.008226 0.045281
0 0.460218 0.375430 0.008458 0.024723
0 0.741543 0.402343 0.007531 0.031517
0 0.567682 0.360755 0.007287 0.025904
0 0.716110 0.465518 0.013860 0.055474
0 0.672377 0.376307 0.005751 0.026395
0 0.665656 0.377079 0.007298 0.029606
0 0.695430 0.489732 0.012324 0.062832
0 0.583591 0.381330 0.007868 0.039561
0 0.518240 0.364474 0.005983 0.023034
0 0.494154 0.369383 0.007216 0.029503
0 0.501470 0.370283 0.006703 0.031286
0 0.744829 0.379271 0.007167 0.033422
0 0.688455 0.381135 0.012529 0.033727
0 0.696334 0.479955 0.010988 0.043635