0 0.529189 0.487141 0.020223 0.057980
0 0.243681 0.407822 0.011898 0.032636
0 0.297773 0.463667 0.024765 0.053779
0 0.514807 0.378244 0.011848 0.029396
0 0.282559 0.409611 0.011108 0.039760
0 0.794751 0.420436 0.010966 0.042534
0 0.755561 0.393584 0.011718 0.035524
0 0.489809 0.385339 0.007817 0.033187
0 0.418420 0.379650 0.008291 0.026502
0 0.287386 0.388136 0.012790 0.027180
0 0.817362 0.382820 0.008208 0.032070
0 0.643129 0.380094 0.010236 0.028426
0 0.305869 0.383656 0.008950 0.026309
0 0.636710 0.389744 0.008102 0.031759
0 0.815993 0.423868 0.012840 0.038852
0 0.522658 0.363443 0.005075 0.021476
0 0.549434 0.361111 0.008479 0.027766