0 0.311565 0.512207 0.017919 0.072000
0 0.239007 0.427396 0.011831 0.049579
0 0.125766 0.419295 0.013291 0.048490
0 0.178807 0.396259 0.011076 0.034136
0 0.192739 0.390587 0.007108 0.035400
0 0.301019 0.440408 0.012856 0.049729
0 0.368508 0.515555 0.013741 0.070752
0 0.476058 0.384018 0.011036 0.030992
0 0.145833 0.416831 0.010322 0.048832
0 0.059911 0.466029 0.015376 0.061599
0 0.427927 0.391727 0.010417 0.032962
0 0.086848 0.453364 0.011995 0.056013
0 0.384332 0.433515 0.009382 0.044956
0 0.541128 0.376706 0.006956 0.026493
0 0.630047 0.393691 0.007305 0.038516
0 0.762862 0.388960 0.007125 0.035127
0 0.598506 0.397093 0.012910 0.036798
0 0.552860 0.375531 0.006547 0.027106
0 0.384274 0.400314 0.007296 0.035939