0 0.793789 0.504289 0.012810 0.068937
0 0.516222 0.406743 0.010164 0.039107
0 0.224424 0.508734 0.015888 0.071950
0 0.669791 0.400117 0.009538 0.039938
0 0.407119 0.416154 0.015238 0.048842
0 0.175103 0.618046 0.017085 0.094624
0 0.709359 0.395546 0.008588 0.040640
0 0.367056 0.400446 0.014587 0.040262
0 0.693354 0.446746 0.011364 0.039826
0 0.253008 0.448395 0.012172 0.054219
0 0.551929 0.392121 0.008133 0.040064
0 0.245147 0.407154 0.011853 0.039574
0 0.727611 0.416920 0.009483 0.043655
0 0.582862 0.378380 0.007608 0.030357
0 0.322518 0.377928 0.006551 0.028929
0 0.485860 0.372857 0.004642 0.022900
0 0.242258 0.467910 0.012849 0.058457
0 0.536821 0.391897 0.008216 0.039220
2 0.536893 0.392063 0.008471 0.039697
0 0.397910 0.375340 0.003819 0.011779
0 0.241147 0.462974 0.010300 0.051104