0 0.372135 0.422054 0.011013 0.048241
0 0.488773 0.441057 0.012498 0.049105
0 0.600933 0.413876 0.007095 0.044997
0 0.491711 0.655079 0.032176 0.115477
0 0.479796 0.380713 0.007080 0.028790
0 0.194351 0.571876 0.024671 0.087493
0 0.307470 0.463054 0.012080 0.064278
0 0.935158 0.412531 0.012625 0.046074
0 0.220255 0.419758 0.008436 0.046663
0 0.423606 0.432399 0.013838 0.046160
0 0.522905 0.449349 0.011950 0.057061
0 0.245910 0.400913 0.006661 0.041909
0 0.396054 0.400972 0.007808 0.022734
0 0.177281 0.455773 0.014886 0.058900
0 0.231601 0.582416 0.021111 0.092861
0 0.297989 0.456451 0.010420 0.053591
0 0.229457 0.443872 0.011956 0.051401
0 0.017367 0.828910 0.034734 0.160501
0 0.506350 0.449721 0.012232 0.055672
0 0.322954 0.365559 0.006210 0.025290
2 0.506082 0.449269 0.011938 0.056283
0 0.230792 0.564382 0.019015 0.056289
2 0.229599 0.443440 0.011387 0.051011