0 0.529049 0.394527 0.007886 0.036854
0 0.572787 0.375585 0.007420 0.029271
0 0.555391 0.388982 0.006698 0.030582
0 0.540323 0.381473 0.007282 0.033641
0 0.487166 0.384103 0.005774 0.036184
0 0.369456 0.420871 0.009856 0.045015
0 0.729288 0.421421 0.010310 0.038226
0 0.606758 0.396578 0.007586 0.037368
0 0.679250 0.412049 0.008734 0.037984
0 0.446174 0.463679 0.013898 0.057076
0 0.377981 0.403127 0.008181 0.040484
0 0.792386 0.436104 0.010650 0.044188
0 0.469103 0.378918 0.007241 0.031070
0 0.500600 0.379807 0.005656 0.028780
0 0.403914 0.383557 0.005765 0.029746
0 0.445919 0.455748 0.013187 0.041058
0 0.797850 0.433089 0.007495 0.043169
0 0.459433 0.376358 0.005513 0.027773
0 0.451828 0.376152 0.005676 0.029254
0 0.443820 0.375784 0.009787 0.033145
0 0.441007 0.374637 0.006652 0.032311
0 0.403709 0.404235 0.006061 0.023860
2 0.916544 0.449313 0.011530 0.048428
0 0.796209 0.435241 0.008085 0.045895
0 0.883130 0.520316 0.013759 0.053980