0 0.160514 0.415728 0.009307 0.045684
0 0.335325 0.414637 0.007124 0.042165
0 0.422758 0.392443 0.008540 0.039174
0 0.283595 0.512208 0.017337 0.069666
0 0.090554 0.464733 0.011735 0.061130
0 0.623619 0.392908 0.007136 0.038983
0 0.438921 0.376068 0.005407 0.027828
0 0.749425 0.511473 0.013431 0.070770
0 0.232281 0.497870 0.020092 0.046929
0 0.186251 0.410096 0.009373 0.040545
0 0.579366 0.377417 0.005990 0.029325
0 0.222174 0.384069 0.007678 0.028226
0 0.584442 0.372813 0.005792 0.028665
0 0.739259 0.505657 0.012972 0.070899
0 0.573435 0.424375 0.010553 0.044348
0 0.762881 0.387162 0.012216 0.036653
0 0.406658 0.424175 0.010538 0.045410
0 0.568130 0.405508 0.009027 0.036523
0 0.314277 0.374267 0.007270 0.026569
0 0.366928 0.450381 0.018682 0.022037
0 0.742070 0.507783 0.015137 0.071619