0 0.673383 0.406120 0.009186 0.043572
0 0.856760 0.489760 0.021496 0.072427
0 0.500134 0.482076 0.013339 0.062800
0 0.234710 0.518913 0.021591 0.070606
0 0.312171 0.393266 0.009894 0.038964
0 0.252647 0.432207 0.009012 0.048826
0 0.546742 0.395272 0.008493 0.036427
0 0.771144 0.422465 0.008612 0.047799
0 0.762852 0.434092 0.010368 0.045153
0 0.715066 0.378986 0.006972 0.028407
0 0.037362 0.402918 0.010973 0.045668
0 0.516011 0.396758 0.006712 0.036813
0 0.449680 0.382822 0.006031 0.028837
0 0.594550 0.373350 0.007251 0.027039
3 0.404508 0.401298 0.007011 0.010030
0 0.662844 0.404290 0.008279 0.039387
0 0.510226 0.414887 0.010955 0.045995
0 0.662093 0.380823 0.006606 0.028238
0 0.765604 0.391495 0.006980 0.031426
0 0.822663 0.501921 0.013373 0.069707
2 0.510455 0.414811 0.011246 0.045440