0 0.385577 0.501675 0.013747 0.067461
0 0.306561 0.441641 0.012403 0.051201
0 0.323473 0.406207 0.011036 0.043472
2 0.540796 0.460146 0.010692 0.058825
0 0.493642 0.462024 0.012986 0.060910
0 0.427254 0.378616 0.005400 0.028070
0 0.052891 0.448065 0.013243 0.054546
0 0.637814 0.424554 0.009417 0.046046
0 0.482096 0.418098 0.007898 0.044027
0 0.485508 0.391722 0.007838 0.035324
0 0.287665 0.381719 0.008160 0.027761
0 0.207358 0.411959 0.007835 0.045260
0 0.909122 0.517043 0.016361 0.077468
0 0.781093 0.405388 0.008966 0.042993
0 0.848209 0.440563 0.009497 0.052900
0 0.510213 0.368444 0.005792 0.027496
0 0.575660 0.374351 0.006475 0.024594
0 0.540661 0.460436 0.010948 0.059040
2 0.274256 0.364192 0.004962 0.019148