0 0.433028 0.372301 0.006492 0.032596
0 0.471840 0.391289 0.008527 0.037107
0 0.533691 0.390387 0.008568 0.038427
0 0.467350 0.373322 0.006219 0.028680
0 0.292861 0.431951 0.011664 0.048743
0 0.512364 0.404296 0.007674 0.040567
0 0.408399 0.384628 0.006108 0.040763
0 0.524446 0.370115 0.008203 0.031776
0 0.552666 0.372179 0.008167 0.037309
0 0.540535 0.379910 0.006738 0.033134
0 0.500906 0.370995 0.006346 0.019643
0 0.351713 0.357476 0.004904 0.018651
0 0.488337 0.365252 0.006913 0.024646
0 0.499870 0.373193 0.006114 0.017379