0 0.400556 0.454279 0.015205 0.051514
0 0.293549 0.463633 0.019178 0.055239
0 0.193914 0.388931 0.009867 0.032785
0 0.164516 0.467033 0.014810 0.054616
0 0.332215 0.377624 0.006861 0.031410
0 0.071101 0.442353 0.010335 0.052426
0 0.156561 0.442021 0.010533 0.044710
0 0.396303 0.386411 0.007943 0.036542
0 0.505009 0.376260 0.008926 0.028525
0 0.593608 0.458259 0.009114 0.049902
0 0.134162 0.442011 0.014579 0.053791
0 0.578112 0.387834 0.006352 0.030818
2 0.927506 0.459678 0.018601 0.053243
0 0.271216 0.574309 0.014122 0.058915
0 0.151555 0.378315 0.005372 0.027287
2 0.134206 0.442132 0.014717 0.053635
0 0.277552 0.621869 0.019399 0.030455