0 0.012895 0.569187 0.024821 0.091224
0 0.184795 0.426446 0.012392 0.048738
0 0.210250 0.405256 0.012378 0.041634
0 0.393874 0.539680 0.017838 0.081408
0 0.150247 0.404941 0.008560 0.039416
0 0.318211 0.403675 0.009998 0.037382
0 0.051641 0.425842 0.015254 0.046924
0 0.352966 0.373351 0.009155 0.031036
0 0.072509 0.462312 0.021927 0.057667
0 0.613635 0.432442 0.010338 0.047624
0 0.080252 0.401759 0.011805 0.030163
2 0.244598 0.431664 0.014794 0.051357
1 0.581685 0.379473 0.007929 0.031326
0 0.463032 0.393077 0.007119 0.032977
0 0.244633 0.431611 0.014928 0.052038
0 0.619824 0.383640 0.007869 0.029186
0 0.775482 0.410712 0.008882 0.041042