0 0.360145 0.409672 0.007772 0.041823
0 0.586923 0.452046 0.010872 0.056242
0 0.260585 0.456509 0.016865 0.058220
0 0.394845 0.435203 0.015210 0.054018
0 0.483378 0.498533 0.016520 0.060503
0 0.376018 0.441667 0.010857 0.050653
0 0.217546 0.386705 0.009855 0.031021
0 0.516522 0.407263 0.009475 0.039718
0 0.375917 0.382187 0.007037 0.036893
0 0.486252 0.369339 0.004271 0.020459
0 0.586250 0.391384 0.009822 0.038105
0 0.171220 0.599900 0.030268 0.092919
0 0.166546 0.600055 0.020421 0.092824
0 0.384636 0.409471 0.007470 0.041565
2 0.317170 0.375848 0.006200 0.029544
2 0.384390 0.410350 0.008024 0.043061
0 0.317194 0.375903 0.006310 0.029318
0 0.521832 0.375555 0.004913 0.017114