0 0.378415 0.387445 0.008299 0.036818
0 0.358447 0.407309 0.008861 0.042671
0 0.975176 0.534353 0.020530 0.078687
0 0.396389 0.390622 0.009461 0.034971
0 0.418996 0.459865 0.010213 0.059533
0 0.761220 0.408027 0.009642 0.044369
0 0.540857 0.391744 0.007782 0.037152
0 0.492351 0.453792 0.011192 0.054292
0 0.841438 0.455089 0.015410 0.058963
0 0.639456 0.386657 0.007157 0.034894
0 0.731462 0.385862 0.007846 0.032503
0 0.530424 0.388439 0.007563 0.028297
0 0.627162 0.387670 0.010190 0.036069
0 0.130326 0.389837 0.008353 0.037171
0 0.703690 0.383753 0.005372 0.029663
0 0.619983 0.376247 0.006944 0.026684
2 0.665978 0.399073 0.010352 0.040583
0 0.497758 0.371366 0.006284 0.027495
0 0.697906 0.377636 0.006322 0.023321
0 0.664154 0.372006 0.006140 0.022362
0 0.477524 0.371369 0.005452 0.024438