0 0.295964 0.429274 0.009480 0.047344
0 0.133527 0.535048 0.022884 0.082196
0 0.349300 0.428706 0.011002 0.051123
0 0.304298 0.521220 0.014514 0.073613
0 0.792393 0.498699 0.014999 0.067577
0 0.012776 0.470551 0.016886 0.064155
0 0.501453 0.408696 0.008453 0.042859
0 0.673036 0.447765 0.015864 0.055475
0 0.305015 0.385679 0.007494 0.032597
0 0.431408 0.382569 0.007963 0.032724
0 0.103315 0.438797 0.011703 0.050659
0 0.394416 0.385810 0.007345 0.037954
0 0.294855 0.382154 0.006282 0.028541
0 0.605992 0.390347 0.010965 0.044132
0 0.109300 0.425609 0.009504 0.044275
0 0.728358 0.381372 0.007087 0.030198
2 0.450614 0.384772 0.007660 0.035617
0 0.415932 0.364324 0.005862 0.022625
0 0.480872 0.360672 0.005685 0.023291
0 0.473323 0.362327 0.005899 0.023100
0 0.454793 0.366057 0.004621 0.015213
0 0.451073 0.384412 0.007413 0.036106
0 0.106140 0.435705 0.011769 0.051565