0 0.598325 0.416888 0.009854 0.041535
0 0.191486 0.465395 0.011708 0.059069
2 0.565338 0.425220 0.009486 0.047167
0 0.059390 0.427165 0.016552 0.047906
0 0.222053 0.394840 0.010476 0.038355
0 0.548696 0.397911 0.006924 0.040535
0 0.472534 0.379007 0.006986 0.032391
0 0.786077 0.441816 0.010716 0.050375
0 0.111092 0.458990 0.015989 0.062672
0 0.461642 0.379376 0.007057 0.033341
0 0.618306 0.447346 0.008556 0.051866
0 0.616047 0.395777 0.008358 0.036840
2 0.674240 0.440285 0.012315 0.050940
0 0.797432 0.420587 0.009089 0.029309
0 0.575239 0.376400 0.007909 0.031923
0 0.812272 0.419765 0.010380 0.038219
0 0.674707 0.438834 0.010789 0.051279
0 0.905381 0.449076 0.012635 0.052441