0 0.535224 0.484220 0.018869 0.062723
0 0.792525 0.478763 0.017233 0.062744
0 0.672472 0.400623 0.007900 0.041194
0 0.649034 0.519757 0.015291 0.075760
0 0.720840 0.395210 0.008072 0.038504
0 0.619156 0.402801 0.007055 0.034160
0 0.559347 0.433422 0.007824 0.050051
0 0.417043 0.373234 0.007310 0.031017
0 0.613037 0.398977 0.007324 0.037346
0 0.958541 0.551718 0.016467 0.076179
0 0.996363 0.452212 0.007254 0.040001
0 0.379709 0.368191 0.004987 0.041203
0 0.957572 0.569104 0.016199 0.045178
0 0.619627 0.441438 0.017369 0.053819
0 0.711242 0.811770 0.036351 0.136707
0 0.957067 0.575082 0.015473 0.033398