0 0.772026 0.406723 0.006603 0.041991
0 0.434780 0.390035 0.008659 0.035635
0 0.425129 0.387741 0.007853 0.036075
0 0.530849 0.392984 0.008963 0.040004
0 0.442378 0.391407 0.008315 0.033046
0 0.359433 0.373263 0.005738 0.029324
0 0.398570 0.370689 0.008359 0.036036
0 0.859373 0.385765 0.007397 0.033528
0 0.413113 0.389160 0.007147 0.033711
2 0.407275 0.402608 0.009629 0.040525
0 0.512317 0.391127 0.008246 0.043354
0 0.379466 0.376595 0.008443 0.032912
0 0.849010 0.389371 0.006140 0.025300
0 0.407331 0.402874 0.009277 0.038732