0 0.049502 0.494984 0.018799 0.069267
0 0.697448 0.455923 0.014108 0.056204
0 0.468403 0.644741 0.021690 0.102511
0 0.488917 0.406221 0.008880 0.040069
0 0.167522 0.475997 0.014277 0.067585
0 0.282161 0.401204 0.013045 0.039164
0 0.030836 0.605591 0.022658 0.092339
0 0.376668 0.384448 0.009516 0.040987
0 0.570961 0.382481 0.009387 0.033892
0 0.306615 0.427710 0.013064 0.047189
0 0.380604 0.467136 0.021799 0.060466
0 0.613199 0.399160 0.007932 0.037585
0 0.347477 0.363888 0.005884 0.027013
0 0.466361 0.488028 0.019943 0.063574
0 0.474694 0.365946 0.005759 0.026600
0 0.175669 0.433729 0.008538 0.035947
2 0.915246 0.448086 0.012570 0.050666
2 0.306605 0.427524 0.013166 0.047648
0 0.265206 0.386410 0.007256 0.030349
0 0.174999 0.425332 0.009360 0.053239
0 0.263541 0.379115 0.005908 0.019740