0 0.438524 0.421821 0.018836 0.047690
0 0.823077 0.441828 0.014128 0.048717
0 0.303595 0.406252 0.014936 0.040735
0 0.841803 0.445979 0.013938 0.047676
0 0.285053 0.490512 0.014418 0.073539
0 0.333663 0.430076 0.008088 0.048849
0 0.464662 0.378596 0.012187 0.034049
0 0.334720 0.377461 0.009658 0.030696
0 0.500510 0.392759 0.007388 0.034771
0 0.558022 0.452817 0.013174 0.054700
0 0.435711 0.395388 0.006916 0.028744
0 0.572311 0.393274 0.010352 0.039378
0 0.560756 0.466123 0.009928 0.033329
0 0.003050 0.416174 0.006084 0.042167
0 0.497658 0.375231 0.008005 0.027111
0 0.556284 0.448707 0.011842 0.047193
0 0.550186 0.438591 0.007221 0.028942
0 0.553639 0.448376 0.008800 0.046973
0 0.493361 0.382136 0.005751 0.026167
2 0.873199 0.406187 0.010541 0.047861
0 0.498833 0.382121 0.008369 0.036323
0 0.495119 0.382881 0.008339 0.026005
0 0.550666 0.445370 0.008205 0.041970
0 0.908819 0.461887 0.015418 0.055784