0 0.549030 0.477627 0.012504 0.062015
0 0.560353 0.411080 0.011392 0.040609
0 0.150022 0.391666 0.013349 0.039098
0 0.388170 0.385503 0.007152 0.034357
0 0.230886 0.444824 0.012175 0.053101
0 0.425316 0.398280 0.007370 0.039500
0 0.317155 0.409110 0.008893 0.045279
0 0.672039 0.386391 0.008893 0.032798
0 0.355534 0.392679 0.009657 0.035662
0 0.716208 0.423726 0.012150 0.047921
0 0.458192 0.375646 0.006089 0.026941
0 0.538283 0.375494 0.006864 0.026982
0 0.452286 0.371357 0.005120 0.018681
0 0.472071 0.376019 0.006609 0.020225
0 0.177316 0.516592 0.013377 0.069131
2 0.487772 0.377298 0.006507 0.030738
0 0.502105 0.375066 0.007277 0.017078
0 0.624484 0.383521 0.007599 0.022243
0 0.544776 0.371515 0.005875 0.025561
0 0.508577 0.366290 0.006703 0.022080
2 0.410428 0.357496 0.004889 0.021971