0 0.957599 0.402455 0.013974 0.038417
0 0.642283 0.439697 0.010385 0.047234
0 0.975451 0.415418 0.010823 0.045033
0 0.882367 0.419491 0.008214 0.041956
0 0.726171 0.396795 0.008608 0.036861
0 0.397234 0.381576 0.009182 0.031653
0 0.710765 0.406854 0.009543 0.040407
0 0.669423 0.373693 0.008321 0.029423
0 0.592437 0.381565 0.009517 0.033183
0 0.561655 0.376007 0.006110 0.029771
0 0.793920 0.420506 0.010756 0.045280
0 0.866464 0.388185 0.008233 0.020700
0 0.420738 0.524948 0.022837 0.073147
0 0.701099 0.404720 0.008398 0.041064
2 0.647789 0.358258 0.004552 0.022276
0 0.416420 0.511508 0.010371 0.046407