0 0.453664 0.409806 0.009122 0.044181
0 0.479487 0.381123 0.007621 0.034922
0 0.355363 0.415832 0.007501 0.046521
0 0.498369 0.463435 0.009822 0.053621
0 0.510697 0.468293 0.020068 0.060703
0 0.683894 0.407015 0.009680 0.035292
0 0.559489 0.387273 0.011010 0.034254
0 0.639469 0.388585 0.006322 0.032746
0 0.009965 0.398458 0.008442 0.034206
2 0.525227 0.402747 0.011145 0.042718
0 0.525093 0.402944 0.011006 0.042262
0 0.709416 0.747671 0.017841 0.094123
0 0.578953 0.392354 0.009975 0.026836
0 0.562029 0.384753 0.008948 0.034684
0 0.584693 0.379978 0.008468 0.029341