0 0.440784 0.396474 0.009166 0.038157
0 0.558773 0.422245 0.010855 0.040914
0 0.713716 0.405693 0.009670 0.046863
0 0.417995 0.405004 0.008529 0.037594
0 0.251748 0.461009 0.009055 0.054967
0 0.564977 0.387609 0.008622 0.038405
0 0.947975 0.431855 0.012281 0.050523
0 0.653967 0.370190 0.007745 0.029251
0 0.377432 0.416939 0.013811 0.044259
0 0.505297 0.372013 0.007635 0.029217
0 0.518376 0.377951 0.007630 0.036080
0 0.601741 0.418017 0.010537 0.045746
0 0.534539 0.412936 0.008535 0.042223
0 0.504689 0.411002 0.010596 0.043903
0 0.453139 0.372855 0.018963 0.027380
0 0.607067 0.447674 0.009348 0.049535
0 0.586302 0.368778 0.006665 0.025675
0 0.477428 0.375995 0.006981 0.028997
0 0.489097 0.390010 0.005948 0.031835
0 0.763106 0.401489 0.008628 0.039602
2 0.589011 0.340394 0.009295 0.036888
0 0.586663 0.371818 0.007674 0.031878
0 0.764244 0.396661 0.006766 0.029772