0 0.177998 0.472560 0.014713 0.062938
0 0.473682 0.395844 0.007122 0.037500
0 0.117947 0.430566 0.011638 0.048842
0 0.122600 0.695907 0.033132 0.126201
0 0.332624 0.414692 0.013341 0.048388
0 0.237320 0.399613 0.008152 0.040026
0 0.520356 0.431589 0.010478 0.048988
0 0.704768 0.440873 0.009126 0.053353
0 0.566465 0.382927 0.010315 0.033902
2 0.287393 0.413161 0.010350 0.045105
0 0.366218 0.402607 0.007995 0.045845
0 0.513328 0.364210 0.007056 0.031778
0 0.381016 0.381253 0.007234 0.039939
0 0.287267 0.375301 0.005963 0.028939
0 0.319015 0.365498 0.005865 0.025433
2 0.910023 0.450871 0.013654 0.048782
0 0.482163 0.366371 0.005433 0.023118