0 0.469232 0.450345 0.011774 0.060224
0 0.583703 0.504433 0.016965 0.069999
0 0.293191 0.486263 0.016095 0.074428
0 0.407751 0.518107 0.015348 0.075533
0 0.022319 0.482213 0.016039 0.068434
0 0.497472 0.426951 0.010988 0.049646
0 0.431094 0.572646 0.018112 0.081435
0 0.158991 0.447895 0.013337 0.053337
0 0.201888 0.532585 0.028274 0.079798
0 0.506959 0.446748 0.009781 0.051163
0 0.406322 0.405117 0.009929 0.042655
0 0.099852 0.527029 0.021880 0.082147
0 0.578426 0.378099 0.007498 0.034102
0 0.352922 0.391484 0.008293 0.037476
0 0.268074 0.403502 0.009747 0.041657
0 0.542829 0.523040 0.014330 0.072207
0 0.286033 0.407095 0.010377 0.038685
0 0.426991 0.527259 0.020184 0.044747
2 0.856134 0.538557 0.017177 0.071117
0 0.365632 0.533077 0.017310 0.086231
0 0.288956 0.395003 0.008913 0.036448
0 0.366235 0.517111 0.015515 0.055545
0 0.365369 0.545939 0.017455 0.059974
0 0.855861 0.539562 0.018168 0.073341