0 0.501770 0.545817 0.016020 0.079680
0 0.329410 0.507215 0.014692 0.063961
0 0.678417 0.516368 0.015264 0.070663
0 0.201444 0.596949 0.023934 0.096965
0 0.264948 0.403484 0.010072 0.039867
0 0.584462 0.588982 0.024830 0.088346
0 0.420435 0.486374 0.014344 0.059338
0 0.308825 0.568565 0.019611 0.089590
0 0.306691 0.420164 0.013615 0.042077
0 0.808133 0.575322 0.017210 0.079321
0 0.434036 0.483867 0.019068 0.064478
0 0.002771 0.469573 0.005543 0.064749
2 0.253649 0.512860 0.017137 0.073173
0 0.362379 0.634596 0.023812 0.099580
0 0.141788 0.796958 0.031517 0.113618
0 0.819451 0.515980 0.015249 0.068672
0 0.538572 0.385470 0.009073 0.032269
0 0.589483 0.450376 0.014672 0.057386
2 0.819724 0.514974 0.014859 0.067273
0 0.253725 0.512358 0.017215 0.072616