0 0.715723 0.415029 0.011367 0.045179
0 0.793359 0.604193 0.020898 0.094089
0 0.991585 0.494078 0.016830 0.069624
0 0.930510 0.465473 0.013477 0.060026
0 0.908521 0.453143 0.014603 0.057783
0 0.602954 0.767317 0.038302 0.137563
0 0.477399 0.397736 0.010307 0.034709
0 0.620942 0.519803 0.017767 0.075395
0 0.458680 0.496792 0.019387 0.072007
0 0.231854 0.442951 0.015289 0.054816
0 0.119972 0.566747 0.025121 0.089498
2 0.620683 0.519792 0.017099 0.075586
0 0.374436 0.680102 0.033502 0.104234
0 0.484645 0.392211 0.006646 0.033315
0 0.373436 0.633211 0.039069 0.096970
0 0.692239 0.593693 0.034282 0.144904