0 0.276011 0.480371 0.013388 0.061976
0 0.322449 0.409794 0.009300 0.043567
0 0.198436 0.495124 0.014609 0.065934
0 0.286669 0.397226 0.007076 0.035783
0 0.195023 0.398948 0.011486 0.040439
0 0.449131 0.443476 0.011381 0.050250
0 0.526754 0.407156 0.007788 0.042091
0 0.482435 0.403013 0.007659 0.036708
0 0.279233 0.412065 0.007263 0.041498
0 0.125097 0.437022 0.011970 0.050272
0 0.114340 0.444486 0.010323 0.056576
0 0.244014 0.392911 0.008699 0.033424
0 0.771347 0.407941 0.010582 0.043426
0 0.205834 0.459673 0.012503 0.056892
0 0.477550 0.372640 0.006666 0.028867
0 0.240972 0.373836 0.008650 0.028996
0 0.338678 0.365850 0.005379 0.025270
2 0.263561 0.365945 0.006687 0.022753
0 0.496256 0.401556 0.008292 0.042522
0 0.505342 0.410777 0.006708 0.024723