0 0.237250 0.500000 0.017107 0.073769
0 0.209871 0.545260 0.019101 0.082381
0 0.259775 0.522774 0.019173 0.073160
0 0.511540 0.400948 0.008933 0.040888
0 0.182085 0.729943 0.041630 0.128986
0 0.269184 0.402983 0.010203 0.038474
0 0.461072 0.469168 0.013008 0.058609
0 0.593706 0.571627 0.028521 0.081496
0 0.525759 0.380289 0.007626 0.031363
0 0.624597 0.435591 0.011783 0.048139
0 0.260607 0.390990 0.007604 0.027749
0 0.025228 0.924446 0.050456 0.148838
0 0.851291 0.492089 0.016419 0.055125
0 0.555030 0.536044 0.011266 0.050735
0 0.590784 0.518780 0.015352 0.057384
2 0.259560 0.522802 0.018909 0.072897
2 0.851180 0.493523 0.016817 0.057411
0 0.599212 0.529270 0.017126 0.041153
0 0.550812 0.567679 0.010080 0.020760