0 0.826716 0.551129 0.019405 0.083210
0 0.527722 0.415701 0.010588 0.043225
0 0.859171 0.599096 0.021354 0.095327
0 0.394000 0.436307 0.011819 0.054525
0 0.637261 0.438884 0.011257 0.054336
0 0.779259 0.429759 0.009820 0.047516
0 0.607059 0.386974 0.006260 0.032402
0 0.585976 0.417287 0.008749 0.041137
0 0.590880 0.450583 0.016855 0.060282
2 0.485402 0.428266 0.009165 0.047365
0 0.563593 0.387084 0.007456 0.033653
0 0.473808 0.467487 0.013328 0.059434
0 0.594898 0.404517 0.008457 0.043225
0 0.461217 0.431211 0.012201 0.049789
0 0.706954 0.381598 0.006830 0.032005
0 0.739294 0.418592 0.010989 0.051990
0 0.113309 0.423815 0.016463 0.047216
0 0.485624 0.428283 0.008991 0.048365
0 0.739448 0.409878 0.010814 0.042046
0 0.114678 0.427749 0.020119 0.055473