0 0.774021 0.505621 0.020164 0.071773
0 0.926382 0.457668 0.015753 0.054543
0 0.886340 0.514387 0.014860 0.070446
0 0.560473 0.406142 0.007764 0.041327
0 0.870043 0.496116 0.013672 0.065795
0 0.768386 0.422364 0.012814 0.048946
0 0.544934 0.405551 0.007218 0.041367
0 0.988431 0.434841 0.011164 0.054465
0 0.716554 0.384273 0.006780 0.028321
0 0.641592 0.385844 0.010932 0.032188
0 0.121806 0.419875 0.010407 0.048506
2 0.846336 0.463516 0.013159 0.058777
0 0.866942 0.437702 0.012860 0.046997
0 0.846287 0.463278 0.013011 0.059748
0 0.599644 0.880647 0.016086 0.052681
0 0.608170 0.806275 0.034089 0.151783
0 0.124756 0.423238 0.015848 0.053960
0 0.627758 0.866186 0.009075 0.033274