0 0.341180 0.400439 0.009916 0.037561
0 0.423180 0.418060 0.009136 0.036166
0 0.331762 0.487926 0.016347 0.068793
0 0.507048 0.535857 0.024550 0.077426
0 0.178848 0.518751 0.023379 0.068647
0 0.485485 0.446917 0.014909 0.048823
0 0.676213 0.392422 0.010390 0.034898
0 0.371157 0.448212 0.014720 0.052087
0 0.749181 0.435284 0.015963 0.052464
0 0.256770 0.445379 0.011743 0.051767
0 0.551711 0.431825 0.012742 0.078239
0 0.780273 0.614839 0.031084 0.107221
0 0.365881 0.375766 0.006969 0.028237
0 0.648357 0.450100 0.013141 0.052539
0 0.464595 0.403185 0.010530 0.039390
0 0.380625 0.400867 0.009605 0.035563
0 0.528519 0.369155 0.008725 0.023556
0 0.551934 0.449693 0.012334 0.044913
2 0.464704 0.403356 0.010661 0.039482