0 0.789432 0.464889 0.015687 0.057578
0 0.556152 0.379541 0.009891 0.031060
0 0.753881 0.406178 0.012900 0.038563
0 0.275063 0.428800 0.009524 0.047433
0 0.295190 0.411912 0.008643 0.039861
0 0.328194 0.372340 0.007893 0.034124
0 0.342573 0.384396 0.007285 0.034071
0 0.364641 0.377754 0.005356 0.031013
0 0.353358 0.386029 0.007303 0.032051
0 0.394243 0.371470 0.007538 0.033325
0 0.472176 0.383623 0.006516 0.030350
0 0.646264 0.370938 0.006250 0.029089
0 0.486634 0.414871 0.014107 0.039991
0 0.939494 0.422677 0.009795 0.030522
0 0.485765 0.384734 0.007131 0.030776
0 0.536919 0.377506 0.006674 0.031518
0 0.706086 0.368232 0.008688 0.026362
0 0.330056 0.372688 0.011532 0.036102
0 0.936230 0.404903 0.006490 0.023827
0 0.354365 0.367192 0.006516 0.018714
0 0.550801 0.364685 0.005007 0.017625
0 0.491247 0.360273 0.005559 0.017097