0 0.250348 0.413943 0.010404 0.045331
0 0.485995 0.464837 0.012106 0.060047
0 0.468256 0.539389 0.014131 0.079707
0 0.386319 0.449971 0.008738 0.052401
0 0.679247 0.443583 0.010116 0.053345
0 0.361807 0.402769 0.008436 0.046488
2 0.520534 0.460848 0.013198 0.058778
0 0.201218 0.448547 0.012340 0.055588
0 0.780168 0.401664 0.008668 0.041889
0 0.067245 0.548159 0.012231 0.085059
0 0.326766 0.380723 0.007460 0.032840
0 0.670412 0.394152 0.006974 0.038512
0 0.496147 0.364921 0.006318 0.026644
0 0.487124 0.393442 0.007996 0.035202
0 0.851729 0.439617 0.011678 0.052768
0 0.600039 0.367286 0.006594 0.027810
0 0.520606 0.461028 0.013127 0.059755
0 0.486099 0.778673 0.025923 0.090041
0 0.470815 0.376496 0.006865 0.024250
0 0.483310 0.418696 0.009944 0.042711
2 0.351108 0.363037 0.006010 0.022948
0 0.927353 0.570039 0.019463 0.089060
2 0.927473 0.569174 0.019815 0.089854