0 0.558952 0.443822 0.012692 0.049926
0 0.338379 0.394312 0.015017 0.041688
0 0.589166 0.404044 0.011241 0.040592
0 0.697690 0.435328 0.021683 0.048213
0 0.560080 0.622905 0.032872 0.088165
0 0.509007 0.437089 0.011001 0.050484
0 0.419288 0.476718 0.021877 0.060096
0 0.628568 0.391614 0.008035 0.038191
0 0.726965 0.400458 0.010522 0.037939
0 0.835524 0.532886 0.027007 0.072355
2 0.643926 0.361118 0.006414 0.023438
0 0.628574 0.385291 0.007977 0.027790
0 0.837988 0.528176 0.021619 0.062583
0 0.694340 0.434393 0.015637 0.046624