0 0.360212 0.408459 0.008595 0.043550
0 0.388752 0.434538 0.012113 0.047566
0 0.317924 0.380060 0.007938 0.033125
0 0.095608 0.424215 0.013487 0.048081
0 0.475631 0.376172 0.011994 0.033210
0 0.546376 0.370077 0.006737 0.031260
0 0.544564 0.412661 0.009560 0.041694
0 0.511684 0.379430 0.006981 0.023288
0 0.517681 0.380136 0.006525 0.027539
0 0.557419 0.383208 0.007780 0.034525
0 0.492017 0.368203 0.005019 0.020037
0 0.497240 0.373198 0.005149 0.025219
0 0.389835 0.380145 0.007262 0.036971
2 0.943919 0.432361 0.008914 0.044549
2 0.389852 0.380398 0.007292 0.037465
0 0.444090 0.379098 0.007439 0.036758
0 0.457459 0.357297 0.007576 0.027707
0 0.448208 0.370295 0.006121 0.028052
0 0.552800 0.372727 0.006645 0.030980
0 0.459401 0.378421 0.008764 0.033209
0 0.496866 0.369441 0.004902 0.021869
0 0.491703 0.360692 0.006086 0.023914
0 0.491805 0.364589 0.005599 0.025954
0 0.447804 0.364626 0.005212 0.023944