0 0.395256 0.464032 0.013760 0.058981
0 0.344353 0.443111 0.011101 0.052901
0 0.307904 0.474868 0.012604 0.058173
0 0.765909 0.521958 0.015238 0.076503
0 0.648934 0.435406 0.013402 0.049319
0 0.706820 0.429328 0.013961 0.046539
0 0.123940 0.449094 0.013366 0.057779
0 0.528769 0.403068 0.012613 0.045104
0 0.497613 0.439332 0.011168 0.046209
0 0.563763 0.432372 0.010842 0.041980
0 0.411754 0.391618 0.006589 0.036104
0 0.557171 0.387938 0.007223 0.033894
0 0.450715 0.378719 0.006543 0.031517
0 0.567702 0.387218 0.006651 0.035185
0 0.541433 0.383664 0.006614 0.033514
0 0.123329 0.602078 0.023967 0.111741
0 0.672286 0.379338 0.008584 0.030426
2 0.443801 0.407293 0.008446 0.042778
0 0.125286 0.631513 0.010471 0.050855
0 0.484140 0.394430 0.011127 0.035108
0 0.442239 0.376595 0.005901 0.028127
2 0.113019 0.376798 0.006361 0.029330
0 0.494665 0.379396 0.008197 0.033601
2 0.494947 0.379070 0.008371 0.034646
0 0.470461 0.399214 0.006103 0.029717