0 0.577685 0.397146 0.009073 0.039360
0 0.186692 0.443549 0.011552 0.052052
0 0.258122 0.419277 0.010624 0.047117
0 0.379617 0.394865 0.007910 0.040335
0 0.732909 0.405545 0.007683 0.040240
0 0.595240 0.521381 0.019933 0.078010
0 0.360293 0.382115 0.007441 0.034512
0 0.618716 0.435295 0.010756 0.050075
0 0.355556 0.425303 0.011394 0.048797
0 0.218215 0.435812 0.011405 0.046416
0 0.503521 0.525797 0.015334 0.077024
0 0.445037 0.378830 0.009340 0.028652
0 0.464106 0.398615 0.008316 0.040082
0 0.393160 0.415989 0.008616 0.042191
0 0.504875 0.380684 0.006805 0.030785
0 0.705314 0.430252 0.009996 0.051182
0 0.161789 0.385315 0.007888 0.032652
0 0.513925 0.375310 0.005983 0.022427
0 0.033230 0.390365 0.007388 0.048778