0 0.405224 0.456132 0.017299 0.061000
0 0.271633 0.463583 0.018592 0.058950
0 0.499507 0.488280 0.023069 0.071665
0 0.202670 0.440962 0.009938 0.052945
0 0.356908 0.396990 0.011283 0.037428
0 0.150311 0.407729 0.008362 0.044137
0 0.681995 0.398167 0.009396 0.039595
0 0.536822 0.411741 0.008373 0.041924
0 0.435708 0.429522 0.013024 0.045268
0 0.618795 0.451053 0.011783 0.050887
0 0.413944 0.373826 0.005845 0.029934
0 0.064157 0.466222 0.012199 0.061800
0 0.606220 0.486210 0.012438 0.065324
0 0.193613 0.402379 0.011444 0.023843
0 0.440280 0.413670 0.008475 0.043386
0 0.024618 0.713442 0.040421 0.128811
0 0.296994 0.464000 0.008570 0.060379
0 0.550532 0.393863 0.007158 0.042824
0 0.677017 0.440979 0.010306 0.043666
0 0.439241 0.418525 0.008592 0.041788
0 0.064658 0.477913 0.012194 0.039680