0 0.250092 0.518992 0.016715 0.072395
0 0.215614 0.409326 0.012762 0.042425
0 0.162977 0.482156 0.021108 0.066763
0 0.451597 0.418866 0.011609 0.045636
0 0.157324 0.404710 0.010162 0.042788
0 0.384757 0.402337 0.012449 0.042677
0 0.337793 0.405903 0.008811 0.040272
0 0.475152 0.385988 0.013853 0.038230
0 0.668203 0.420345 0.009057 0.045543
0 0.448916 0.373769 0.007486 0.028042
0 0.528820 0.381615 0.010962 0.036171
0 0.492922 0.383615 0.008090 0.031606
0 0.572867 0.400674 0.012260 0.043145
0 0.355416 0.366237 0.004902 0.020443
2 0.572937 0.400412 0.012390 0.042802
0 0.653614 0.412253 0.006345 0.028662
0 0.655919 0.397217 0.005964 0.027014
0 0.655556 0.403088 0.005535 0.037105
0 0.591069 0.391551 0.008997 0.040357
0 0.685459 0.377510 0.006510 0.030350
0 0.326554 0.363755 0.005332 0.026270