0 0.555610 0.531628 0.017449 0.079439
0 0.408787 0.434581 0.012092 0.051735
0 0.534061 0.378320 0.006951 0.028600
0 0.583584 0.393493 0.010266 0.051318
0 0.509320 0.422031 0.009892 0.051601
0 0.310201 0.526713 0.014948 0.082348
0 0.595414 0.553288 0.016412 0.085591
0 0.608831 0.392484 0.007320 0.038168
0 0.357998 0.409896 0.007773 0.043089
0 0.565999 0.388097 0.007324 0.037443
0 0.732758 0.382232 0.007590 0.035270
0 0.557735 0.384998 0.008522 0.039117
0 0.598709 0.392732 0.009224 0.046173
0 0.525372 0.371804 0.006895 0.028007
0 0.361981 0.591285 0.018750 0.091270
0 0.627054 0.397956 0.007703 0.043891
0 0.362813 0.609103 0.013741 0.064031
0 0.363168 0.620596 0.012590 0.042055
0 0.620598 0.435584 0.009186 0.028226
0 0.361767 0.576479 0.018437 0.061662
0 0.247316 0.633262 0.027300 0.109784
2 0.247110 0.634607 0.026933 0.112650
0 0.622573 0.409934 0.006471 0.030752
0 0.362725 0.595825 0.014310 0.090646