0 0.407609 0.446916 0.012282 0.052926
0 0.312979 0.383832 0.006978 0.032824
0 0.192371 0.410509 0.008534 0.043177
0 0.210169 0.388730 0.006791 0.036836
0 0.165669 0.394815 0.007792 0.037514
0 0.466689 0.369959 0.007613 0.032491
0 0.571990 0.389393 0.005545 0.033769
0 0.567192 0.389750 0.006655 0.035104
0 0.583976 0.370383 0.006283 0.032152
0 0.438875 0.359009 0.004419 0.019383
0 0.421751 0.371744 0.006536 0.028951
0 0.512349 0.370455 0.007664 0.026249
0 0.366629 0.372232 0.005664 0.029495
0 0.474389 0.395521 0.007028 0.041034
0 0.412948 0.370873 0.007473 0.030577
0 0.532116 0.376302 0.005206 0.031668
2 0.375866 0.377064 0.008173 0.031679
0 0.375871 0.377018 0.008008 0.031644
0 0.536120 0.376305 0.008760 0.033677
0 0.531140 0.377096 0.006166 0.027246
0 0.993810 0.453574 0.011918 0.049760