0 0.292084 0.473330 0.015226 0.063073
0 0.360744 0.432028 0.013151 0.049939
0 0.286099 0.397235 0.009235 0.040560
0 0.311145 0.394919 0.009291 0.036554
0 0.380943 0.435246 0.009137 0.051899
0 0.836581 0.495065 0.014772 0.066154
0 0.351687 0.415923 0.011562 0.047424
0 0.464837 0.371376 0.004613 0.018852
0 0.441475 0.386842 0.005882 0.029344
0 0.719741 0.425184 0.010486 0.045580
0 0.635111 0.377290 0.007279 0.033590
0 0.429721 0.536973 0.017980 0.080109
0 0.523335 0.373075 0.007225 0.028069
0 0.436411 0.378421 0.004300 0.020084
0 0.327190 0.371174 0.004728 0.022651
2 0.490340 0.363630 0.007127 0.026150
0 0.883975 0.389792 0.006516 0.033650
0 0.479632 0.363756 0.005434 0.020831