0 0.432619 0.453429 0.014610 0.056384
0 0.512861 0.415647 0.007784 0.040155
0 0.550563 0.407474 0.008980 0.040215
0 0.568657 0.387662 0.006556 0.035453
0 0.709588 0.378741 0.008008 0.035522
0 0.492410 0.401856 0.008029 0.045112
0 0.686702 0.626254 0.011762 0.034426
0 0.492565 0.409098 0.007374 0.031957
0 0.574255 0.395979 0.007203 0.039996
0 0.530026 0.392825 0.004750 0.020851
0 0.512154 0.384037 0.011519 0.034545
2 0.538494 0.383530 0.006349 0.038690
0 0.538534 0.383854 0.006375 0.038442
0 0.965801 0.602073 0.025790 0.084991
2 0.965640 0.601985 0.025631 0.083700
0 0.530384 0.739416 0.007432 0.035274
0 0.693555 0.584157 0.020735 0.075862