0 0.746619 0.445082 0.011565 0.054085
0 0.755593 0.393174 0.008146 0.036582
0 0.685315 0.445560 0.009977 0.050610
0 0.405996 0.502097 0.017273 0.070747
0 0.790619 0.413664 0.010895 0.047571
0 0.461702 0.419225 0.009452 0.043097
0 0.058257 0.420076 0.012008 0.050624
0 0.727792 0.518072 0.017255 0.070102
0 0.617049 0.430333 0.009091 0.050802
0 0.580058 0.459953 0.012173 0.056900
0 0.802569 0.406547 0.007820 0.042655
0 0.584012 0.382809 0.007527 0.030413
0 0.502116 0.377894 0.005865 0.026060
0 0.738234 0.389170 0.007112 0.033338
0 0.517148 0.416726 0.007528 0.042413
0 0.861346 0.434614 0.009887 0.049616
0 0.683637 0.406542 0.006712 0.032805
0 0.692040 0.409621 0.009017 0.042942
2 0.692122 0.409503 0.009035 0.042495
0 0.509995 0.424847 0.010474 0.034251
0 0.739568 0.385083 0.005459 0.027357