0 0.207843 0.420752 0.009528 0.044380
0 0.366266 0.411114 0.010293 0.043605
0 0.277348 0.525055 0.012723 0.071973
0 0.045265 0.542096 0.014806 0.081082
0 0.189559 0.416934 0.009411 0.043915
0 0.347032 0.418471 0.007540 0.038720
0 0.148374 0.454133 0.012279 0.058506
0 0.223261 0.388296 0.006980 0.032058
0 0.580168 0.617892 0.024913 0.107837
0 0.514565 0.382045 0.006471 0.029302
0 0.601414 0.386294 0.006922 0.036440
0 0.545681 0.380074 0.008489 0.028387
0 0.765453 0.393459 0.008565 0.041867
0 0.649141 0.417662 0.010990 0.045116
0 0.360390 0.370092 0.005887 0.022212
0 0.163530 0.499511 0.017733 0.066093
0 0.333181 0.402327 0.008510 0.035914
0 0.343985 0.381971 0.008757 0.038011
2 0.333115 0.402681 0.008288 0.036541