0 0.185308 0.397898 0.008283 0.034307
0 0.391714 0.395683 0.009832 0.039054
0 0.435991 0.431625 0.013937 0.036630
0 0.471171 0.403815 0.012146 0.040763
0 0.764687 0.389996 0.012511 0.035530
0 0.146776 0.425478 0.010275 0.050552
0 0.089666 0.462736 0.016159 0.061451
0 0.610079 0.406761 0.007622 0.042542
0 0.752112 0.465228 0.012937 0.053524
0 0.369750 0.440998 0.013633 0.041373
0 0.199745 0.398030 0.012138 0.036341
0 0.566569 0.394450 0.013729 0.036030
0 0.484969 0.407709 0.013717 0.036955
0 0.299847 0.584992 0.030013 0.082422
0 0.646037 0.408329 0.007897 0.037957
0 0.690982 0.455403 0.024146 0.044862
0 0.409909 0.414871 0.008639 0.039870
0 0.009443 0.560347 0.018887 0.062647
0 0.594985 0.411989 0.011200 0.043484
0 0.164059 0.426780 0.009238 0.043634
0 0.304065 0.584363 0.022186 0.078696
0 0.466882 0.379920 0.005337 0.023105
0 0.162700 0.426106 0.007057 0.042622
0 0.426353 0.972300 0.011951 0.055400