0 0.487592 0.474133 0.012763 0.063378
0 0.679244 0.414021 0.010541 0.045419
0 0.609552 0.407458 0.009599 0.044515
0 0.630184 0.418817 0.008354 0.044129
0 0.445089 0.406218 0.008254 0.041087
0 0.731744 0.491458 0.015303 0.066601
0 0.427702 0.403764 0.008607 0.041815
0 0.709226 0.509510 0.017233 0.070273
0 0.945948 0.485882 0.015308 0.063815
0 0.524927 0.386031 0.007783 0.033271
0 0.592209 0.380977 0.006849 0.029646
0 0.758869 0.414713 0.009573 0.046568
0 0.833716 0.439856 0.014456 0.053475
0 0.847577 0.430429 0.007959 0.050978
2 0.649557 0.442307 0.013463 0.056594
0 0.773786 0.414016 0.008442 0.044011
0 0.649203 0.442161 0.013309 0.054896
0 0.648503 0.417721 0.011986 0.023168
0 0.840819 0.412402 0.007263 0.035343
0 0.767565 0.404957 0.007673 0.040527
0 0.840525 0.415969 0.008562 0.045181