0 0.657082 0.482525 0.011626 0.063799
0 0.741235 0.432435 0.014340 0.050757
0 0.610462 0.433580 0.010532 0.048430
0 0.433799 0.403881 0.009798 0.042242
0 0.180863 0.452645 0.011343 0.054114
0 0.942981 0.431461 0.017028 0.049338
0 0.428568 0.482289 0.010788 0.058836
0 0.968177 0.470445 0.015456 0.065337
0 0.404602 0.370971 0.007096 0.032045
0 0.895418 0.420205 0.014146 0.044587
0 0.416403 0.385861 0.006136 0.024426
0 0.648739 0.387969 0.006989 0.035279
0 0.269701 0.391475 0.007388 0.037041
0 0.566062 0.371801 0.007017 0.024197
0 0.898202 0.595706 0.031175 0.099576
0 0.723809 0.380801 0.009810 0.023863
0 0.544275 0.365741 0.005416 0.025594
0 0.653402 0.375830 0.005390 0.025282
0 0.771183 0.773124 0.027456 0.093169
0 0.702021 0.442808 0.010955 0.056948
2 0.701936 0.441997 0.010799 0.056044
2 0.570105 0.392029 0.011310 0.038345
0 0.570188 0.391924 0.011354 0.038142