0 0.264969 0.493134 0.015805 0.064783
0 0.570361 0.477585 0.012395 0.061657
0 0.268044 0.449114 0.011522 0.052779
0 0.680278 0.412572 0.007304 0.045088
0 0.458168 0.426311 0.012044 0.052038
0 0.361762 0.386456 0.006980 0.031387
0 0.652545 0.427153 0.008237 0.045235
0 0.673155 0.387785 0.005892 0.032838
0 0.577399 0.405452 0.007770 0.039577
0 0.587731 0.404253 0.009398 0.041360
0 0.733843 0.427431 0.010094 0.044565
0 0.953429 0.740656 0.036384 0.136073
0 0.375311 0.399496 0.010643 0.035667
0 0.745003 0.426645 0.010398 0.045278
0 0.750774 0.443435 0.008786 0.052767
0 0.402624 0.371774 0.008836 0.032550
0 0.574473 0.384298 0.005586 0.027028
0 0.414857 0.369769 0.006917 0.029576
0 0.750219 0.451886 0.008726 0.039225
0 0.416329 0.367872 0.008949 0.031736