0 0.389620 0.409124 0.008303 0.040848
0 0.444130 0.377252 0.007894 0.032189
0 0.875740 0.426731 0.014843 0.049751
0 0.423224 0.368605 0.006727 0.027344
0 0.400064 0.388945 0.007872 0.037134
0 0.585624 0.359114 0.004838 0.023325
0 0.570929 0.377352 0.012311 0.037105
0 0.399688 0.368577 0.007226 0.028966
0 0.483343 0.366046 0.008504 0.033943
0 0.488451 0.379911 0.007018 0.032411
0 0.634344 0.388295 0.007061 0.033418
0 0.424589 0.392781 0.008578 0.034762
0 0.629448 0.387936 0.006969 0.031475
0 0.474670 0.386000 0.008607 0.038464
0 0.565792 0.366010 0.006097 0.023956
2 0.474829 0.385650 0.008426 0.038539
0 0.636569 0.369132 0.006398 0.025073