0 0.571121 0.425695 0.010032 0.045380
0 0.634231 0.435390 0.010110 0.052472
0 0.428729 0.439074 0.010849 0.050130
0 0.295203 0.443253 0.008925 0.052394
0 0.642240 0.400708 0.009739 0.039416
0 0.337276 0.419573 0.009591 0.046573
0 0.242379 0.464233 0.012137 0.056052
0 0.646001 0.571856 0.020105 0.092446
0 0.603547 0.460869 0.009960 0.061002
0 0.488876 0.387777 0.006349 0.034350
0 0.443483 0.428709 0.008861 0.052758
0 0.456396 0.462901 0.014999 0.039200
0 0.267782 0.434290 0.010182 0.050584
0 0.115341 0.392131 0.009761 0.036245
0 0.485434 0.451721 0.012253 0.055185
0 0.400959 0.390394 0.007067 0.035680
0 0.504318 0.457069 0.009132 0.050395
0 0.495991 0.458990 0.014441 0.054722
0 0.091073 0.378678 0.007949 0.041632
0 0.013472 0.391603 0.007950 0.050007
0 0.540554 0.549408 0.012528 0.060438
0 0.456173 0.440893 0.014270 0.032453
2 0.460586 0.358197 0.006081 0.023282
0 0.493919 0.418238 0.006212 0.034039
0 0.493384 0.424242 0.006871 0.035565
0 0.542648 0.589702 0.012695 0.031711