0 0.670919 0.414261 0.009294 0.044809
0 0.462758 0.469141 0.014691 0.062759
0 0.955793 0.405271 0.009646 0.042989
0 0.722916 0.382262 0.006731 0.031294
0 0.438530 0.415103 0.007822 0.041356
0 0.692669 0.390604 0.007222 0.036643
0 0.703662 0.408176 0.008476 0.040477
0 0.749214 0.453755 0.011358 0.057147
0 0.768239 0.455122 0.008381 0.052598
0 0.760295 0.468124 0.013070 0.056753
0 0.461301 0.376454 0.004629 0.018661
0 0.933003 0.420151 0.008997 0.042069
2 0.759055 0.470919 0.018226 0.062849
0 0.758544 0.473492 0.015877 0.059984