0 0.167300 0.516584 0.015746 0.076280
0 0.098767 0.423887 0.012847 0.050396
0 0.254453 0.477477 0.014792 0.062381
0 0.269684 0.434197 0.010885 0.046992
0 0.291838 0.416915 0.014343 0.045726
0 0.436990 0.376070 0.007741 0.033508
0 0.505819 0.392302 0.009031 0.042137
0 0.519900 0.384756 0.007126 0.033226
0 0.341833 0.370597 0.008155 0.025563
0 0.542707 0.372384 0.006478 0.027838
0 0.211894 0.535130 0.014152 0.073474
0 0.370977 0.402070 0.009029 0.041837
0 0.569684 0.385202 0.009030 0.034438
0 0.427495 0.407608 0.009749 0.044747
0 0.406813 0.405117 0.008160 0.046835
0 0.365634 0.381404 0.005868 0.027625
0 0.387778 0.381685 0.006999 0.038014
0 0.364965 0.384468 0.007242 0.033152
2 0.387822 0.382267 0.007264 0.039245
0 0.527184 0.371130 0.007296 0.024282
0 0.532526 0.380895 0.006717 0.031258
0 0.509936 0.373684 0.005161 0.020727