0 0.643897 0.472054 0.014140 0.058949
0 0.456499 0.530892 0.016853 0.080361
0 0.600598 0.442746 0.014935 0.054478
0 0.378639 0.386395 0.007881 0.036831
0 0.445485 0.456840 0.015140 0.055804
0 0.545688 0.375770 0.008854 0.031703
0 0.438842 0.397580 0.009940 0.042102
0 0.420012 0.390885 0.008035 0.042011
0 0.369473 0.388583 0.006778 0.030240
2 0.372494 0.464512 0.014403 0.057397
0 0.111262 0.447768 0.017201 0.056902
0 0.334789 0.400840 0.007919 0.037632
0 0.258928 0.625216 0.015524 0.110923
0 0.466507 0.401322 0.008928 0.040861
0 0.558317 0.489572 0.016638 0.046454
0 0.344981 0.398362 0.008968 0.038536
0 0.142768 0.941878 0.041541 0.116244
0 0.395865 0.396896 0.008009 0.035660
0 0.003848 0.498474 0.007609 0.061883
0 0.619814 0.568586 0.015935 0.091411
0 0.369501 0.422985 0.010121 0.037994
2 0.466432 0.401339 0.008970 0.041119
0 0.624470 0.612650 0.008169 0.028659