0 0.390669 0.427572 0.011665 0.048253
0 0.221979 0.543882 0.021148 0.084146
0 0.545544 0.477272 0.014504 0.058288
0 0.328725 0.404962 0.011001 0.043039
0 0.571881 0.410148 0.010847 0.046519
0 0.452280 0.463529 0.013680 0.063690
0 0.423414 0.380673 0.008142 0.032619
0 0.467510 0.464665 0.012720 0.056613
0 0.261064 0.507732 0.020825 0.072184
0 0.600971 0.454517 0.013169 0.055633
0 0.085339 0.497640 0.020765 0.067340
0 0.376263 0.606181 0.019765 0.100178
0 0.097892 0.433187 0.015013 0.051221
0 0.504546 0.391143 0.011492 0.044808
0 0.662337 0.381363 0.008342 0.031734
0 0.519227 0.458382 0.009848 0.052709
0 0.495208 0.472393 0.014004 0.040824
0 0.509247 0.460505 0.012024 0.054841
2 0.979091 0.552432 0.027265 0.065631
2 0.030612 0.384066 0.007667 0.028306
0 0.101470 0.469238 0.009722 0.022728
0 0.979314 0.551627 0.026611 0.063359