0 0.646479 0.430521 0.009803 0.049385
0 0.511323 0.482373 0.017204 0.062846
0 0.246472 0.411896 0.008983 0.031483
0 0.678696 0.383235 0.007443 0.030275
0 0.179220 0.380395 0.006954 0.034229
0 0.334512 0.366867 0.006429 0.027846
0 0.664119 0.382448 0.007135 0.030906
0 0.269792 0.386519 0.007432 0.039330
0 0.344891 0.367630 0.007071 0.027330
0 0.515361 0.371253 0.008286 0.031256
0 0.413830 0.365991 0.007113 0.027655
0 0.378098 0.387935 0.007339 0.035060
0 0.694598 0.372820 0.006950 0.029998
0 0.582215 0.370994 0.006680 0.025425
0 0.476746 0.370036 0.005781 0.025132
0 0.408189 0.366170 0.006835 0.027204
0 0.627174 0.365365 0.007460 0.025574