0 0.759226 0.474412 0.016727 0.061730
0 0.448276 0.458343 0.012439 0.055872
0 0.663077 0.378129 0.006399 0.030925
0 0.641352 0.381720 0.005617 0.033658
0 0.276371 0.389786 0.007559 0.036893
0 0.488796 0.374800 0.006156 0.027999
0 0.168279 0.451325 0.011577 0.056239
0 0.566874 0.383493 0.006287 0.031960
0 0.683009 0.388023 0.006810 0.037171
0 0.463387 0.388789 0.007286 0.034494
0 0.746727 0.426303 0.010651 0.050080
0 0.005417 0.407639 0.010658 0.046152
0 0.558859 0.380775 0.005953 0.030241
0 0.264215 0.371976 0.006487 0.029448
0 0.614129 0.373186 0.004625 0.013899
0 0.997321 0.410151 0.005226 0.034954
0 0.476684 0.371995 0.006281 0.032362
0 0.498926 0.361732 0.007631 0.026069
2 0.529590 0.381212 0.007659 0.032077
0 0.441249 0.366392 0.005065 0.017343
0 0.529502 0.381252 0.007812 0.032395
0 0.333729 0.379331 0.004504 0.021569