0 0.449058 0.388410 0.009562 0.032399
0 0.390270 0.377465 0.008055 0.029048
0 0.331874 0.392736 0.009008 0.032355
0 0.517996 0.363386 0.007039 0.023810
0 0.547934 0.370055 0.008249 0.026750
0 0.373410 0.384917 0.007567 0.031934
0 0.422761 0.369768 0.006604 0.030075
0 0.356535 0.374985 0.007439 0.029710
0 0.687253 0.401770 0.006404 0.039135
0 0.515502 0.391594 0.008033 0.036254
0 0.362685 0.384438 0.006795 0.032481
0 0.355374 0.376792 0.009170 0.032634
0 0.417367 0.377288 0.008086 0.028841
0 0.288733 0.371596 0.005902 0.041984
0 0.408345 0.373843 0.006228 0.029253
0 0.353394 0.378678 0.009394 0.032883
0 0.522542 0.401446 0.007921 0.035172
0 0.400605 0.370179 0.005479 0.023837