0 0.372256 0.474229 0.011929 0.061352
0 0.339188 0.424791 0.011317 0.049683
0 0.429532 0.435822 0.010050 0.049254
0 0.488675 0.428462 0.007766 0.045090
0 0.396095 0.482460 0.019467 0.066959
0 0.470270 0.474266 0.010579 0.060105
0 0.604006 0.418036 0.008079 0.044690
0 0.461228 0.403401 0.010065 0.044497
0 0.518166 0.386178 0.009183 0.040440
0 0.474967 0.412757 0.007965 0.043610
0 0.656078 0.379016 0.007855 0.035015
0 0.590287 0.518028 0.019665 0.075097
0 0.450696 0.374384 0.007334 0.033900
0 0.441923 0.434850 0.006393 0.029126
0 0.442566 0.405548 0.008196 0.035304
0 0.497840 0.387670 0.006264 0.038416
2 0.878334 0.609491 0.024770 0.090316
0 0.878891 0.608883 0.024733 0.091117
0 0.490645 0.389297 0.007490 0.033140
0 0.655481 0.502897 0.009041 0.055172
2 0.506076 0.385275 0.006263 0.036541
0 0.387953 0.862992 0.033329 0.131976
0 0.450748 0.403206 0.006374 0.028494
0 0.490418 0.378574 0.007310 0.029255
0 0.442231 0.410757 0.007930 0.047603
2 0.590459 0.517953 0.019204 0.074998
0 0.386191 0.849982 0.029753 0.103208
0 0.476554 0.392911 0.007790 0.026327
0 0.506408 0.385245 0.006151 0.036725
0 0.449718 0.394978 0.008233 0.041637