0 0.720371 0.483369 0.017183 0.064095
0 0.359482 0.491543 0.014241 0.066599
0 0.264307 0.454085 0.012706 0.058471
0 0.340256 0.423250 0.015032 0.044165
0 0.560353 0.405173 0.012204 0.042403
0 0.636380 0.423144 0.010434 0.046829
0 0.425059 0.415707 0.013880 0.045788
0 0.786360 0.392890 0.009737 0.036780
0 0.575010 0.390573 0.008799 0.035638
0 0.323954 0.460703 0.018507 0.062789
0 0.669925 0.520399 0.015077 0.075239
0 0.025462 0.436275 0.016979 0.053448
0 0.153721 0.429820 0.010327 0.045129
0 0.223146 0.397808 0.011615 0.038569
0 0.618674 0.413458 0.009338 0.030143
0 0.415261 0.401788 0.010011 0.036676
0 0.241381 0.395973 0.009110 0.036442
0 0.611472 0.405092 0.008537 0.032186
0 0.461711 0.405564 0.009225 0.035828
0 0.458010 0.412451 0.010654 0.023761
0 0.459021 0.408610 0.011494 0.030361