0 0.646884 0.499749 0.014857 0.063422
0 0.433368 0.384307 0.009247 0.033088
0 0.683257 0.428007 0.016423 0.048862
0 0.549468 0.372065 0.009256 0.034673
0 0.347209 0.466986 0.018448 0.062224
0 0.562188 0.452549 0.009761 0.051423
0 0.492464 0.388469 0.011187 0.033113
0 0.538355 0.390060 0.005794 0.026608
0 0.535870 0.420135 0.009621 0.037597
0 0.317123 0.396753 0.007829 0.031455
0 0.817416 0.485373 0.018142 0.053069
2 0.495401 0.434885 0.009301 0.050014
0 0.794581 0.475284 0.017802 0.048834
0 0.654746 0.427474 0.009875 0.035374
0 0.406232 0.424744 0.007227 0.034329
0 0.327898 0.399788 0.006661 0.035245
0 0.620512 0.569982 0.021512 0.087722
0 0.230114 0.376658 0.006075 0.018897
0 0.490542 0.386967 0.008162 0.033172