0 0.638197 0.418493 0.013775 0.042204
0 0.415723 0.380403 0.012415 0.034296
0 0.538439 0.453563 0.013247 0.053603
0 0.350359 0.404092 0.010380 0.035312
0 0.709483 0.380677 0.013847 0.032628
0 0.028434 0.408668 0.014855 0.039275
0 0.239588 0.387658 0.012876 0.032123
0 0.037480 0.513717 0.020571 0.068157
0 0.049976 0.439940 0.012347 0.051477
0 0.390641 0.377533 0.007410 0.028836
0 0.134948 0.392246 0.007692 0.031645
0 0.191147 0.376486 0.005670 0.028966
0 0.383292 0.393540 0.007952 0.036900
0 0.432378 0.366192 0.006633 0.024625
0 0.570823 0.381046 0.008120 0.026543
0 0.480017 0.359822 0.004960 0.021675
0 0.571299 0.388368 0.008320 0.029748