0 0.660236 0.388655 0.010328 0.037028
0 0.579696 0.380078 0.005610 0.031056
0 0.302152 0.395718 0.008869 0.037901
0 0.338258 0.379506 0.007440 0.033649
0 0.449959 0.404380 0.007679 0.040508
0 0.501062 0.368005 0.006168 0.025136
0 0.586697 0.378919 0.007120 0.029230
0 0.392968 0.383307 0.008789 0.034840
0 0.298736 0.371727 0.005682 0.029058
0 0.479231 0.378395 0.006152 0.032658
0 0.471540 0.356169 0.006505 0.022934
0 0.512129 0.376035 0.006314 0.031325
0 0.460079 0.359087 0.006834 0.023495
0 0.366634 0.376826 0.004967 0.025980
0 0.384137 0.391729 0.009112 0.033661
0 0.373097 0.371709 0.006632 0.032236
0 0.594734 0.363168 0.005084 0.019469