0 0.339779 0.451839 0.011169 0.055958
0 0.066868 0.499143 0.017168 0.071956
0 0.449043 0.402553 0.010444 0.037905
0 0.403504 0.385385 0.006959 0.034895
0 0.445598 0.470774 0.012329 0.061987
0 0.779938 0.511150 0.015197 0.073964
0 0.348520 0.398965 0.009476 0.042410
0 0.629545 0.380420 0.006057 0.033300
0 0.032127 0.404773 0.012381 0.038055
0 0.212848 0.385153 0.006782 0.034883
0 0.591427 0.407896 0.008452 0.044513
0 0.266866 0.449797 0.015992 0.058760
0 0.141826 0.405557 0.007259 0.035742
0 0.488333 0.371055 0.006480 0.026032
0 0.003219 0.418877 0.006406 0.048422
0 0.275455 0.401760 0.013323 0.036068
0 0.271293 0.422502 0.009450 0.045632