0 0.650280 0.436007 0.011307 0.048204
0 0.733609 0.424867 0.012653 0.048684
0 0.478160 0.469603 0.013440 0.055848
0 0.760745 0.389030 0.008208 0.036024
0 0.530589 0.367222 0.006829 0.031946
0 0.941961 0.434536 0.013667 0.049472
0 0.684300 0.373328 0.006336 0.029131
0 0.468798 0.402156 0.007334 0.040024
0 0.831881 0.410514 0.010022 0.046159
0 0.443356 0.378563 0.007459 0.027112
0 0.658348 0.406986 0.009361 0.041740
0 0.269694 0.461464 0.009964 0.058131
0 0.358811 0.386660 0.005611 0.034453
0 0.077201 0.448215 0.014965 0.046256
0 0.656792 0.408308 0.007135 0.043155
0 0.584419 0.379361 0.006711 0.034373