0 0.452432 0.421881 0.010200 0.047993
0 0.378315 0.370207 0.007137 0.033816
0 0.299255 0.384827 0.011998 0.038448
0 0.395462 0.418070 0.008587 0.044187
0 0.628653 0.385067 0.007842 0.033556
0 0.232614 0.401910 0.007842 0.037455
0 0.315979 0.379700 0.008341 0.033162
0 0.326752 0.385532 0.006733 0.035440
0 0.465605 0.371423 0.009260 0.030106
0 0.636291 0.389628 0.006803 0.034920
0 0.389257 0.369049 0.006741 0.031219
0 0.245020 0.379637 0.007320 0.027800
0 0.642937 0.384178 0.006057 0.031897
0 0.234555 0.401734 0.008224 0.039151