0 0.407169 0.433968 0.010810 0.048242
0 0.473062 0.373681 0.007048 0.031668
0 0.564093 0.384777 0.007946 0.034306
0 0.306572 0.409691 0.010472 0.043547
0 0.200088 0.412171 0.009157 0.045568
0 0.554023 0.372958 0.006408 0.025223
0 0.421088 0.357617 0.007432 0.023483
0 0.402079 0.379557 0.009328 0.029924
0 0.584289 0.380868 0.007067 0.027402
0 0.503526 0.378219 0.007254 0.033429
0 0.591055 0.395075 0.006436 0.036162
0 0.499336 0.363940 0.005174 0.020658
0 0.409019 0.373706 0.006620 0.032076
0 0.600738 0.370657 0.006039 0.032909
0 0.452094 0.359220 0.006240 0.023234
0 0.536065 0.370352 0.005799 0.021076
0 0.509427 0.394119 0.009722 0.037364
0 0.586800 0.396676 0.005953 0.032134
2 0.012377 0.386202 0.006966 0.027327
0 0.503198 0.364690 0.006048 0.021375