0 0.419441 0.538172 0.019381 0.073950
0 0.473404 0.508976 0.021350 0.071185
0 0.761087 0.506912 0.017824 0.074545
0 0.534753 0.380933 0.006928 0.031317
0 0.686870 0.423021 0.012019 0.044128
0 0.157872 0.511080 0.017987 0.063804
0 0.227606 0.384908 0.008318 0.035901
0 0.213463 0.443471 0.016058 0.047806
0 0.026596 0.492852 0.018310 0.061029
0 0.581703 0.439057 0.015110 0.049344
0 0.440894 0.396041 0.009152 0.033005
0 0.304899 0.453779 0.009726 0.051472
0 0.345550 0.394326 0.007981 0.039793
0 0.186866 0.417060 0.015386 0.045295
0 0.272802 0.426486 0.008280 0.045919
0 0.429525 0.454737 0.021066 0.053686
0 0.431201 0.420104 0.007861 0.033235
0 0.321044 0.398162 0.007440 0.039506
0 0.404510 0.382958 0.009706 0.031705