0 0.498395 0.479239 0.012696 0.062026
0 0.449480 0.395338 0.008143 0.038949
0 0.761728 0.446322 0.011798 0.052528
0 0.660235 0.429125 0.009801 0.053717
0 0.334379 0.398199 0.008106 0.040558
0 0.591914 0.441633 0.011388 0.052635
0 0.717609 0.424427 0.010910 0.049154
0 0.597652 0.398911 0.006243 0.039984
0 0.261863 0.505045 0.013899 0.070788
0 0.735564 0.497926 0.013115 0.065532
0 0.113021 0.695154 0.037336 0.128065
0 0.300139 0.473369 0.014075 0.060514
0 0.556737 0.473946 0.012310 0.062646
0 0.650211 0.387423 0.008345 0.036120
0 0.864017 0.396039 0.011667 0.037131
0 0.773085 0.492154 0.013450 0.068178
0 0.878161 0.463048 0.015108 0.054429
0 0.311032 0.429573 0.011361 0.052045
0 0.580843 0.477316 0.008891 0.049441
0 0.298334 0.809638 0.036864 0.169291
0 0.737903 0.422312 0.009752 0.039096
2 0.556889 0.474114 0.012669 0.062260
2 0.269025 0.367921 0.006043 0.022254
0 0.581377 0.471032 0.008627 0.037395