0 0.268457 0.522140 0.013898 0.074396
0 0.461277 0.463665 0.014537 0.058137
0 0.372429 0.378130 0.009546 0.029812
0 0.524332 0.418599 0.012628 0.045069
0 0.153270 0.458693 0.015423 0.057109
0 0.707221 0.412062 0.011326 0.044609
0 0.087368 0.391914 0.010247 0.038407
0 0.601492 0.382912 0.008004 0.033069
0 0.589916 0.380646 0.006307 0.029222
0 0.504162 0.390195 0.006709 0.033034
0 0.254237 0.417776 0.013180 0.042628
0 0.439466 0.375826 0.005807 0.024214
0 0.455701 0.366342 0.005846 0.027809
0 0.293361 0.401185 0.006728 0.038505
0 0.533298 0.507776 0.017876 0.067399
0 0.313359 0.392413 0.007564 0.038703
0 0.437456 0.405636 0.009374 0.044073
0 0.443743 0.398796 0.007464 0.038988
0 0.298302 0.423297 0.013403 0.045524
2 0.298949 0.425203 0.014384 0.042735
2 0.410437 0.356412 0.006912 0.024213
0 0.532085 0.499223 0.017211 0.050027