0 0.520578 0.511626 0.019586 0.070094
0 0.527464 0.433877 0.009920 0.051079
0 0.352426 0.435932 0.009740 0.051682
0 0.393450 0.422662 0.015845 0.046193
0 0.354659 0.386764 0.006854 0.035666
0 0.549117 0.374276 0.006986 0.028872
0 0.563633 0.410580 0.009699 0.042273
0 0.632338 0.412618 0.017028 0.048019
0 0.576079 0.406691 0.009304 0.046235
0 0.557930 0.501742 0.023508 0.068736
0 0.346509 0.368781 0.006611 0.023991
0 0.774854 0.423417 0.008632 0.049919
0 0.603969 0.400203 0.007949 0.038015
0 0.417950 0.429395 0.015515 0.042333
0 0.842195 0.386364 0.011315 0.037939
0 0.592418 0.405492 0.008390 0.042445
0 0.677359 0.399248 0.011710 0.045132
2 0.265377 0.368203 0.007136 0.024789
0 0.663920 0.410626 0.011178 0.040430
0 0.597473 0.382005 0.008295 0.030622