0 0.337771 0.555763 0.017224 0.086952
0 0.471990 0.416709 0.009916 0.048021
0 0.107543 0.423997 0.011141 0.048676
0 0.146805 0.433656 0.014153 0.049913
0 0.530620 0.369631 0.007476 0.031302
0 0.351165 0.382797 0.006632 0.029057
0 0.435635 0.371990 0.006033 0.024347
0 0.541272 0.382915 0.007485 0.040530
0 0.527274 0.482537 0.012511 0.062936
0 0.677275 0.376621 0.007413 0.032387
0 0.673912 0.410969 0.008239 0.038515
0 0.493041 0.386892 0.011558 0.036574
0 0.177950 0.448677 0.021531 0.055997
0 0.483935 0.365665 0.006628 0.022567
0 0.564379 0.374949 0.009767 0.031608
0 0.610548 0.378726 0.006400 0.030194
0 0.225499 0.379426 0.007752 0.028781
0 0.638550 0.377966 0.006761 0.029366
0 0.615470 0.379627 0.005973 0.028278
0 0.555066 0.383676 0.011017 0.036406
0 0.595672 0.377095 0.007010 0.030620
0 0.633485 0.392889 0.008735 0.017656
2 0.092145 0.378916 0.008445 0.028221
0 0.637339 0.376481 0.006011 0.026114