0 0.653844 0.230057 0.014771 0.053649
0 0.252739 0.226379 0.016175 0.055047
0 0.670478 0.172677 0.007391 0.041192
0 0.853219 0.290864 0.015735 0.062565
0 0.774311 0.178694 0.010493 0.046192
0 0.448302 0.178774 0.007618 0.042922
0 0.344006 0.189199 0.012053 0.047640
0 0.875412 0.231961 0.013434 0.055930
0 0.459764 0.162374 0.010245 0.036953
0 0.397637 0.212963 0.011518 0.054150
0 0.583689 0.150064 0.009481 0.034448
0 0.239051 0.247243 0.010284 0.055162
0 0.138241 0.169429 0.011876 0.043877
0 0.528606 0.146918 0.007835 0.044627
2 0.542599 0.165969 0.012297 0.041384
0 0.780274 0.275635 0.015332 0.052846
0 0.574782 0.157631 0.010417 0.037593
0 0.418655 0.150604 0.009777 0.034998
0 0.599040 0.138163 0.010423 0.031160
2 0.447871 0.116776 0.007826 0.029682
0 0.732703 0.160699 0.006164 0.030539
0 0.731796 0.177143 0.005430 0.020302