0 0.316333 0.170991 0.011795 0.041600
0 0.580982 0.218862 0.008721 0.050216
0 0.085181 0.243312 0.015709 0.060430
0 0.436643 0.212305 0.011576 0.047871
0 0.508861 0.157740 0.008005 0.037167
0 0.089060 0.191150 0.011975 0.048999
0 0.330833 0.151427 0.008685 0.035993
0 0.105260 0.191977 0.011572 0.050510
0 0.379111 0.175808 0.009678 0.041067
0 0.621875 0.182278 0.011340 0.045289
0 0.562749 0.146213 0.008424 0.035580
0 0.434178 0.150254 0.005985 0.031871
0 0.290013 0.144509 0.010194 0.036268
2 0.352725 0.165789 0.009683 0.035060
0 0.307940 0.149583 0.006651 0.031232
0 0.195199 0.151294 0.013961 0.037591
0 0.422595 0.148152 0.006542 0.034561
2 0.472270 0.136604 0.006646 0.026528
0 0.263385 0.143247 0.007307 0.037265