0 0.507808 0.206568 0.008658 0.049462
0 0.382009 0.357379 0.021160 0.073943
0 0.572461 0.125710 0.007121 0.033084
0 0.587184 0.185266 0.007893 0.045765
0 0.682287 0.178285 0.010640 0.040161
0 0.423510 0.165303 0.010567 0.044046
0 0.521937 0.118523 0.006807 0.032896
0 0.598078 0.147781 0.006692 0.035677
0 0.465901 0.106954 0.005550 0.029689
0 0.794827 0.264363 0.020909 0.059002
0 0.709092 0.149920 0.012650 0.036881
0 0.740542 0.290732 0.021026 0.060046
0 0.484419 0.158942 0.008754 0.037178
0 0.771547 0.205288 0.016509 0.052280
0 0.934378 0.394836 0.037925 0.074130
2 0.650320 0.170028 0.011515 0.043350
0 0.626562 0.202625 0.008856 0.042896
0 0.991470 0.178690 0.016842 0.044534
0 0.700637 0.128356 0.006514 0.033810
0 0.733203 0.155520 0.008207 0.036072
0 0.647435 0.097336 0.007426 0.027119
0 0.733899 0.150929 0.007495 0.027014
1 0.212224 0.077559 0.009140 0.023731
2 0.472219 0.087620 0.005007 0.020567
2 0.519295 0.089529 0.005633 0.019607