0 0.546053 0.306713 0.011680 0.062725
0 0.680142 0.322675 0.013191 0.068420
0 0.237497 0.214839 0.012270 0.056354
0 0.465839 0.261364 0.015269 0.061141
0 0.451704 0.159780 0.006280 0.041109
0 0.266460 0.247566 0.011828 0.064219
0 0.312433 0.210884 0.011109 0.054109
0 0.105352 0.170441 0.014543 0.046795
0 0.516341 0.197675 0.011378 0.048917
0 0.642905 0.219364 0.015555 0.051451
0 0.383332 0.143688 0.007779 0.037091
0 0.059082 0.176511 0.014589 0.048190
2 0.541077 0.211559 0.012607 0.052025
0 0.056874 0.311365 0.026815 0.084457
0 0.075814 0.294420 0.021214 0.071071
0 0.354732 0.161882 0.009807 0.031681
0 0.685612 0.167099 0.007284 0.036453
0 0.756660 0.212770 0.013292 0.044986
0 0.636273 0.158813 0.007325 0.034646
0 0.661396 0.159626 0.009332 0.035262