0 0.313237 0.261327 0.012515 0.061967
0 0.118767 0.287486 0.015372 0.069911
0 0.203980 0.258778 0.012336 0.064701
0 0.324854 0.254302 0.011445 0.058409
2 0.286918 0.260752 0.011420 0.066733
0 0.420703 0.220359 0.008926 0.053252
0 0.403392 0.212839 0.011104 0.049040
0 0.486095 0.219078 0.012257 0.050695
0 0.341520 0.223700 0.009672 0.042971
0 0.450402 0.210878 0.010154 0.048044
0 0.395968 0.217566 0.008260 0.046402
0 0.369829 0.233985 0.014706 0.039996
0 0.330004 0.223036 0.007318 0.027879
0 0.380403 0.226380 0.012880 0.036343
0 0.516234 0.218499 0.010654 0.050423
0 0.463489 0.202078 0.009722 0.043030
0 0.477930 0.219013 0.013089 0.053307
0 0.475961 0.221062 0.014283 0.047971
0 0.513102 0.215318 0.010617 0.046639