0 0.507903 0.360323 0.014512 0.078889
0 0.446557 0.195985 0.010759 0.045819
0 0.822041 0.292027 0.015261 0.058742
0 0.732955 0.285820 0.013752 0.058781
0 0.597527 0.252907 0.013822 0.050683
0 0.715509 0.254546 0.009139 0.050603
0 0.505791 0.173845 0.008396 0.032763
0 0.425330 0.181486 0.010663 0.039956
0 0.607799 0.214629 0.009692 0.044694
0 0.470474 0.161510 0.006058 0.033477
0 0.299763 0.209903 0.011034 0.049330
0 0.699577 0.211737 0.009902 0.044249
0 0.236648 0.525477 0.027146 0.110519
0 0.781472 0.242043 0.009686 0.047032
0 0.774403 0.234918 0.009032 0.035175
0 0.603269 0.187721 0.008160 0.039162
0 0.115502 0.309564 0.017943 0.076907
0 0.589534 0.188554 0.007065 0.034071
2 0.653195 0.249884 0.011582 0.056302
0 0.285942 0.367697 0.013550 0.079305
2 0.245441 0.138888 0.008107 0.032945
0 0.236261 0.510595 0.026889 0.079226
2 0.393503 0.123659 0.006238 0.024746
0 0.653158 0.249696 0.012231 0.055764