0 0.156826 0.236714 0.012870 0.061010
0 0.474635 0.192829 0.011258 0.043667
0 0.380475 0.214158 0.010727 0.048085
0 0.095015 0.216711 0.016668 0.055142
0 0.442445 0.197395 0.013387 0.044395
0 0.334499 0.192274 0.011188 0.044915
0 0.599226 0.168043 0.008495 0.037647
0 0.816109 0.193051 0.011083 0.046023
0 0.402385 0.593485 0.026026 0.103724
0 0.557888 0.169977 0.007900 0.038103
0 0.434217 0.183748 0.007840 0.040420
0 0.650237 0.197727 0.013090 0.031411
0 0.495129 0.189093 0.008557 0.046389
0 0.421866 0.177518 0.010288 0.036721
0 0.688872 0.249854 0.010611 0.055109
0 0.183832 0.170570 0.009257 0.038171
0 0.156379 0.340449 0.014854 0.036093
2 0.315253 0.190459 0.010305 0.045365
0 0.166021 0.376040 0.023197 0.055411
2 0.659687 0.132821 0.008092 0.032001
0 0.319472 0.163843 0.007352 0.037673
2 0.712961 0.130339 0.007183 0.030431