0 0.522320 0.222272 0.010495 0.052942
0 0.422270 0.131584 0.008753 0.036321
0 0.273288 0.164501 0.011076 0.045606
0 0.443944 0.153441 0.009700 0.043493
0 0.467963 0.165981 0.009835 0.044561
0 0.403940 0.214796 0.010844 0.053878
0 0.503502 0.177235 0.009846 0.045441
0 0.477753 0.136838 0.006752 0.035540
0 0.492325 0.166401 0.009975 0.044870
0 0.564738 0.141195 0.011307 0.040188
0 0.284898 0.237909 0.015436 0.060634
0 0.396688 0.178249 0.010036 0.046269
0 0.408740 0.133440 0.008516 0.035027
0 0.336554 0.153401 0.008653 0.043281
0 0.200027 0.214669 0.013692 0.056412
0 0.075212 0.314629 0.020183 0.080859
0 0.160834 0.137093 0.011331 0.037148
0 0.324789 0.128848 0.007506 0.033758
0 0.524599 0.189310 0.007476 0.030229
2 0.040080 0.125469 0.008806 0.024583
0 0.075101 0.188236 0.015882 0.042791
2 0.408212 0.161691 0.008771 0.041218
0 0.080339 0.228805 0.019511 0.068760
0 0.408185 0.162481 0.008500 0.038941
0 0.085378 0.209470 0.016442 0.026143