2 0.384149 0.162316 0.011004 0.041083
0 0.351976 0.172916 0.008075 0.038527
0 0.089963 0.277200 0.016138 0.068110
0 0.464931 0.168641 0.013166 0.038324
0 0.605183 0.176979 0.007855 0.040668
0 0.527810 0.162238 0.007853 0.032461
0 0.478458 0.172426 0.008270 0.041806
0 0.557993 0.172139 0.008286 0.037893
0 0.629981 0.180576 0.008651 0.041901
0 0.551153 0.213943 0.018220 0.048725
0 0.430741 0.176222 0.008566 0.042614
0 0.588453 0.188298 0.009134 0.044421
0 0.414779 0.202976 0.009084 0.048776
0 0.591161 0.158203 0.008389 0.026970
0 0.547426 0.175227 0.011975 0.042050
0 0.576504 0.172406 0.007082 0.039395
0 0.620443 0.170168 0.008509 0.035369
0 0.582113 0.172389 0.006429 0.036975
0 0.550132 0.174874 0.008394 0.041614
0 0.812755 0.251872 0.010404 0.046741
0 0.814312 0.240911 0.008428 0.031032