0 0.641237 0.289024 0.013223 0.063231
0 0.309510 0.150984 0.007205 0.038913
0 0.084029 0.176912 0.015917 0.050552
0 0.107371 0.235599 0.018373 0.060516
0 0.204843 0.137620 0.010470 0.036108
0 0.422847 0.130654 0.006200 0.032521
0 0.229739 0.183132 0.012597 0.048088
0 0.338257 0.198535 0.010218 0.052324
2 0.573246 0.190275 0.010341 0.048303
0 0.875932 0.415421 0.025976 0.082843
0 0.270547 0.124653 0.008134 0.033534
0 0.695306 0.134509 0.008668 0.033510
0 0.045434 0.230669 0.014254 0.045307
0 0.470178 0.190040 0.007907 0.045130
0 0.624578 0.148945 0.008110 0.038195
0 0.474498 0.202465 0.009776 0.049903
0 0.264454 0.135806 0.006179 0.030417
0 0.762247 0.210101 0.011014 0.049995
2 0.215837 0.127713 0.005410 0.019191
0 0.097218 0.316284 0.018431 0.055809
0 0.051973 0.256629 0.007855 0.032894