0 0.712524 0.283266 0.013734 0.057943
0 0.656924 0.282869 0.015428 0.059413
0 0.513622 0.173750 0.007736 0.037472
0 0.101021 0.239617 0.018588 0.064349
0 0.316976 0.212745 0.011963 0.051109
0 0.593974 0.203135 0.009197 0.045528
0 0.848671 0.259624 0.014095 0.055365
0 0.760691 0.262640 0.016164 0.053924
0 0.449918 0.178542 0.008707 0.042564
0 0.146247 0.152146 0.009452 0.038102
0 0.346383 0.297183 0.015026 0.071343
0 0.465682 0.485290 0.017338 0.072878
0 0.147904 0.408487 0.018202 0.080514
0 0.639295 0.373155 0.012592 0.075109
0 0.925744 0.352464 0.024315 0.067981
0 0.598225 0.335241 0.012991 0.068646
0 0.809880 0.392469 0.020611 0.072761
2 0.526545 0.299608 0.013274 0.067031
0 0.722103 0.464193 0.025757 0.078184
0 0.083096 0.464018 0.023194 0.071757
0 0.047266 0.346973 0.032086 0.073903