0 0.480516 0.464131 0.017232 0.080052
0 0.379608 0.349526 0.014502 0.066215
0 0.377214 0.529399 0.016931 0.081565
0 0.560323 0.495449 0.024005 0.068340
0 0.727243 0.340765 0.019954 0.055374
0 0.619516 0.184874 0.010043 0.038653
0 0.377405 0.117734 0.005184 0.024184
0 0.305107 0.148143 0.008477 0.036398
0 0.621354 0.297211 0.015588 0.055444
0 0.543816 0.209624 0.008067 0.044518
0 0.209131 0.240583 0.026145 0.054193
0 0.389739 0.404144 0.018243 0.064737
0 0.799336 0.341454 0.031271 0.060600
2 0.360173 0.101563 0.005240 0.020894
0 0.236709 0.327151 0.035075 0.057348
0 0.707337 0.249606 0.017683 0.048519
0 0.166756 0.574858 0.036785 0.085522
0 0.342138 0.292396 0.021101 0.053752
0 0.875400 0.189751 0.019109 0.036002
0 0.803592 0.498839 0.024040 0.053740
1 0.469160 0.968807 0.012184 0.060405
0 0.387073 0.520847 0.012544 0.055803
2 0.495762 0.103829 0.005808 0.021247
0 0.544309 0.203548 0.007243 0.033719
0 0.489770 0.329181 0.012350 0.052342
2 0.490205 0.332916 0.012378 0.056955
0 0.151730 0.673404 0.028974 0.060554
0 0.801114 0.506040 0.029009 0.069775
0 0.232708 0.324213 0.026512 0.050531