0 0.778688 0.363184 0.020080 0.078230
0 0.740525 0.183181 0.009357 0.038663
0 0.529731 0.177766 0.008556 0.036778
0 0.371973 0.174080 0.006648 0.038600
0 0.479513 0.179934 0.010880 0.040460
0 0.517887 0.174080 0.008297 0.036566
0 0.632863 0.186789 0.010792 0.035307
2 0.570043 0.185092 0.010254 0.044476
0 0.750792 0.169059 0.007138 0.033076
0 0.097045 0.204458 0.010561 0.048907
2 0.655590 0.172034 0.010656 0.052691
0 0.165367 0.233701 0.009008 0.031105
0 0.459195 0.173074 0.008337 0.035470
0 0.432525 0.173590 0.011527 0.039316
2 0.834862 0.173278 0.008228 0.036809
0 0.581538 0.184275 0.012079 0.042805
0 0.465726 0.172391 0.006974 0.034345
0 0.355415 0.197724 0.004877 0.023024
0 0.207084 0.175962 0.009243 0.040056
0 0.333598 0.176832 0.007564 0.037321
0 0.553628 0.166806 0.007749 0.032287
0 0.562705 0.163950 0.007502 0.035428
2 0.581400 0.184251 0.012042 0.043175
0 0.354299 0.183479 0.009385 0.026511
0 0.097795 0.214597 0.009865 0.031661
0 0.355984 0.182888 0.010683 0.025909
2 0.251426 0.173216 0.008193 0.036479