0 0.303776 0.192307 0.009808 0.049987
0 0.419338 0.179871 0.009982 0.049779
0 0.517320 0.216393 0.008415 0.051542
0 0.430683 0.181174 0.009703 0.048209
0 0.073947 0.274183 0.019924 0.067342
0 0.394838 0.155669 0.008327 0.040691
0 0.497786 0.228181 0.012734 0.056891
2 0.282126 0.186264 0.009212 0.052044
0 0.487831 0.180281 0.009307 0.048053
0 0.298937 0.145698 0.008486 0.037678
0 0.345558 0.194141 0.015358 0.052070
0 0.468809 0.166534 0.007364 0.040552
0 0.515608 0.171053 0.008031 0.043593
0 0.501642 0.159632 0.007006 0.039619
0 0.353077 0.142868 0.007704 0.031850
0 0.056128 0.307605 0.015908 0.078128
0 0.573590 0.176515 0.007895 0.045367
0 0.495556 0.186562 0.008145 0.036706
0 0.474838 0.170589 0.007759 0.035792