0 0.471477 0.266594 0.019271 0.061487
0 0.723495 0.255214 0.015115 0.062263
0 0.296609 0.247775 0.013820 0.059191
0 0.057232 0.219395 0.017074 0.044475
0 0.117757 0.245336 0.014538 0.066814
0 0.402368 0.154471 0.009349 0.037776
0 0.371164 0.180380 0.008119 0.036284
0 0.288688 0.216726 0.010728 0.051769
0 0.465785 0.176924 0.009688 0.044173
0 0.351547 0.178758 0.007443 0.040412
0 0.783804 0.182096 0.010852 0.045022
0 0.206066 0.194229 0.012613 0.050021
0 0.474081 0.202355 0.011500 0.051849
2 0.451757 0.175816 0.008752 0.043437
0 0.637897 0.178180 0.010187 0.045556
0 0.196469 0.162613 0.008344 0.039715
0 0.512157 0.159539 0.008324 0.037027
0 0.438994 0.162235 0.009252 0.039737
0 0.262740 0.154309 0.008957 0.038616
2 0.606640 0.126863 0.007121 0.032343
0 0.005607 0.377296 0.011213 0.098071