0 0.504058 0.415190 0.024748 0.078686
0 0.469882 0.253523 0.016134 0.054722
0 0.764385 0.219779 0.014289 0.051610
0 0.652944 0.148814 0.008326 0.040483
0 0.535270 0.175237 0.008351 0.043441
0 0.246840 0.239953 0.017099 0.058103
0 0.506484 0.136750 0.007600 0.035203
0 0.463553 0.129871 0.006369 0.033462
0 0.588095 0.164610 0.007815 0.041367
0 0.481315 0.126843 0.008425 0.033092
0 0.395423 0.197364 0.010363 0.047080
0 0.460074 0.165495 0.007741 0.044340
0 0.359717 0.102879 0.007114 0.030571
0 0.214384 0.141594 0.015651 0.043442
0 0.387734 0.174500 0.008677 0.038419
0 0.564241 0.207879 0.007209 0.037648
0 0.775160 0.377199 0.024714 0.065503
2 0.564805 0.248749 0.011149 0.052978
2 0.304259 0.086753 0.006903 0.027774
0 0.304750 0.180194 0.009581 0.043597
0 0.460843 0.096887 0.005048 0.027203
0 0.768811 0.163389 0.012516 0.041053
0 0.551934 0.101427 0.005088 0.024423