0 0.582294 0.283638 0.013497 0.060696
0 0.577241 0.240940 0.011935 0.049074
0 0.423337 0.202854 0.010293 0.038588
0 0.728581 0.217766 0.008814 0.045995
0 0.303785 0.216586 0.008847 0.044151
0 0.670574 0.220084 0.009543 0.044894
0 0.788368 0.274095 0.011645 0.054937
0 0.553007 0.194764 0.007868 0.038769
0 0.028132 0.311841 0.017765 0.060541
0 0.158604 0.371226 0.018433 0.082834
0 0.157482 0.274412 0.012184 0.052757
0 0.801690 0.242312 0.009843 0.046889
2 0.526303 0.189189 0.010315 0.041946
0 0.669820 0.192376 0.007158 0.029357
0 0.030984 0.260583 0.017809 0.037752
0 0.382049 0.223441 0.012760 0.022311
0 0.156671 0.261518 0.012042 0.042878
0 0.053761 0.220038 0.011786 0.046255