0 0.538893 0.126445 0.006681 0.034580
0 0.487091 0.147033 0.008754 0.035994
0 0.539457 0.188875 0.007902 0.047226
0 0.634425 0.157612 0.008813 0.039934
0 0.242178 0.199622 0.013987 0.054050
0 0.417607 0.179445 0.010583 0.046666
0 0.466720 0.142509 0.007360 0.037046
0 0.200368 0.260318 0.020900 0.058244
0 0.620102 0.131740 0.007556 0.033857
0 0.271320 0.162749 0.015540 0.044554
0 0.566736 0.177783 0.012638 0.045194
0 0.577728 0.177092 0.009265 0.044292
0 0.468217 0.177862 0.011985 0.043637
0 0.692161 0.262832 0.014710 0.064524
0 0.475346 0.124309 0.007518 0.032064
0 0.330008 0.133987 0.007662 0.035768
0 0.337154 0.154840 0.009840 0.039367
0 0.510050 0.258032 0.009289 0.048977
0 0.937433 0.196242 0.020225 0.047833
2 0.394714 0.161573 0.010451 0.045239
2 0.388595 0.096305 0.007721 0.028616
0 0.510390 0.262288 0.011168 0.058330
1 0.039962 0.160892 0.018037 0.047757
2 0.854908 0.107198 0.009696 0.030341