0 0.513352 0.159661 0.006877 0.039759
0 0.441648 0.167053 0.008171 0.038475
0 0.264553 0.231673 0.015776 0.060902
0 0.100549 0.189304 0.017856 0.048905
0 0.356014 0.209959 0.011169 0.052407
0 0.390042 0.172314 0.011000 0.042504
0 0.398162 0.184306 0.009220 0.044754
0 0.223964 0.422130 0.021358 0.096490
0 0.519038 0.185364 0.008080 0.042253
0 0.640076 0.197117 0.008134 0.035272
0 0.374907 0.175013 0.007670 0.041467
0 0.621216 0.173353 0.007801 0.038596
2 0.459330 0.192351 0.009240 0.050059
0 0.561471 0.160103 0.007329 0.034781
0 0.520279 0.141382 0.006634 0.023649
0 0.391590 0.171716 0.009262 0.040221