0 0.415198 0.210397 0.012087 0.053644
0 0.532980 0.231174 0.014204 0.059258
0 0.733967 0.227036 0.014899 0.060623
0 0.627359 0.333001 0.016689 0.088719
0 0.309193 0.184458 0.013818 0.049736
0 0.387621 0.201453 0.009583 0.053961
0 0.443046 0.178233 0.008912 0.047789
0 0.876599 0.270277 0.018598 0.068809
2 0.561239 0.207495 0.011818 0.058076
0 0.461368 0.201580 0.009588 0.039765
0 0.875085 0.224944 0.011170 0.054612
0 0.112290 0.280751 0.014050 0.070029
0 0.283115 0.209676 0.009889 0.061353
0 0.476949 0.176739 0.013327 0.045659
0 0.412932 0.168286 0.007485 0.039677
0 0.522582 0.171999 0.007684 0.045484
0 0.785983 0.202638 0.010344 0.046697
0 0.441781 0.154889 0.006894 0.024632