0 0.300310 0.284009 0.015228 0.070842
0 0.494929 0.238086 0.013758 0.063109
0 0.723078 0.237867 0.012733 0.065533
0 0.910274 0.193645 0.013873 0.057382
0 0.835569 0.163253 0.009344 0.047810
0 0.633154 0.456552 0.020113 0.100433
0 0.882662 0.187805 0.010541 0.054270
2 0.797710 0.207490 0.014318 0.059196
0 0.689026 0.135326 0.009754 0.039610
2 0.940811 0.138380 0.010503 0.041920
0 0.765583 0.226281 0.013912 0.054675
0 0.413261 0.184491 0.010743 0.047446
0 0.561934 0.151697 0.008629 0.045605
0 0.808164 0.276818 0.016325 0.076405
0 0.815353 0.277321 0.010043 0.055163
0 0.814085 0.278477 0.010871 0.063823