0 0.385289 0.217328 0.010476 0.051325
0 0.552675 0.157952 0.006260 0.037704
0 0.422324 0.182327 0.009796 0.047188
0 0.347144 0.179858 0.014358 0.036658
0 0.693054 0.242077 0.013378 0.054927
0 0.717159 0.207933 0.011647 0.048255
0 0.622990 0.189390 0.006786 0.043287
0 0.736200 0.202300 0.011118 0.046768
2 0.368633 0.186532 0.010695 0.048972
2 0.630964 0.153580 0.007965 0.036904
0 0.745627 0.187667 0.008606 0.042731
0 0.674858 0.170246 0.009992 0.029113
0 0.600230 0.153922 0.007062 0.037291
0 0.330020 0.188877 0.014375 0.041067
0 0.586631 0.151370 0.008651 0.039075
2 0.411870 0.163355 0.008332 0.041927
0 0.466116 0.124230 0.006707 0.031175
2 0.399864 0.168835 0.010078 0.045339
2 0.640525 0.149474 0.007515 0.035963
0 0.331951 0.213543 0.010928 0.041150
0 0.386666 0.192259 0.010923 0.026605
0 0.400106 0.169393 0.010188 0.045556
2 0.492184 0.113247 0.005645 0.026737
0 0.330900 0.203905 0.014419 0.057071