2 0.565028 0.144107 0.013040 0.047359
0 0.672047 0.152678 0.010752 0.049174
0 0.618487 0.188215 0.012478 0.057558
0 0.503543 0.125942 0.010222 0.041401
0 0.686671 0.141499 0.009261 0.045862
0 0.476144 0.124252 0.008687 0.042085
0 0.362452 0.197844 0.017518 0.055585
0 0.206092 0.117749 0.010822 0.045651
0 0.651071 0.201315 0.014323 0.059208
0 0.272412 0.266405 0.013197 0.071779
0 0.918534 0.289398 0.019132 0.072281
0 0.975931 0.326999 0.024107 0.082446
0 0.242960 0.154698 0.014543 0.049268
0 0.446782 0.104333 0.012094 0.035040
0 0.559889 0.108304 0.007035 0.032080
0 0.787573 0.159605 0.016253 0.054965
0 0.799408 0.155259 0.011538 0.045025
0 0.802578 0.190853 0.020766 0.052872
0 0.465696 0.097701 0.007753 0.032139
0 0.544838 0.103595 0.006747 0.030722
2 0.404111 0.082647 0.006262 0.028029
0 0.733227 0.109030 0.008105 0.026167
0 0.805476 0.189211 0.015256 0.050353