0 0.663550 0.225016 0.016839 0.051250
0 0.833246 0.299731 0.015898 0.071631
0 0.405917 0.249424 0.010757 0.057085
0 0.825276 0.203546 0.010638 0.045911
0 0.697092 0.186779 0.009440 0.040140
0 0.871206 0.215909 0.012943 0.053921
0 0.441949 0.158094 0.007648 0.036716
0 0.547587 0.250244 0.011240 0.050071
0 0.421043 0.162784 0.006784 0.039705
0 0.387006 0.194866 0.011320 0.048987
0 0.839620 0.194274 0.009680 0.042463
0 0.590153 0.182904 0.015420 0.040344
2 0.452793 0.142852 0.006327 0.032673
0 0.529078 0.174869 0.006954 0.037613
0 0.742400 0.174857 0.007762 0.035103
0 0.679758 0.168657 0.009058 0.034535
0 0.513730 0.163302 0.013073 0.042233
1 0.179782 0.180784 0.011852 0.043969
0 0.515440 0.159672 0.011180 0.043856
2 0.710991 0.157386 0.009499 0.034666
0 0.517015 0.159390 0.008087 0.042678
0 0.737489 0.179621 0.008851 0.028280
0 0.518192 0.155022 0.005920 0.036390