0 0.426417 0.243574 0.013864 0.056087
0 0.334448 0.220976 0.011768 0.053345
2 0.157067 0.202903 0.010489 0.049889
0 0.162901 0.271540 0.014613 0.063709
0 0.516133 0.214831 0.009375 0.045443
0 0.475852 0.227447 0.011377 0.047462
0 0.502352 0.238877 0.012022 0.054119
0 0.450500 0.231001 0.011888 0.055256
0 0.459129 0.232676 0.009713 0.046793
0 0.438873 0.214134 0.007930 0.050437
0 0.462622 0.206836 0.010606 0.046918
0 0.471340 0.201681 0.010774 0.048271
2 0.386049 0.190599 0.004877 0.021996
0 0.499098 0.204902 0.009225 0.029414
0 0.453216 0.228475 0.011837 0.053371