0 0.677696 0.142739 0.008534 0.034671
0 0.720481 0.159030 0.010586 0.040272
0 0.787417 0.207732 0.015309 0.048717
0 0.818796 0.202500 0.016351 0.049917
0 0.758097 0.299367 0.017778 0.065198
0 0.905929 0.298212 0.023489 0.062957
0 0.544725 0.165826 0.007830 0.038972
0 0.891465 0.265558 0.023046 0.060235
0 0.655755 0.160691 0.008554 0.040390
0 0.762809 0.384400 0.024832 0.073913
0 0.700380 0.137818 0.010426 0.033742
0 0.495346 0.157527 0.007428 0.039417
0 0.751364 0.165341 0.011125 0.038437
0 0.490005 0.130417 0.007955 0.027810
0 0.454301 0.228493 0.008844 0.048454
0 0.624248 0.126016 0.007286 0.030137
0 0.576563 0.196783 0.009507 0.045827
0 0.269638 0.160618 0.011187 0.042650
2 0.515820 0.101338 0.005436 0.019094
0 0.649881 0.108133 0.007103 0.026741
2 0.528166 0.098851 0.005068 0.025835
0 0.465797 0.210926 0.015940 0.020019
0 0.580968 0.172984 0.010353 0.019026
0 0.579841 0.175483 0.010763 0.021934