0 0.418190 0.265067 0.013369 0.059725
0 0.306835 0.223841 0.011291 0.052934
0 0.324546 0.222436 0.011366 0.052258
0 0.785174 0.222528 0.010514 0.046251
0 0.627496 0.219476 0.009063 0.048580
0 0.585833 0.207942 0.009112 0.045225
0 0.714428 0.197483 0.009086 0.042399
0 0.553895 0.191716 0.011641 0.042521
0 0.705390 0.194046 0.011789 0.044172
0 0.607896 0.187546 0.010558 0.041224
0 0.600685 0.178673 0.007827 0.033278
0 0.439170 0.190767 0.009441 0.035741
0 0.763699 0.205142 0.009396 0.043561
2 0.542429 0.206739 0.013597 0.047499
0 0.693497 0.188566 0.008047 0.038384
0 0.636530 0.182800 0.007663 0.039459
0 0.643075 0.186687 0.008721 0.040202
0 0.581560 0.188313 0.006504 0.024966
0 0.650650 0.177028 0.008832 0.036132
0 0.528698 0.187907 0.009078 0.037774
0 0.525254 0.187188 0.009237 0.037070
0 0.526993 0.187181 0.010602 0.037365
0 0.854494 0.199836 0.011309 0.045654
0 0.542628 0.207241 0.013537 0.049618