0 0.357419 0.176005 0.010458 0.042039
0 0.461895 0.292506 0.011803 0.057958
0 0.519766 0.167150 0.007408 0.043044
0 0.542809 0.167303 0.008261 0.040183
0 0.353021 0.128503 0.006983 0.032323
0 0.292630 0.298996 0.019499 0.058650
0 0.209124 0.229145 0.021421 0.050893
0 0.584479 0.312934 0.010528 0.059413
0 0.232281 0.348404 0.023985 0.063731
0 0.835377 0.253430 0.026234 0.053033
0 0.196627 0.278757 0.025670 0.060033
0 0.711854 0.170434 0.012430 0.039964
2 0.406610 0.281130 0.012823 0.056827
0 0.375688 0.597313 0.029638 0.074996
2 0.422142 0.091107 0.005899 0.026500
0 0.290782 0.169215 0.013072 0.027721
0 0.880740 0.461135 0.042541 0.070266
0 0.095984 0.303222 0.034059 0.055677
0 0.113184 0.292429 0.034613 0.063650
0 0.455283 0.097097 0.006537 0.024307