0 0.589240 0.252730 0.015171 0.064205
0 0.544655 0.232797 0.010144 0.057624
0 0.358376 0.215311 0.010391 0.055668
0 0.440944 0.179961 0.008805 0.048251
0 0.420405 0.167858 0.012281 0.045016
0 0.531823 0.249423 0.011265 0.057018
0 0.648861 0.197588 0.016143 0.056016
0 0.374929 0.186661 0.009631 0.047315
0 0.471341 0.164092 0.008931 0.043675
0 0.325171 0.215919 0.011248 0.051962
0 0.456135 0.357442 0.015297 0.078403
0 0.469451 0.347006 0.016898 0.073380
0 0.336355 0.192690 0.010213 0.047808
0 0.746445 0.384212 0.014512 0.078796
0 0.542532 0.158128 0.007724 0.038649
0 0.414183 0.198100 0.008577 0.051271
0 0.269759 0.160162 0.010243 0.043409
0 0.534869 0.159674 0.008366 0.037919
0 0.531537 0.199628 0.007515 0.046285
2 0.571959 0.121944 0.007058 0.032872
0 0.953036 0.293453 0.015956 0.063737
2 0.467595 0.290377 0.013049 0.040632