0 0.634590 0.174292 0.009132 0.047166
0 0.678856 0.201315 0.009305 0.056040
0 0.868552 0.189959 0.012760 0.053428
0 0.376689 0.236272 0.011919 0.063544
0 0.565033 0.199279 0.013651 0.055420
0 0.925462 0.226625 0.017597 0.062127
0 0.876949 0.278373 0.014194 0.067128
0 0.577605 0.145861 0.009938 0.041037
0 0.725709 0.171331 0.011369 0.048999
0 0.883530 0.175547 0.011259 0.050683
0 0.489820 0.143681 0.006536 0.038747
0 0.395490 0.172058 0.009084 0.048324
0 0.830423 0.155009 0.010493 0.033678
0 0.260411 0.137172 0.007460 0.042981
0 0.656627 0.131682 0.011500 0.039285
0 0.496681 0.125248 0.007318 0.037630
0 0.700592 0.165552 0.007642 0.036756
2 0.688684 0.159339 0.009810 0.043847
0 0.876620 0.292398 0.013503 0.041547