0 0.500699 0.181401 0.006508 0.037053
0 0.374189 0.218707 0.010272 0.047611
0 0.526899 0.189432 0.007683 0.037421
0 0.632741 0.202151 0.007977 0.036090
0 0.541178 0.185911 0.006269 0.035066
0 0.099028 0.214986 0.013498 0.051631
0 0.433651 0.177549 0.009371 0.033294
0 0.608303 0.192485 0.007454 0.036585
0 0.524996 0.232409 0.009451 0.045336
0 0.452945 0.165059 0.007317 0.029903
0 0.211082 0.383485 0.023771 0.079314
0 0.667445 0.214301 0.008610 0.037421
0 0.415061 0.179005 0.006586 0.034473
0 0.034470 0.343219 0.022743 0.079395
0 0.449850 0.199116 0.009086 0.041646
0 0.595325 0.188003 0.007743 0.035361
0 0.455051 0.196784 0.008010 0.038760
2 0.429771 0.204788 0.012522 0.040328
0 0.429829 0.204787 0.012801 0.038798