0 0.789300 0.130495 0.007363 0.036254
0 0.956260 0.301067 0.019470 0.063278
0 0.858769 0.180349 0.015256 0.050711
0 0.845279 0.185850 0.010888 0.049651
0 0.561908 0.130301 0.007533 0.034290
0 0.908985 0.233180 0.015884 0.055959
0 0.458367 0.144021 0.017347 0.038117
0 0.245930 0.124943 0.008905 0.041152
0 0.715693 0.197292 0.012153 0.049811
0 0.571806 0.125822 0.011660 0.034493
0 0.704928 0.217976 0.016469 0.055386
0 0.619907 0.124899 0.005835 0.027322
0 0.652351 0.104915 0.007989 0.034486
0 0.774790 0.123985 0.008359 0.033839
0 0.480392 0.241096 0.014168 0.053232
2 0.712584 0.149579 0.012188 0.046438
0 0.392927 0.153956 0.014874 0.037813
0 0.493707 0.127239 0.008941 0.030511
0 0.638267 0.132684 0.007968 0.037766
0 0.610130 0.221137 0.016944 0.054193
0 0.487549 0.115702 0.006481 0.023563
0 0.488820 0.114610 0.007363 0.022050