0 0.474956 0.207059 0.013026 0.048783
0 0.620714 0.349501 0.018754 0.064470
0 0.587088 0.141542 0.008328 0.033120
0 0.801204 0.221263 0.019286 0.045903
0 0.728809 0.170802 0.012431 0.038389
0 0.728748 0.244244 0.018483 0.047446
0 0.519007 0.132592 0.006153 0.031358
0 0.851132 0.278452 0.024639 0.049708
0 0.397278 0.148629 0.006830 0.032842
0 0.496762 0.195041 0.007081 0.041424
0 0.752507 0.212153 0.015829 0.046534
0 0.704009 0.150398 0.010148 0.026877
0 0.154978 0.174725 0.020140 0.046172
0 0.707451 0.162435 0.008706 0.034151
0 0.589478 0.293885 0.014394 0.061593
0 0.599546 0.296295 0.012464 0.062587
0 0.343425 0.266718 0.015200 0.053462
0 0.819366 0.261510 0.016693 0.034840
2 0.636839 0.245524 0.013196 0.050142