0 0.536258 0.194476 0.008480 0.041570
0 0.152110 0.306013 0.017215 0.066601
0 0.548452 0.203040 0.010067 0.037755
0 0.292974 0.257909 0.010298 0.057840
0 0.416693 0.245692 0.010540 0.052235
0 0.669946 0.262659 0.012238 0.057988
0 0.267921 0.324089 0.014148 0.068639
0 0.429059 0.194078 0.009992 0.044016
0 0.494641 0.214711 0.012009 0.044766
0 0.517163 0.189553 0.008450 0.040163
0 0.481416 0.186471 0.008190 0.037673
0 0.438202 0.181600 0.007668 0.033964
0 0.474250 0.161105 0.006989 0.031078
0 0.583356 0.183247 0.009487 0.037773
0 0.589490 0.193301 0.006561 0.029704
0 0.548241 0.174687 0.007477 0.028678
0 0.522658 0.167505 0.009183 0.034463
0 0.635890 0.195038 0.012372 0.041539
2 0.399032 0.150746 0.007981 0.028542