0 0.803677 0.226323 0.010906 0.058394
0 0.391575 0.286341 0.013491 0.071071
0 0.716472 0.356815 0.016446 0.085972
0 0.610981 0.369195 0.014962 0.089305
0 0.483389 0.261135 0.012529 0.056618
0 0.746279 0.291873 0.021772 0.071875
0 0.453473 0.216745 0.018804 0.057117
0 0.361296 0.272404 0.011895 0.065325
0 0.552239 0.188187 0.010181 0.050405
0 0.370721 0.257102 0.013211 0.062387
0 0.767178 0.193544 0.011418 0.047034
2 0.685402 0.328691 0.021897 0.082524
2 0.743166 0.163616 0.009300 0.040444
0 0.365714 0.221875 0.014606 0.041336
0 0.363388 0.266709 0.012095 0.067530