0 0.265108 0.195422 0.011613 0.047516
0 0.277241 0.195474 0.010318 0.039596
0 0.368764 0.197470 0.010768 0.046357
0 0.308657 0.176518 0.008004 0.038613
0 0.418706 0.184997 0.008444 0.042653
0 0.108958 0.214186 0.016474 0.056224
0 0.300537 0.240195 0.012209 0.057699
0 0.395346 0.215471 0.008700 0.049457
0 0.454687 0.248862 0.010332 0.056503
0 0.536131 0.169514 0.007596 0.034073
0 0.686640 0.200139 0.010325 0.040541
0 0.475429 0.179022 0.010460 0.042704
0 0.703043 0.203479 0.007690 0.039497
2 0.567031 0.206661 0.009229 0.047503
0 0.567064 0.206990 0.009338 0.047452