0 0.715836 0.312942 0.013903 0.073428
0 0.379657 0.249196 0.015264 0.060896
0 0.620454 0.209880 0.011566 0.047819
0 0.841126 0.238459 0.011710 0.056900
0 0.395615 0.189988 0.009965 0.049929
0 0.491802 0.188636 0.010320 0.044209
0 0.498763 0.271404 0.016853 0.062266
0 0.479312 0.198588 0.009522 0.046133
0 0.444898 0.178218 0.010068 0.043626
0 0.946936 0.320003 0.015517 0.069696
0 0.473194 0.213080 0.012747 0.051248
0 0.502799 0.171276 0.008023 0.039760
0 0.509823 0.202045 0.009058 0.042896
0 0.509793 0.239042 0.011460 0.050798
2 0.590414 0.199263 0.008882 0.047784
0 0.334012 0.210651 0.007616 0.051194
0 0.249552 0.198231 0.009348 0.053467
2 0.558451 0.161827 0.011300 0.036403
0 0.623809 0.173869 0.008455 0.034204
0 0.512661 0.166888 0.008480 0.039100
0 0.459245 0.152525 0.008970 0.037584