0 0.392117 0.184375 0.009745 0.046321
0 0.636214 0.193709 0.009753 0.045532
0 0.434187 0.217451 0.007975 0.049893
0 0.696444 0.155803 0.008520 0.037066
0 0.711859 0.155853 0.008385 0.037499
0 0.370464 0.161708 0.007283 0.038838
2 0.607831 0.157173 0.007971 0.039159
0 0.653817 0.185278 0.010753 0.045507
0 0.522204 0.169599 0.007347 0.041139
0 0.528625 0.173316 0.007730 0.039961
0 0.792042 0.178980 0.009359 0.041277
0 0.634478 0.160673 0.007757 0.031320
0 0.449827 0.154402 0.007604 0.037252
0 0.510894 0.142893 0.007270 0.033783
0 0.573737 0.152931 0.006089 0.028560
0 0.023106 0.246545 0.015665 0.064813
0 0.621341 0.150777 0.007415 0.035920
0 0.629698 0.147366 0.007138 0.032127
2 0.234808 0.151372 0.010068 0.040089
2 0.404280 0.139432 0.008205 0.034340
0 0.594611 0.133424 0.007223 0.031147
0 0.576748 0.130857 0.007490 0.027264
1 0.880900 0.170812 0.010986 0.039723
0 0.630172 0.141777 0.006148 0.022055