0 0.496865 0.280429 0.012180 0.070427
0 0.386376 0.252082 0.012573 0.063638
0 0.683314 0.195449 0.011902 0.050379
0 0.503344 0.158965 0.007097 0.042818
0 0.566659 0.124819 0.009494 0.036066
0 0.651380 0.155099 0.011405 0.045389
0 0.527197 0.159075 0.008609 0.042642
0 0.710218 0.194334 0.010776 0.051868
0 0.299791 0.161374 0.012213 0.047948
0 0.602901 0.145721 0.007285 0.039631
0 0.388380 0.136424 0.007951 0.031617
2 0.431428 0.147933 0.011619 0.044026
0 0.341955 0.138634 0.009677 0.038222
0 0.490172 0.121124 0.007233 0.035035
0 0.609161 0.133190 0.006867 0.036071
0 0.842573 0.160097 0.011395 0.039544
0 0.538709 0.120658 0.006770 0.034440
0 0.524503 0.135321 0.005407 0.024326
0 0.533727 0.119003 0.006698 0.029909
2 0.289198 0.114875 0.008580 0.035217