0 0.826376 0.287202 0.013484 0.055086
0 0.781990 0.287668 0.016535 0.057345
0 0.608258 0.279889 0.015290 0.057199
0 0.241766 0.251519 0.011620 0.056893
0 0.718824 0.241881 0.012834 0.048577
0 0.643625 0.231719 0.010560 0.048222
0 0.165191 0.227350 0.014345 0.054188
0 0.467939 0.266181 0.014034 0.058590
0 0.663216 0.241484 0.010959 0.048517
0 0.593905 0.248901 0.011414 0.053460
0 0.355782 0.208928 0.013788 0.047654
0 0.867246 0.361029 0.022144 0.075529
0 0.693471 0.391443 0.033051 0.083687
0 0.429597 0.453354 0.018453 0.072882
2 0.680887 0.283571 0.011228 0.064453
0 0.469089 0.203449 0.008191 0.040558
0 0.342129 0.330323 0.012748 0.053191