0 0.559011 0.378418 0.006111 0.031806
0 0.303579 0.389861 0.006742 0.029836
0 0.697452 0.406267 0.006308 0.039400
0 0.376294 0.472295 0.012498 0.050473
0 0.569277 0.477738 0.015772 0.057021
0 0.534083 0.396329 0.007164 0.035680
0 0.241263 0.435369 0.009439 0.042496
0 0.269474 0.403080 0.009066 0.038895
0 0.430199 0.385233 0.009044 0.030078
0 0.352989 0.370921 0.009116 0.026206
0 0.578671 0.369438 0.004804 0.027383
0 0.638074 0.364454 0.005692 0.027857
0 0.291035 0.384716 0.005966 0.028876
0 0.003677 0.416377 0.007354 0.037382
0 0.510378 0.371830 0.006831 0.025858
0 0.868597 0.403100 0.007876 0.038912
0 0.493065 0.372856 0.006590 0.023353
0 0.388063 0.378171 0.006249 0.024364
0 0.975105 0.366669 0.009053 0.027098
0 0.347605 0.362577 0.006234 0.018364
0 0.482442 0.366197 0.004242 0.016364