0 0.387506 0.514185 0.016964 0.067679
0 0.314213 0.466237 0.011299 0.053558
0 0.218120 0.514636 0.015018 0.071246
0 0.478732 0.555706 0.020902 0.071646
0 0.796351 0.494967 0.016655 0.064040
0 0.592005 0.467986 0.013486 0.051287
0 0.619980 0.525999 0.015820 0.063771
0 0.769322 0.497529 0.013435 0.058170
0 0.273333 0.497991 0.014531 0.065127
0 0.635493 0.460295 0.012983 0.047735
0 0.427639 0.410393 0.010313 0.041398
0 0.553486 0.589007 0.014611 0.079051
0 0.841509 0.690935 0.032548 0.105199
0 0.419787 0.667231 0.027099 0.093277
0 0.369112 0.683751 0.028935 0.099455
0 0.648455 0.393503 0.008784 0.031124
0 0.074903 0.662950 0.025011 0.085133
0 0.333853 0.591232 0.018427 0.060453
0 0.104991 0.437894 0.012510 0.057182
0 0.770164 0.726970 0.033741 0.114195
0 0.500733 0.516679 0.016729 0.061442
0 0.430835 0.384988 0.006855 0.019496
0 0.772734 0.718358 0.027779 0.097515
3 0.491812 0.843902 0.008819 0.018013