0 0.280422 0.478811 0.014031 0.059666
0 0.490121 0.420644 0.012814 0.043314
0 0.548620 0.466004 0.012619 0.052502
0 0.455631 0.610385 0.014482 0.081237
0 0.656319 0.437280 0.013056 0.041974
0 0.561813 0.383692 0.008663 0.029567
0 0.459476 0.462904 0.021039 0.054337
0 0.746588 0.438060 0.010316 0.048824
0 0.795208 0.438825 0.010430 0.049020
0 0.663604 0.389222 0.006644 0.030997
0 0.526175 0.397565 0.008307 0.035758
0 0.713398 0.540855 0.014830 0.066707
0 0.388139 0.399498 0.007176 0.035981
0 0.909444 0.506181 0.026844 0.060690
0 0.810380 0.454594 0.012411 0.044377
0 0.499850 0.376044 0.007575 0.030613
0 0.585857 0.444138 0.011548 0.049082
0 0.588661 0.410367 0.014765 0.037066
0 0.755973 0.409706 0.011583 0.037235
0 0.997482 0.654706 0.005036 0.070618
0 0.104555 0.421670 0.011653 0.044445
0 0.615093 0.411445 0.008661 0.037679
2 0.615056 0.411634 0.008800 0.038142
0 0.107417 0.422787 0.017277 0.047275