0 0.365547 0.430516 0.009611 0.043979
0 0.567883 0.478810 0.011186 0.052383
0 0.484663 0.466375 0.013158 0.056539
0 0.272492 0.409600 0.011744 0.037794
0 0.687211 0.407097 0.010786 0.042157
0 0.648665 0.385373 0.007254 0.031004
0 0.308635 0.450038 0.008689 0.052625
0 0.745532 0.626284 0.024153 0.085405
0 0.607534 0.418781 0.008558 0.041488
0 0.978518 0.582180 0.024815 0.080505
0 0.307370 0.721313 0.020634 0.110624
0 0.097865 0.526187 0.026685 0.070955
0 0.492561 0.398827 0.009902 0.038206
0 0.501913 0.425145 0.008581 0.040771
0 0.519279 0.377776 0.006952 0.029695
0 0.728366 0.439318 0.008762 0.047981
0 0.522418 0.797359 0.016842 0.133114
0 0.402964 0.372737 0.007635 0.029083