0 0.552237 0.399397 0.007783 0.037444
0 0.331132 0.446463 0.009978 0.048659
0 0.438748 0.395446 0.006192 0.035623
0 0.249327 0.423098 0.010876 0.042585
0 0.496313 0.408805 0.006740 0.038567
0 0.536141 0.399028 0.008079 0.030535
0 0.459532 0.394800 0.007155 0.033633
0 0.533365 0.378286 0.005902 0.028491
0 0.573361 0.407523 0.007663 0.038831
0 0.603348 0.389068 0.006818 0.032491
0 0.579022 0.415074 0.006909 0.039464
0 0.521168 0.396949 0.008884 0.029090
0 0.708450 0.423182 0.009291 0.036977
0 0.947960 0.477923 0.017554 0.049251
0 0.524856 0.412963 0.008586 0.026846
0 0.702153 0.595220 0.016692 0.086203
0 0.594688 0.403939 0.007327 0.031786
2 0.595257 0.435974 0.008963 0.042886
0 0.585208 0.386489 0.005924 0.030850
0 0.625222 0.392559 0.006135 0.028185
0 0.571632 0.365992 0.006076 0.031235
0 0.595318 0.376176 0.007707 0.031633