0 0.495306 0.540998 0.015743 0.065758
0 0.466672 0.572803 0.014222 0.074741
0 0.553379 0.518410 0.013403 0.065610
0 0.523931 0.433945 0.012260 0.059045
0 0.513901 0.550727 0.017671 0.075704
0 0.540029 0.436072 0.011553 0.045595
0 0.527844 0.573753 0.016356 0.074366
0 0.581115 0.430705 0.010402 0.040811
0 0.630808 0.532959 0.016779 0.062078
0 0.617848 0.519372 0.013543 0.067180
0 0.550777 0.422871 0.008761 0.037110
0 0.569049 0.425679 0.008293 0.044772
0 0.558049 0.429329 0.007170 0.044669
0 0.568323 0.520482 0.013635 0.063262
0 0.587997 0.509161 0.012720 0.060217
0 0.443814 0.599462 0.022604 0.072481
0 0.565030 0.587332 0.012634 0.064004
0 0.579983 0.544521 0.016170 0.068799
0 0.596507 0.551978 0.014692 0.070374
0 0.566952 0.593288 0.017346 0.078363
0 0.616630 0.505238 0.010180 0.040391