0 0.487122 0.467381 0.010697 0.056268
0 0.756875 0.604797 0.027333 0.082599
0 0.323888 0.442057 0.007864 0.049398
0 0.355071 0.419420 0.011583 0.041136
0 0.918469 0.567864 0.025278 0.077608
0 0.500362 0.468880 0.012556 0.054054
0 0.268518 0.412732 0.011578 0.038947
0 0.423502 0.755320 0.033651 0.112499
0 0.538695 0.735832 0.018496 0.115907
0 0.644923 0.387150 0.007529 0.031990
0 0.393106 0.381969 0.006390 0.030019
0 0.583641 0.413995 0.006785 0.037915
0 0.164774 0.460141 0.010397 0.056583
0 0.581670 0.458739 0.010180 0.048974
0 0.681707 0.409221 0.010374 0.040005
0 0.735006 0.442485 0.007465 0.046959
0 0.486948 0.397165 0.006754 0.034533
0 0.493332 0.425858 0.007721 0.037257
0 0.413686 0.408496 0.007439 0.038570
0 0.496262 0.380526 0.006791 0.027902
0 0.496262 0.400071 0.007268 0.032655