0 0.285946 0.405156 0.007786 0.037649
0 0.421879 0.470854 0.012049 0.051097
0 0.266224 0.423707 0.008091 0.040475
0 0.409125 0.403665 0.009313 0.035767
0 0.166641 0.507316 0.013794 0.062026
0 0.284387 0.470634 0.016300 0.054656
0 0.071330 0.515212 0.023753 0.068168
0 0.420753 0.394279 0.007549 0.036630
0 0.034800 0.461552 0.012112 0.054737
0 0.620800 0.597686 0.025305 0.086530
0 0.116808 0.568713 0.017508 0.075489
0 0.408530 0.360247 0.006382 0.027325
0 0.073972 0.459839 0.011709 0.054552
0 0.668255 0.425141 0.009565 0.041724
0 0.332792 0.405714 0.006919 0.037428
0 0.437871 0.385980 0.008088 0.030803
0 0.214998 0.382949 0.006445 0.030121
0 0.565703 0.409362 0.008671 0.036287
0 0.219889 0.365948 0.006428 0.025766
2 0.916296 0.465632 0.012481 0.045553
0 0.481613 0.346578 0.005688 0.023995
0 0.562312 0.379010 0.007979 0.028008