0 0.375291 0.471143 0.015219 0.054707
0 0.581213 0.487471 0.014804 0.053839
0 0.258477 0.477101 0.015723 0.054271
0 0.354825 0.453406 0.009142 0.048897
0 0.584456 0.439652 0.011373 0.048330
0 0.535897 0.403895 0.008381 0.036797
0 0.256502 0.423909 0.015100 0.044743
0 0.338318 0.487005 0.017159 0.057138
0 0.153723 0.481923 0.019231 0.059992
0 0.521155 0.461953 0.013576 0.045440
0 0.631018 0.491124 0.011013 0.059746
0 0.472785 0.451095 0.010435 0.047696
0 0.391408 0.551042 0.020413 0.072167
0 0.547620 0.571719 0.016132 0.071573
0 0.186777 0.555235 0.028701 0.072551
0 0.393472 0.499483 0.011529 0.051762
0 0.330903 0.391505 0.006608 0.032626
0 0.123724 0.580081 0.032507 0.104879
0 0.996631 0.416135 0.006572 0.035348
0 0.996159 0.390589 0.007347 0.032958