0 0.840128 0.443188 0.010680 0.046950
0 0.874692 0.429816 0.014483 0.043824
0 0.663320 0.471416 0.012425 0.057641
0 0.802136 0.462057 0.015371 0.054201
0 0.363127 0.446361 0.015457 0.041673
0 0.704677 0.506772 0.013831 0.059782
0 0.410469 0.529098 0.021054 0.062200
0 0.841764 0.489921 0.011132 0.057317
0 0.264870 0.441390 0.010140 0.034816
0 0.781551 0.396356 0.007208 0.033522
0 0.682235 0.604832 0.025349 0.079457
0 0.697892 0.385044 0.006850 0.029539
0 0.532070 0.408219 0.010995 0.049688
0 0.239364 0.422155 0.010705 0.033454
0 0.224885 0.427332 0.011213 0.037304
0 0.431784 0.462345 0.012791 0.045969
0 0.430658 0.466810 0.015249 0.055103
0 0.704892 0.501204 0.011834 0.047626