0 0.308049 0.440567 0.009117 0.044373
0 0.355887 0.399513 0.007397 0.034847
0 0.514693 0.377810 0.005714 0.031082
0 0.555033 0.378050 0.006380 0.031259
0 0.534244 0.379202 0.005780 0.030873
0 0.541457 0.375899 0.006526 0.029773
0 0.433689 0.409117 0.007645 0.037167
0 0.481786 0.403546 0.009781 0.033692
0 0.526234 0.379601 0.006129 0.030218
0 0.562811 0.375258 0.006720 0.031215
0 0.463357 0.389598 0.007313 0.032532
0 0.490975 0.380467 0.006817 0.032008
0 0.469575 0.384886 0.006844 0.033303
0 0.634482 0.392290 0.006619 0.033994
0 0.485775 0.381850 0.006256 0.029375
0 0.476910 0.382606 0.006213 0.032544
0 0.604248 0.378808 0.005985 0.031334
0 0.932437 0.441861 0.010896 0.034509
0 0.429756 0.397192 0.007313 0.031940
0 0.579454 0.373979 0.007067 0.030125
0 0.432255 0.396956 0.009332 0.032190
0 0.459795 0.345051 0.005006 0.021650
0 0.949994 0.462647 0.011594 0.044284