0 0.783031 0.423477 0.008827 0.042316
0 0.753416 0.380536 0.008788 0.034302
0 0.413519 0.393875 0.014474 0.033823
0 0.619041 0.386956 0.008425 0.029218
0 0.517182 0.381739 0.005969 0.026705
0 0.553121 0.375346 0.009549 0.025386
0 0.643471 0.469347 0.020349 0.047113
0 0.725892 0.382878 0.007862 0.028649
0 0.373007 0.417429 0.014023 0.034037
0 0.675413 0.382067 0.008109 0.031102
0 0.666654 0.381043 0.007394 0.032507
0 0.503275 0.382663 0.006569 0.021757
0 0.624279 0.458484 0.021545 0.051641
0 0.473760 0.369238 0.009878 0.026363
0 0.470456 0.387195 0.009953 0.029779
0 0.174482 0.397816 0.008763 0.029966
0 0.594790 0.366533 0.007066 0.021213
0 0.431697 0.378913 0.005970 0.023685
0 0.490689 0.369196 0.005626 0.019420
0 0.437549 0.378116 0.006289 0.021816
0 0.587664 0.393390 0.011081 0.028181
0 0.436290 0.378161 0.006104 0.022672
0 0.490956 0.365757 0.005979 0.024850