0 0.577319 0.397491 0.011161 0.037621
0 0.740848 0.565096 0.017253 0.078200
0 0.623613 0.496804 0.021777 0.059556
0 0.852703 0.460455 0.018834 0.055332
0 0.541785 0.443649 0.011898 0.051476
0 0.362973 0.393396 0.008334 0.032716
0 0.300417 0.427522 0.010102 0.041704
0 0.304280 0.480902 0.014409 0.049531
0 0.669847 0.405747 0.007632 0.036412
0 0.371413 0.389489 0.008281 0.033100
0 0.528939 0.411695 0.009813 0.037704
0 0.437398 0.386324 0.009494 0.033683
0 0.310845 0.433496 0.012476 0.049962
0 0.116903 0.409966 0.013090 0.039353
0 0.320216 0.622847 0.025151 0.083921
0 0.517020 0.394583 0.007007 0.032879
0 0.737851 0.388510 0.007435 0.033769
0 0.522425 0.375790 0.007403 0.027531