0 0.679642 0.424423 0.011908 0.041051
0 0.546853 0.423820 0.013485 0.044315
0 0.991587 0.520109 0.016689 0.069587
0 0.854071 0.460869 0.012458 0.049169
0 0.643368 0.398352 0.011098 0.036500
0 0.983907 0.432648 0.016355 0.049424
0 0.516268 0.462444 0.014239 0.047008
0 0.686481 0.398284 0.007758 0.032818
0 0.533281 0.456669 0.008077 0.044308
0 0.769812 0.476703 0.010794 0.050156
0 0.756379 0.469283 0.013023 0.045616
0 0.768935 0.428461 0.009526 0.041331
0 0.990133 0.712742 0.019735 0.111712
0 0.993360 0.409690 0.009273 0.037325
0 0.765136 0.385074 0.007746 0.023753
0 0.847058 0.402292 0.009860 0.032699
0 0.847330 0.425239 0.011828 0.046039
1 0.405921 0.372869 0.006640 0.028206
0 0.964268 0.389301 0.009211 0.031212