0 0.905922 0.495486 0.021397 0.060848
0 0.559656 0.433726 0.011761 0.047840
0 0.861007 0.426538 0.010590 0.042634
0 0.655956 0.411561 0.008342 0.037041
0 0.886512 0.491488 0.020311 0.062385
0 0.446710 0.432516 0.009105 0.038259
0 0.454992 0.398725 0.010940 0.033304
0 0.838561 0.665369 0.036331 0.104595
0 0.871017 0.426095 0.010021 0.045197
0 0.583680 0.375336 0.005877 0.027130
0 0.787982 0.393052 0.007550 0.030976
0 0.399711 0.386020 0.010468 0.029786
0 0.347026 0.369611 0.007526 0.036047
0 0.271040 0.426429 0.013735 0.049533
0 0.431749 0.413066 0.008043 0.036706
0 0.298072 0.498599 0.017803 0.075218
0 0.487118 0.750707 0.027764 0.111935
1 0.092667 0.431481 0.011192 0.039098
0 0.092640 0.430995 0.011077 0.039225
0 0.271753 0.435826 0.012396 0.069384
0 0.305122 0.393447 0.004531 0.015728