0 0.848993 0.604681 0.024505 0.083960
0 0.221793 0.462548 0.012359 0.052824
0 0.169905 0.590680 0.022984 0.078936
0 0.630674 0.507521 0.015276 0.060395
0 0.371983 0.519170 0.016176 0.062137
0 0.654749 0.467150 0.013116 0.050205
0 0.586544 0.445497 0.009621 0.047433
0 0.739254 0.440306 0.012203 0.044878
0 0.665751 0.401882 0.008404 0.036493
0 0.891460 0.505747 0.022505 0.064704
0 0.920410 0.514509 0.020314 0.066194
0 0.526433 0.427377 0.009995 0.043430
0 0.858196 0.431429 0.013195 0.041444
0 0.955876 0.649412 0.035427 0.073952
0 0.424394 0.400374 0.014007 0.047124
0 0.254322 0.612274 0.023653 0.067828
0 0.400310 0.544929 0.020817 0.055445
0 0.439552 0.758000 0.011874 0.053214
0 0.307299 0.492019 0.016486 0.064627
0 0.271905 0.411621 0.011896 0.028969
0 0.908824 0.466316 0.013174 0.043493
0 0.373605 0.576500 0.022707 0.084355
0 0.306809 0.515371 0.017456 0.114840