0 0.320669 0.522928 0.016679 0.061700
0 0.507613 0.448654 0.010483 0.049949
0 0.326084 0.445601 0.012759 0.043641
0 0.377279 0.422194 0.008409 0.041492
0 0.561923 0.441299 0.010085 0.046718
0 0.158656 0.488704 0.018459 0.056827
0 0.486323 0.587223 0.033528 0.076164
0 0.539831 0.387952 0.008774 0.035222
0 0.168653 0.406256 0.009255 0.036251
0 0.124201 0.407000 0.009377 0.036047
0 0.337619 0.389716 0.007285 0.033055
0 0.408063 0.379141 0.007450 0.033634
0 0.589511 0.600560 0.024332 0.074195
2 0.860063 0.529831 0.016080 0.062149
0 0.230635 0.465951 0.011267 0.049247
3 0.611261 0.586687 0.006186 0.008359
0 0.001810 0.429426 0.003574 0.036649