0 0.519765 0.494049 0.011176 0.058348
0 0.453800 0.387300 0.006509 0.031921
0 0.675611 0.478617 0.017420 0.056905
0 0.396657 0.409009 0.007677 0.034013
0 0.454292 0.441873 0.010678 0.046131
0 0.474591 0.411109 0.009657 0.039297
0 0.361618 0.406568 0.009270 0.035988
0 0.534647 0.608946 0.019351 0.091524
0 0.435882 0.430724 0.011700 0.046962
0 0.301301 0.441518 0.007033 0.048782
0 0.565157 0.407921 0.006759 0.038889
0 0.484843 0.387377 0.008914 0.029538
0 0.497632 0.770223 0.030859 0.120205
0 0.344573 0.422542 0.009105 0.040896
0 0.426470 0.394471 0.006529 0.034312
0 0.556172 0.415316 0.009086 0.041725
0 0.419097 0.392077 0.007728 0.032121
0 0.621389 0.429021 0.011098 0.042170
0 0.327687 0.401268 0.008097 0.035042
0 0.412316 0.408586 0.008055 0.036454
0 0.279109 0.402467 0.013655 0.046771
0 0.277779 0.399342 0.011090 0.040749