0 0.570768 0.424037 0.014260 0.044065
0 0.391415 0.380673 0.007101 0.028186
0 0.480151 0.404787 0.008529 0.035422
0 0.329287 0.425601 0.008807 0.035628
0 0.353380 0.390996 0.006694 0.036207
0 0.430296 0.377912 0.006403 0.030814
0 0.654286 0.384921 0.009874 0.030544
0 0.272687 0.551783 0.023531 0.076113
0 0.436663 0.364219 0.005142 0.026692
0 0.496496 0.372090 0.007501 0.032348
0 0.555277 0.373763 0.006081 0.030256
0 0.633127 0.370084 0.005559 0.024344
0 0.487474 0.370531 0.006512 0.029262
0 0.552824 0.373105 0.006408 0.030804
0 0.551150 0.372466 0.007812 0.031392
0 0.463997 0.364284 0.005644 0.022098
0 0.183118 0.404192 0.009077 0.042433
0 0.272455 0.514886 0.021140 0.059931