0 0.206919 0.442015 0.011305 0.046060
0 0.624186 0.429259 0.010680 0.046048
0 0.712372 0.455286 0.012017 0.050060
0 0.677890 0.457719 0.014489 0.049930
0 0.277150 0.439843 0.012019 0.046551
0 0.231289 0.440285 0.009400 0.043629
0 0.695010 0.431680 0.012687 0.043025
0 0.223645 0.429566 0.009597 0.044055
0 0.182886 0.436518 0.009274 0.051854
0 0.738258 0.459341 0.008339 0.053458
0 0.852675 0.475434 0.018335 0.053141
0 0.256728 0.419773 0.008611 0.037009
0 0.189806 0.427279 0.009617 0.042040
0 0.688334 0.421116 0.007842 0.035044
0 0.270392 0.426512 0.013460 0.039950
0 0.944563 0.437545 0.013350 0.034121
2 0.877933 0.478590 0.013379 0.051167
0 0.997352 0.479134 0.005297 0.060941
0 0.207125 0.420025 0.007062 0.028030
0 0.271945 0.430158 0.015415 0.045671