0 0.278296 0.398934 0.012885 0.037284
0 0.671850 0.423602 0.009412 0.041307
0 0.303397 0.389959 0.005933 0.029949
0 0.441534 0.386947 0.006045 0.027955
0 0.608321 0.384596 0.007532 0.028104
0 0.674655 0.484915 0.016523 0.054241
0 0.493294 0.384172 0.009542 0.029616
0 0.510499 0.374540 0.006366 0.027363
0 0.455594 0.376653 0.007015 0.027055
0 0.546355 0.379364 0.008013 0.033235
0 0.833988 0.390490 0.008370 0.032988
0 0.332284 0.453986 0.011962 0.039860
0 0.467024 0.380483 0.005096 0.025481
0 0.385983 0.367748 0.005781 0.026274
0 0.540105 0.371354 0.007401 0.019965
0 0.816913 0.355697 0.007372 0.024656
0 0.561775 0.365362 0.006754 0.027097
0 0.324288 0.368210 0.006504 0.023810
0 0.480727 0.363677 0.005827 0.024300
0 0.563566 0.363605 0.006545 0.029135
0 0.555952 0.359365 0.005164 0.018050