0 0.351265 0.419324 0.010837 0.035625
0 0.263696 0.459232 0.010902 0.045617
0 0.390549 0.412668 0.012909 0.038708
0 0.656628 0.477968 0.023419 0.056954
0 0.599281 0.400172 0.011497 0.031558
0 0.380015 0.400951 0.008354 0.036167
0 0.489322 0.445214 0.017053 0.043029
0 0.051382 0.484973 0.015620 0.050119
0 0.488335 0.386044 0.010724 0.045865
0 0.690543 0.481848 0.021516 0.053332
0 0.507444 0.426373 0.011209 0.037663
0 0.410185 0.390358 0.007885 0.026406
0 0.458375 0.401563 0.008408 0.032974
0 0.426900 0.416438 0.013326 0.045493
0 0.255610 0.415582 0.008678 0.025226
0 0.347593 0.449840 0.016452 0.029775
0 0.417574 0.396209 0.008823 0.027884
0 0.458148 0.430603 0.012771 0.045088
0 0.376848 0.424675 0.008033 0.024542