0 0.309670 0.464275 0.011351 0.050739
0 0.664056 0.573111 0.017966 0.079010
0 0.150974 0.483323 0.013973 0.051016
0 0.598907 0.456600 0.014593 0.051731
0 0.757116 0.409509 0.010344 0.039538
0 0.560385 0.504393 0.010169 0.059293
0 0.583962 0.385491 0.009514 0.040659
0 0.753636 0.449194 0.013267 0.056234
0 0.455838 0.408149 0.008108 0.036110
0 0.425684 0.426654 0.008305 0.036244
0 0.525799 0.397168 0.011076 0.051008
0 0.612743 0.451181 0.010468 0.048001
0 0.206825 0.451213 0.010151 0.041552
0 0.402283 0.402423 0.006981 0.035286
0 0.501636 0.387620 0.006668 0.031749
0 0.602751 0.398817 0.010578 0.039621
0 0.569819 0.385732 0.009287 0.040392
0 0.615913 0.458031 0.019456 0.059808
0 0.554874 0.399676 0.008375 0.046754
0 0.408567 0.441457 0.010439 0.044177