0 0.133002 0.487799 0.014058 0.059309
0 0.342632 0.540743 0.013581 0.065807
0 0.458962 0.410018 0.010570 0.036716
0 0.354965 0.399446 0.007340 0.035914
0 0.481911 0.384697 0.007110 0.030720
0 0.391662 0.386710 0.010142 0.029767
0 0.545625 0.379791 0.007650 0.030638
0 0.661389 0.468676 0.010750 0.052359
0 0.646021 0.493136 0.012805 0.049431
0 0.449950 0.387666 0.007695 0.027793
0 0.495624 0.391116 0.006155 0.030105
0 0.751774 0.570537 0.014893 0.078553
0 0.500616 0.376204 0.006364 0.026146
0 0.586136 0.413797 0.008934 0.034687
0 0.519856 0.400319 0.006148 0.031676
0 0.520066 0.381677 0.007009 0.024020
2 0.596124 0.414424 0.007027 0.037191
2 0.751762 0.571142 0.014601 0.076861
0 0.642882 0.464601 0.010960 0.028298
0 0.629054 0.380870 0.006178 0.029015
0 0.817366 0.413698 0.014905 0.031144
0 0.587068 0.392929 0.009087 0.021726
0 0.837709 0.435283 0.008857 0.020011