0 0.054765 0.526775 0.019000 0.072926
0 0.408685 0.414933 0.008540 0.040076
0 0.504469 0.378724 0.008440 0.030355
0 0.318307 0.547476 0.012842 0.065202
0 0.646598 0.427250 0.010833 0.042456
0 0.060072 0.454939 0.011789 0.050847
0 0.451162 0.606723 0.019878 0.078047
0 0.524756 0.426746 0.007076 0.037485
0 0.099858 0.511228 0.014338 0.069151
0 0.449501 0.390714 0.007269 0.032108
0 0.116649 0.423823 0.015271 0.042310
0 0.153055 0.444602 0.011996 0.051928
0 0.316708 0.399174 0.006368 0.036638
0 0.443650 0.365913 0.007204 0.023164
0 0.596307 0.405537 0.009498 0.034039
0 0.493642 0.439647 0.008087 0.044510
0 0.138531 0.392221 0.011249 0.031333
0 0.111425 0.403814 0.010505 0.028163
0 0.499809 0.366914 0.005903 0.023809
0 0.680557 0.403699 0.008871 0.033953
0 0.499732 0.421507 0.010488 0.039128
2 0.925882 0.465949 0.008465 0.040849
2 0.499663 0.420704 0.010927 0.038194
1 0.680541 0.403800 0.008843 0.034375