0 0.473388 0.501636 0.019638 0.062468
0 0.542990 0.450699 0.018183 0.046135
0 0.758667 0.521917 0.015489 0.063615
0 0.588391 0.396606 0.009466 0.033214
0 0.320694 0.526358 0.017715 0.069218
0 0.821240 0.510005 0.019486 0.063201
0 0.247639 0.422414 0.009589 0.042342
0 0.154277 0.483899 0.014988 0.060844
0 0.447801 0.428530 0.010144 0.045415
0 0.599662 0.473111 0.011291 0.051792
0 0.646955 0.418674 0.014799 0.044836
0 0.712864 0.447631 0.009795 0.049181
0 0.682832 0.493137 0.008532 0.052791
0 0.623848 0.541684 0.021052 0.060052
0 0.829669 0.710845 0.036216 0.083661
2 0.490400 0.463093 0.010034 0.049445
0 0.876062 0.399249 0.010945 0.036202
0 0.443222 0.499943 0.011517 0.043486
0 0.363306 0.381093 0.007902 0.031373
0 0.443392 0.391978 0.009288 0.031961
0 0.542856 0.497121 0.012125 0.020757
0 0.491310 0.369453 0.005985 0.023064
0 0.490255 0.463049 0.010052 0.050417