0 0.159988 0.506581 0.010770 0.058429
0 0.894972 0.655885 0.023794 0.098433
0 0.964618 0.424104 0.010605 0.043312
0 0.862175 0.448209 0.015386 0.044571
0 0.620667 0.448734 0.008421 0.044459
0 0.466802 0.422460 0.017246 0.040744
0 0.825150 0.476386 0.017965 0.050507
0 0.601809 0.397516 0.011107 0.037565
0 0.544018 0.513630 0.027709 0.053849
0 0.657476 0.408470 0.009340 0.049259
0 0.660314 0.411476 0.015120 0.055139
0 0.762812 0.391874 0.006663 0.031207
0 0.628874 0.436093 0.012095 0.055208
0 0.629740 0.444485 0.012586 0.049701
0 0.656971 0.404048 0.007891 0.040705
0 0.624423 0.489057 0.014381 0.054191
0 0.753060 0.370715 0.006272 0.027624
1 0.311543 0.407989 0.006374 0.037851
0 0.659250 0.405706 0.012877 0.044601