0 0.584880 0.479366 0.012514 0.057690
0 0.202337 0.605349 0.017352 0.075778
0 0.336900 0.462553 0.014101 0.050459
0 0.391302 0.384640 0.008126 0.028433
0 0.265136 0.420850 0.010796 0.042976
0 0.599952 0.403034 0.014313 0.037666
0 0.291022 0.409392 0.010914 0.040294
0 0.219969 0.485038 0.010351 0.051723
0 0.334304 0.400092 0.007954 0.031829
0 0.563294 0.398353 0.007364 0.032913
0 0.328411 0.378040 0.007653 0.029119
0 0.497658 0.389050 0.007385 0.026782
0 0.411002 0.384966 0.005451 0.027736
0 0.462435 0.374903 0.008129 0.028764
0 0.452975 0.395605 0.006759 0.030356
0 0.505001 0.377128 0.005206 0.020888
0 0.301850 0.385708 0.007117 0.025962
0 0.598320 0.374934 0.006086 0.024915
0 0.414818 0.393517 0.005808 0.029626
0 0.820589 0.395000 0.007695 0.039654
0 0.374711 0.398400 0.008833 0.032850
0 0.293971 0.390397 0.006165 0.018318
2 0.309485 0.362937 0.006006 0.022537