0 0.250151 0.467825 0.014540 0.046168
0 0.295689 0.447629 0.013507 0.040006
0 0.627061 0.418592 0.011733 0.045469
0 0.712495 0.429479 0.015627 0.041923
0 0.472439 0.466646 0.012186 0.054826
0 0.627104 0.473111 0.012595 0.054046
0 0.399917 0.418308 0.011287 0.047233
0 0.278256 0.455357 0.012305 0.041518
0 0.724224 0.408071 0.008626 0.037281
0 0.365007 0.430990 0.009641 0.036797
0 0.406517 0.449362 0.012234 0.051585
0 0.435993 0.402423 0.009045 0.037234
0 0.409733 0.415333 0.008896 0.045626
0 0.748163 0.418776 0.007052 0.039181
0 0.453931 0.388430 0.012282 0.036093
0 0.373374 0.430456 0.011762 0.032336
0 0.418738 0.459921 0.011805 0.049772
0 0.462420 0.385783 0.009026 0.031403
0 0.247320 0.403265 0.017001 0.047856
0 0.438639 0.406126 0.014509 0.044834