0 0.421558 0.551102 0.015267 0.079043
0 0.333649 0.493735 0.018849 0.058533
0 0.709953 0.577642 0.023020 0.075324
0 0.751923 0.448060 0.011652 0.049456
0 0.837127 0.696527 0.025447 0.100983
0 0.862713 0.395773 0.008317 0.031545
0 0.871978 0.415202 0.008826 0.031186
0 0.399439 0.621867 0.016618 0.082840
0 0.584790 0.456713 0.010214 0.048883
0 0.585349 0.426411 0.008646 0.040850
0 0.644491 0.607484 0.018853 0.092719
0 0.995158 0.572874 0.009684 0.052112
0 0.995575 0.562814 0.008850 0.072784
0 0.319268 0.623087 0.007999 0.027780
0 0.422488 0.397936 0.008243 0.033915