0 0.659269 0.465172 0.011545 0.055987
0 0.874383 0.481980 0.014846 0.057265
0 0.812531 0.467907 0.013418 0.054810
0 0.579250 0.415061 0.007114 0.041070
0 0.732434 0.443249 0.008739 0.048702
0 0.469359 0.511028 0.013174 0.056286
0 0.852625 0.411120 0.010005 0.035733
0 0.549324 0.496428 0.010865 0.063462
0 0.712092 0.532178 0.020012 0.066969
0 0.803994 0.389069 0.006727 0.032206
0 0.992136 0.483688 0.015714 0.060764
0 0.462645 0.553187 0.014112 0.068810
0 0.625696 0.609403 0.020800 0.051721
0 0.571237 0.793877 0.039162 0.110345