0 0.571392 0.416194 0.009019 0.041565
0 0.626882 0.380159 0.006819 0.032474
0 0.811676 0.397931 0.005897 0.034023
0 0.802377 0.397203 0.007343 0.031732
0 0.663281 0.386776 0.006412 0.030855
0 0.827072 0.391503 0.006054 0.034123
0 0.559587 0.361637 0.005527 0.023027
0 0.525729 0.365596 0.006307 0.023703
0 0.466694 0.399257 0.009499 0.042603
0 0.520905 0.360191 0.005598 0.023708
0 0.456493 0.396782 0.008700 0.043331
0 0.378914 0.407124 0.007569 0.047442
0 0.388957 0.408404 0.008885 0.049910
0 0.570360 0.378547 0.006515 0.025149
0 0.445783 0.380417 0.004971 0.028127
0 0.342826 0.424686 0.013317 0.044849
0 0.371135 0.393076 0.005614 0.019146
0 0.482399 0.368055 0.004709 0.022774
0 0.446819 0.384706 0.006982 0.035439
0 0.342544 0.404789 0.007409 0.024630
0 0.483080 0.369535 0.006288 0.025975
0 0.484626 0.373981 0.009896 0.034285