0 0.791987 0.616682 0.022900 0.084128
0 0.604602 0.528188 0.015741 0.067894
0 0.515849 0.456510 0.009789 0.051898
0 0.575807 0.434663 0.009723 0.046396
0 0.708270 0.400339 0.011678 0.033535
0 0.944486 0.757819 0.031535 0.113895
0 0.947510 0.451391 0.015456 0.049233
0 0.569789 0.613019 0.017295 0.088211
0 0.842724 0.532380 0.018582 0.076176
2 0.810485 0.563528 0.019438 0.073638
0 0.253919 0.609533 0.023692 0.094173
0 0.604549 0.388731 0.007359 0.032625
0 0.372859 0.595789 0.019974 0.089562
0 0.207951 0.425450 0.015567 0.045108
0 0.207027 0.432939 0.018305 0.061895
0 0.810429 0.563403 0.019323 0.074552