0 0.348919 0.424883 0.009095 0.043592
0 0.195873 0.441802 0.008688 0.044913
0 0.528498 0.400819 0.008092 0.035447
0 0.505676 0.401394 0.007152 0.034003
0 0.447697 0.441375 0.009385 0.047046
0 0.217366 0.447689 0.010794 0.053352
0 0.493410 0.411444 0.011587 0.041118
0 0.473968 0.415238 0.010990 0.031774
0 0.266283 0.438432 0.013290 0.043270
0 0.243553 0.419100 0.007906 0.039020
0 0.302682 0.388852 0.007529 0.032518
0 0.965651 0.422835 0.010424 0.045205
0 0.174884 0.446546 0.008996 0.053687
0 0.301774 0.421974 0.007526 0.041433
0 0.116409 0.500683 0.013467 0.067283
0 0.173734 0.499186 0.011466 0.059897
0 0.309920 0.397588 0.008891 0.035521
0 0.176443 0.498557 0.017164 0.061507
0 0.235944 0.453724 0.011056 0.051250
0 0.303571 0.449444 0.010816 0.040681
0 0.120901 0.585600 0.025418 0.065086
0 0.117077 0.511052 0.013593 0.089644
0 0.185187 0.552927 0.024055 0.067393
0 0.304616 0.393113 0.007935 0.038884
0 0.181659 0.498096 0.027063 0.066890