0 0.012645 0.587788 0.023501 0.091985
0 0.181544 0.535826 0.020140 0.072148
0 0.362734 0.465362 0.014946 0.052907
0 0.528701 0.473953 0.016214 0.052886
0 0.427707 0.407413 0.009342 0.037192
0 0.185606 0.655456 0.028354 0.097666
0 0.553538 0.457286 0.012947 0.046083
0 0.395723 0.389296 0.007459 0.030291
0 0.669799 0.427782 0.013635 0.043137
0 0.381730 0.481024 0.013855 0.050017
0 0.840711 0.442754 0.008106 0.042078
0 0.208140 0.441567 0.010120 0.042084
0 0.386665 0.426580 0.009391 0.042716
0 0.211903 0.419678 0.008552 0.038954
0 0.519298 0.371858 0.006999 0.031588
0 0.003848 0.509627 0.007626 0.055087
0 0.393822 0.417640 0.008234 0.035119
0 0.386380 0.367594 0.004826 0.021955
0 0.480547 0.437325 0.009500 0.040649
2 0.929532 0.458684 0.011753 0.043502
0 0.689450 0.399744 0.008031 0.037508
0 0.622276 0.384406 0.009326 0.031942