0 0.726398 0.453758 0.013142 0.049722
0 0.640853 0.547021 0.019861 0.078318
0 0.631755 0.419464 0.010328 0.040248
0 0.509346 0.488412 0.010387 0.058135
0 0.477728 0.482116 0.015525 0.055391
0 0.421848 0.393982 0.007680 0.037939
0 0.776385 0.457220 0.009809 0.048702
0 0.364962 0.451351 0.008314 0.044972
0 0.455614 0.397081 0.009969 0.041870
0 0.444955 0.394870 0.007113 0.034760
0 0.469582 0.398554 0.006367 0.032185
0 0.464482 0.398042 0.006627 0.033697
0 0.436602 0.383887 0.005782 0.019959
0 0.477988 0.421847 0.013294 0.040187
0 0.436373 0.407389 0.009445 0.034820
0 0.498440 0.419480 0.008139 0.039969
0 0.475926 0.421174 0.008330 0.038660
0 0.367116 0.458091 0.013641 0.058657
0 0.437727 0.415478 0.010160 0.041219
0 0.369596 0.486706 0.014989 0.045162
0 0.416698 0.429363 0.009663 0.034496
0 0.419191 0.432217 0.014765 0.040576
0 0.438964 0.418270 0.008926 0.040043
0 0.369020 0.470717 0.017099 0.077201