0 0.525083 0.449284 0.013559 0.052469
0 0.460201 0.428519 0.010364 0.043346
0 0.433205 0.427680 0.007788 0.041489
0 0.493067 0.416326 0.010082 0.041222
0 0.532621 0.404890 0.007833 0.038941
0 0.698030 0.397976 0.009970 0.034790
0 0.993898 0.522990 0.012204 0.066169
0 0.730909 0.431564 0.010989 0.040018
0 0.980213 0.448385 0.011921 0.046382
0 0.458417 0.470585 0.011514 0.052111
0 0.728752 0.466930 0.013828 0.049796
0 0.490234 0.469411 0.007507 0.050484
0 0.501717 0.739142 0.019955 0.097556
0 0.416586 0.432091 0.010850 0.049172
0 0.402741 0.430639 0.009388 0.050517
0 0.407945 0.410885 0.006896 0.026595
0 0.462581 0.471290 0.019691 0.054744