0 0.527968 0.386457 0.006284 0.034042
0 0.486862 0.376028 0.007232 0.030192
0 0.538746 0.454242 0.016900 0.051959
0 0.392682 0.382103 0.006144 0.034038
0 0.419175 0.389614 0.005430 0.031107
0 0.435457 0.367158 0.006085 0.026428
0 0.708726 0.383062 0.009543 0.031922
0 0.683962 0.384991 0.005145 0.030782
0 0.560214 0.391685 0.006083 0.033196
0 0.380080 0.375476 0.004347 0.025532
0 0.444636 0.367796 0.007008 0.029924
0 0.300486 0.397759 0.008734 0.042225
0 0.382996 0.396700 0.008120 0.034565
0 0.437804 0.393564 0.006781 0.034053
0 0.252234 0.484588 0.013010 0.078555
0 0.252246 0.471334 0.012180 0.051121
0 0.264676 0.415626 0.006943 0.040465
0 0.293342 0.400457 0.008085 0.042144
0 0.714149 0.378937 0.006288 0.032571
0 0.467504 0.381308 0.006066 0.027843
0 0.294745 0.405634 0.009739 0.050331
0 0.235616 0.398208 0.009052 0.036461