0 0.225745 0.497824 0.014738 0.058780
0 0.398007 0.397799 0.007282 0.035237
0 0.478852 0.463763 0.010538 0.055544
0 0.366831 0.425743 0.011583 0.043240
0 0.312129 0.512967 0.016425 0.064988
0 0.267799 0.413841 0.006881 0.040087
0 0.316554 0.428594 0.007407 0.045511
0 0.603886 0.439725 0.010721 0.044398
0 0.554702 0.543503 0.023305 0.066169
0 0.175434 0.440121 0.010002 0.050883
0 0.918502 0.526702 0.016397 0.066524
0 0.492196 0.464955 0.010599 0.051687
0 0.311493 0.383998 0.008035 0.035251
0 0.807021 0.434264 0.013129 0.046538
0 0.486554 0.399685 0.007794 0.035845
0 0.692119 0.395721 0.007062 0.034838
0 0.835147 0.414251 0.011193 0.042742
0 0.493282 0.382583 0.006570 0.029409
0 0.495240 0.425342 0.009861 0.041730
0 0.412725 0.402564 0.006830 0.034802
0 0.592300 0.422153 0.010851 0.026152