0 0.563510 0.465251 0.010352 0.052934
0 0.367206 0.441464 0.008962 0.044609
0 0.485965 0.462849 0.012245 0.052287
0 0.482625 0.423888 0.006926 0.036961
0 0.274002 0.402043 0.008106 0.037222
0 0.607413 0.414002 0.008082 0.042964
0 0.165378 0.508974 0.016665 0.060259
0 0.623880 0.437365 0.010076 0.045373
0 0.767265 0.571062 0.013138 0.078927
0 0.732383 0.399210 0.009025 0.038584
0 0.534352 0.365266 0.007464 0.028133
0 0.786683 0.452928 0.009858 0.050247
0 0.372593 0.566772 0.014957 0.070234
0 0.383348 0.419187 0.010573 0.039156
0 0.420649 0.383514 0.006394 0.029993
0 0.461866 0.398410 0.007369 0.030969
0 0.488492 0.394281 0.008571 0.036380
0 0.483002 0.369282 0.006076 0.031529
0 0.231309 0.443844 0.011054 0.048272
0 0.323673 0.374660 0.006493 0.030579
2 0.605942 0.460922 0.009549 0.048638
0 0.483706 0.371812 0.006087 0.034439
2 0.337981 0.364203 0.005387 0.016952
0 0.605824 0.461356 0.009246 0.048382