0 0.899671 0.559345 0.018370 0.075629
0 0.280496 0.574622 0.017722 0.071970
0 0.287971 0.467889 0.011181 0.053702
0 0.696127 0.526344 0.018803 0.066489
0 0.717300 0.428330 0.012655 0.042698
0 0.733125 0.399984 0.009394 0.032221
0 0.677035 0.461731 0.009760 0.051406
0 0.585116 0.387689 0.010211 0.041335
0 0.377510 0.450794 0.011797 0.048335
0 0.540275 0.442775 0.008946 0.041289
0 0.531234 0.428174 0.012393 0.038625
0 0.717054 0.466655 0.012843 0.048580
0 0.838003 0.383727 0.008235 0.033481
0 0.469013 0.409022 0.009211 0.045593
0 0.527027 0.563052 0.016817 0.082578
0 0.407849 0.416498 0.012473 0.030146
0 0.469773 0.403888 0.007715 0.035946