0 0.846505 0.495635 0.013422 0.062305
0 0.883456 0.520089 0.016417 0.069318
0 0.303278 0.528097 0.015358 0.066567
0 0.869409 0.605432 0.022257 0.085239
0 0.339043 0.431816 0.009038 0.044461
0 0.534265 0.376948 0.005581 0.027044
0 0.739608 0.416038 0.006302 0.039801
0 0.510952 0.373288 0.006533 0.028940
0 0.758071 0.447407 0.008815 0.053181
0 0.368948 0.424083 0.008985 0.040705
0 0.379800 0.431636 0.010022 0.044379
0 0.357376 0.430554 0.009405 0.029970
0 0.391125 0.423107 0.010188 0.050632
0 0.405589 0.416625 0.008783 0.037038
0 0.347685 0.453847 0.012991 0.040948
0 0.395005 0.425749 0.010057 0.054413
0 0.405339 0.423099 0.008999 0.047910
0 0.411061 0.431177 0.007006 0.043254