0 0.518948 0.623690 0.015652 0.084597
0 0.668042 0.513784 0.013024 0.063271
0 0.444583 0.457033 0.013184 0.048891
0 0.515718 0.423639 0.008464 0.040767
0 0.398379 0.452514 0.011355 0.049788
0 0.530623 0.453806 0.008711 0.044964
0 0.457574 0.395644 0.008416 0.038033
0 0.649860 0.494812 0.010887 0.054326
0 0.527843 0.387063 0.006581 0.030996
0 0.570869 0.433626 0.009435 0.042871
0 0.430892 0.450644 0.011191 0.050676
0 0.607771 0.432406 0.008667 0.042174
0 0.556438 0.408896 0.007955 0.038845
2 0.857175 0.503574 0.014314 0.059840
0 0.469837 0.449044 0.010308 0.046789
0 0.354565 0.403238 0.007645 0.034073
0 0.314678 0.437200 0.008868 0.042954
0 0.421608 0.393442 0.008271 0.032335
0 0.563281 0.389659 0.006994 0.027398
0 0.419427 0.412895 0.008154 0.037871
0 0.537613 0.413324 0.006789 0.039033
0 0.350321 0.391325 0.005942 0.025981
2 0.461204 0.458311 0.009675 0.047893
0 0.418046 0.410967 0.006621 0.035383
0 0.461061 0.459104 0.009517 0.048021
0 0.857210 0.502773 0.014145 0.058993