0 0.544670 0.382764 0.006044 0.030044
0 0.571397 0.378327 0.006392 0.032024
0 0.577912 0.408847 0.006292 0.033348
0 0.320969 0.423741 0.007322 0.042360
0 0.514477 0.374718 0.004937 0.026271
0 0.509917 0.384305 0.007018 0.028609
0 0.905321 0.445024 0.012953 0.043594
0 0.423638 0.394206 0.005698 0.034486
0 0.500407 0.383876 0.005719 0.028418
0 0.488143 0.347063 0.005153 0.020589
0 0.581542 0.373864 0.008281 0.029408
0 0.428232 0.394877 0.007803 0.033061
0 0.589752 0.381549 0.007807 0.031817
0 0.469781 0.391364 0.006125 0.024614
0 0.471065 0.391805 0.007859 0.025089
0 0.494078 0.400219 0.006989 0.026740
0 0.479446 0.385667 0.006609 0.027812
2 0.428588 0.395054 0.007410 0.033333
0 0.477812 0.411631 0.005807 0.030079