0 0.826103 0.540062 0.016692 0.071974
0 0.652936 0.523496 0.017441 0.064273
0 0.845172 0.541005 0.014684 0.069837
0 0.874429 0.539495 0.014132 0.072217
0 0.813748 0.538574 0.012185 0.067014
0 0.762275 0.532478 0.015121 0.071631
0 0.703284 0.528183 0.015684 0.070237
0 0.859154 0.535831 0.016574 0.088325
0 0.742383 0.532906 0.018423 0.073273
0 0.797794 0.539450 0.013868 0.066345
0 0.774192 0.530096 0.013320 0.073388
0 0.787661 0.533062 0.011605 0.072164
0 0.666441 0.521046 0.013993 0.063051
0 0.721312 0.529132 0.019099 0.070602
0 0.717836 0.527709 0.018744 0.073722
0 0.859914 0.526250 0.015368 0.067508
0 0.860606 0.512656 0.014275 0.040629
0 0.686456 0.523793 0.012614 0.068399