0 0.564867 0.636795 0.017520 0.092568
0 0.532196 0.405743 0.005883 0.040247
0 0.301556 0.474309 0.010857 0.051057
0 0.395886 0.455418 0.008349 0.050834
0 0.427913 0.421622 0.008824 0.039943
0 0.450782 0.403524 0.007297 0.036222
0 0.128410 0.411772 0.008646 0.038008
0 0.614112 0.637061 0.014065 0.096297
0 0.140476 0.410674 0.009220 0.039007
0 0.480197 0.365350 0.006667 0.029403
0 0.042033 0.542231 0.020053 0.066295
0 0.562735 0.374134 0.007302 0.029738
2 0.583797 0.670677 0.018438 0.097589
0 0.380454 0.615548 0.013606 0.074101
0 0.647100 0.394699 0.007170 0.035158
0 0.369050 0.632195 0.017947 0.090187
0 0.673286 0.425662 0.012901 0.039475
2 0.569847 0.418665 0.012187 0.043939
0 0.663813 0.426553 0.010122 0.037806
0 0.039282 0.557669 0.026192 0.093828
0 0.036856 0.570238 0.023302 0.069068
0 0.670159 0.426524 0.014453 0.039422
2 0.584795 0.701739 0.012373 0.042385
0 0.614623 0.621137 0.013253 0.063617
0 0.569950 0.418398 0.012263 0.044772
0 0.916334 0.458449 0.009708 0.040586