0 0.823997 0.512648 0.015319 0.053218
0 0.647186 0.412748 0.010849 0.041723
0 0.697229 0.396827 0.011133 0.038281
0 0.624651 0.437416 0.009415 0.047013
0 0.550918 0.375966 0.006703 0.028586
0 0.674342 0.462218 0.020193 0.056235
0 0.600656 0.463508 0.009245 0.052425
0 0.525463 0.379132 0.009309 0.030182
0 0.455524 0.394474 0.009839 0.035778
0 0.447334 0.423865 0.007514 0.041314
0 0.771714 0.448996 0.013873 0.050056
0 0.792978 0.464061 0.013331 0.051053
0 0.534732 0.446924 0.008492 0.038843
0 0.890233 0.358912 0.007086 0.028527