0 0.320124 0.495005 0.013161 0.057378
0 0.457506 0.496783 0.017090 0.056820
0 0.008247 0.510222 0.016476 0.060212
0 0.643741 0.485795 0.011616 0.056758
0 0.481883 0.638285 0.022482 0.073839
0 0.356644 0.441838 0.014038 0.048917
0 0.351297 0.560080 0.018971 0.068876
0 0.138270 0.559949 0.016885 0.073934
0 0.287548 0.586569 0.019767 0.075449
0 0.596230 0.402706 0.008636 0.036689
2 0.778398 0.557810 0.014221 0.065845
0 0.063304 0.473365 0.016569 0.055169
0 0.141196 0.405214 0.011137 0.031994
0 0.778505 0.557149 0.014367 0.064942
0 0.081808 0.934316 0.040637 0.131369
0 0.536029 0.613250 0.014793 0.045137
0 0.031833 0.915995 0.056813 0.162359
3 0.529615 0.656139 0.006072 0.013387
0 0.540771 0.630253 0.013931 0.055782
0 0.537767 0.619340 0.018165 0.056242
0 0.289322 0.581592 0.013042 0.064535