0 0.509219 0.388621 0.009256 0.030773
0 0.763146 0.398210 0.009090 0.033529
0 0.777535 0.396794 0.008374 0.038186
0 0.514551 0.426789 0.012907 0.044254
0 0.789891 0.406938 0.007835 0.039964
0 0.343819 0.421240 0.009935 0.049552
0 0.476013 0.365674 0.005213 0.022811
0 0.379467 0.393696 0.005784 0.038840
0 0.360661 0.402234 0.008972 0.035012
0 0.599639 0.379588 0.008618 0.028735
0 0.435299 0.396803 0.010343 0.043290
0 0.425740 0.380476 0.006841 0.028853
0 0.414155 0.388445 0.005938 0.029083
0 0.371416 0.406573 0.008118 0.045556
0 0.515987 0.367366 0.009115 0.026426
0 0.496338 0.363415 0.009977 0.026684
0 0.494612 0.362981 0.006557 0.026508
0 0.329250 0.403143 0.006097 0.029737
0 0.549844 0.374475 0.006021 0.021388
0 0.499359 0.363648 0.010384 0.028322
0 0.517614 0.368430 0.012701 0.027941
0 0.415473 0.404152 0.008049 0.026554
0 0.328575 0.412146 0.006881 0.043323
0 0.327868 0.420841 0.007174 0.028039