0 0.646356 0.490948 0.012082 0.056944
0 0.685901 0.497059 0.018757 0.062562
0 0.183892 0.562934 0.016648 0.069111
0 0.517485 0.571362 0.014982 0.079763
0 0.490068 0.416092 0.012575 0.038268
0 0.211770 0.479555 0.013189 0.048403
0 0.389270 0.399819 0.011682 0.037566
0 0.263818 0.428441 0.009296 0.034618
0 0.505252 0.389057 0.007524 0.032160
0 0.704142 0.405157 0.010340 0.041794
0 0.360160 0.481890 0.011995 0.051679
0 0.615371 0.388682 0.008812 0.031289
0 0.253647 0.440818 0.012874 0.047450
0 0.483808 0.377203 0.007238 0.032602
0 0.398333 0.442103 0.012232 0.047076
0 0.448746 0.371540 0.005527 0.023050
0 0.407160 0.389023 0.008422 0.031247
2 0.468622 0.397234 0.006714 0.034221
0 0.408601 0.390719 0.011637 0.036411
0 0.399418 0.382395 0.008549 0.031608
0 0.468533 0.397328 0.006802 0.033327