0 0.415667 0.552228 0.012526 0.074003
0 0.396233 0.398075 0.009572 0.034895
0 0.711448 0.581086 0.018528 0.081412
0 0.616742 0.475726 0.013007 0.051517
0 0.642578 0.500587 0.012994 0.057525
0 0.230937 0.415235 0.009969 0.038299
0 0.192969 0.415746 0.010048 0.041813
0 0.548636 0.455081 0.009134 0.047668
0 0.663378 0.479782 0.013676 0.053260
0 0.392505 0.577008 0.021567 0.086391
0 0.477059 0.468877 0.010474 0.051013
0 0.570578 0.442630 0.009255 0.044152
0 0.639727 0.613434 0.017049 0.082967
0 0.662813 0.639041 0.023211 0.078202
0 0.472454 0.419530 0.008654 0.043266
2 0.452521 0.485115 0.009317 0.054299
0 0.641622 0.565710 0.020135 0.058350
0 0.477290 0.416168 0.009588 0.042989
0 0.667905 0.547062 0.018116 0.049832
2 0.845324 0.518011 0.012434 0.053056
0 0.566572 0.381413 0.007954 0.030887
0 0.452419 0.485179 0.009777 0.054788