0 0.404299 0.469003 0.013955 0.053253
0 0.754431 0.434751 0.017298 0.040056
0 0.518464 0.376387 0.006566 0.029060
0 0.642965 0.422049 0.009415 0.040599
0 0.449036 0.407189 0.010100 0.037277
0 0.610010 0.396941 0.005823 0.035018
0 0.495070 0.385878 0.006316 0.033676
0 0.432955 0.382245 0.006717 0.032184
0 0.532242 0.394217 0.007618 0.037506
0 0.628400 0.416448 0.012854 0.034499
0 0.443602 0.383047 0.006647 0.031030
0 0.551822 0.385286 0.006863 0.032349
0 0.547880 0.374169 0.007373 0.028481
0 0.507716 0.374441 0.005538 0.026840
0 0.502917 0.385665 0.006604 0.030730
0 0.539130 0.373332 0.005547 0.031582
0 0.747710 0.570460 0.016608 0.078818
0 0.596785 0.377225 0.007730 0.027287
2 0.937145 0.456148 0.014325 0.042017
2 0.538612 0.421623 0.007407 0.037268
0 0.540493 0.401826 0.007482 0.031158