0 0.172020 0.435436 0.010961 0.047382
0 0.719239 0.564070 0.018864 0.077093
0 0.237017 0.611185 0.023622 0.086627
0 0.554245 0.462967 0.011805 0.049593
0 0.080599 0.447957 0.011372 0.050403
0 0.601108 0.447993 0.012378 0.051003
0 0.539388 0.711881 0.020492 0.071829
0 0.370797 0.403311 0.008230 0.036251
0 0.157671 0.631807 0.029263 0.101302
0 0.733232 0.410280 0.008755 0.040350
0 0.266055 0.495322 0.009569 0.061710
0 0.394019 0.711736 0.020322 0.097229
0 0.268645 0.495551 0.014490 0.062766
0 0.488506 0.792210 0.035125 0.103753
0 0.125545 0.394066 0.008386 0.033974
0 0.437443 0.714985 0.025989 0.094994
0 0.137631 0.592270 0.018161 0.082182
0 0.049060 0.870588 0.030705 0.132039
2 0.936836 0.643203 0.018703 0.073125
0 0.443108 0.717236 0.011010 0.090585