0 0.266972 0.409530 0.008779 0.036146
0 0.314920 0.437054 0.014374 0.046721
0 0.265953 0.474176 0.020192 0.057001
0 0.381228 0.450558 0.014873 0.045989
0 0.551774 0.405762 0.008791 0.037812
0 0.386771 0.554769 0.021454 0.067884
0 0.576613 0.414905 0.011474 0.033665
0 0.612054 0.545687 0.022200 0.069191
0 0.349892 0.569450 0.023982 0.068233
0 0.712910 0.455620 0.011976 0.052360
0 0.513766 0.433318 0.015722 0.040984
0 0.790796 0.524817 0.020861 0.064471
0 0.372715 0.399431 0.013105 0.031880
0 0.669546 0.471508 0.013762 0.051377
0 0.557166 0.437973 0.017752 0.042277
0 0.491205 0.446271 0.011792 0.044364
0 0.479240 0.455970 0.012070 0.046350
0 0.016030 0.521095 0.019362 0.063398
0 0.142745 0.453165 0.013397 0.055677
0 0.658493 0.409049 0.007270 0.032460
0 0.457959 0.374753 0.008992 0.024101