0 0.798686 0.509561 0.018103 0.066472
0 0.157155 0.483782 0.016598 0.060078
0 0.532964 0.501771 0.014182 0.058110
0 0.611858 0.396923 0.008618 0.034463
0 0.400698 0.500715 0.013390 0.053451
0 0.360545 0.477163 0.011195 0.050027
0 0.424565 0.404031 0.008624 0.037831
0 0.813163 0.468095 0.013644 0.050987
0 0.612348 0.448344 0.012442 0.046574
0 0.845111 0.528530 0.023078 0.063472
0 0.849025 0.459747 0.017518 0.054575
0 0.132640 0.554372 0.015913 0.073729
0 0.685272 0.659257 0.019875 0.087478
0 0.625653 0.462068 0.010737 0.046562
0 0.105467 0.592933 0.027687 0.072136
0 0.802065 0.409194 0.010153 0.036680
0 0.438244 0.414655 0.008222 0.042080
0 0.477292 0.730227 0.027744 0.107174
0 0.309477 0.575562 0.013693 0.070963
3 0.720569 0.647932 0.014271 0.018409
0 0.721427 0.676296 0.044322 0.074947
0 0.363596 0.521862 0.015485 0.077116
1 0.647826 0.370974 0.006657 0.028057
0 0.714929 0.680864 0.028756 0.065206
0 0.718953 0.685084 0.039038 0.059698
0 0.714795 0.692718 0.028976 0.041703