0 0.645916 0.503870 0.013982 0.065041
0 0.244130 0.619579 0.018610 0.092990
0 0.164249 0.521410 0.021613 0.066799
0 0.139195 0.604912 0.031558 0.087429
0 0.485922 0.510992 0.010060 0.057632
0 0.417952 0.485797 0.013566 0.054315
0 0.468518 0.399152 0.012928 0.035925
0 0.419957 0.449691 0.010852 0.045417
0 0.531606 0.418961 0.009482 0.043770
0 0.184735 0.510329 0.011686 0.060974
0 0.015827 0.439291 0.010704 0.046445
0 0.188734 0.425448 0.009892 0.039722
0 0.439860 0.627182 0.027594 0.085911
2 0.854106 0.504677 0.014122 0.057341
0 0.413777 0.733337 0.027047 0.100725
0 0.618029 0.448515 0.010060 0.037672
0 0.610563 0.572640 0.011727 0.072936
0 0.077885 0.834464 0.037792 0.137624
0 0.612143 0.431397 0.007318 0.033946
0 0.518832 0.476166 0.014817 0.052270
2 0.518862 0.476232 0.014566 0.051884
1 0.575515 0.380460 0.006991 0.030941
0 0.612733 0.436442 0.008262 0.040513
0 0.575727 0.380594 0.006829 0.030731
0 0.403124 0.797256 0.006219 0.022865
0 0.609893 0.582576 0.011432 0.055335
0 0.564399 0.363617 0.006094 0.025100