0 0.785107 0.429097 0.010713 0.042803
0 0.876891 0.541270 0.020978 0.071398
0 0.136540 0.505662 0.010709 0.057911
0 0.668813 0.439069 0.012727 0.045413
0 0.846436 0.420002 0.009851 0.041907
0 0.981689 0.436754 0.011882 0.049862
0 0.438851 0.417275 0.013743 0.043563
0 0.689402 0.421586 0.007375 0.040410
0 0.751666 0.386394 0.007604 0.032275
0 0.615675 0.402457 0.009666 0.041187
0 0.571493 0.389416 0.007221 0.045003
0 0.504559 0.511162 0.013641 0.063468
0 0.997901 0.403531 0.004198 0.054850
0 0.737420 0.371374 0.007625 0.029365
0 0.996828 0.402337 0.006343 0.054887
1 0.300767 0.406621 0.006970 0.035670
0 0.619278 0.440083 0.015993 0.051065
0 0.300744 0.406776 0.007224 0.036180