0 0.444946 0.597220 0.016236 0.076683
0 0.383503 0.397483 0.009473 0.036911
0 0.337053 0.593428 0.018494 0.085514
0 0.232718 0.542230 0.025611 0.076392
0 0.376540 0.535428 0.018119 0.062656
0 0.426599 0.469090 0.012274 0.054574
0 0.788431 0.608100 0.019238 0.087981
0 0.510649 0.568695 0.019930 0.072298
0 0.185411 0.463575 0.011569 0.049459
0 0.693908 0.498025 0.015990 0.066682
0 0.655412 0.431538 0.012419 0.041976
0 0.258241 0.579494 0.017713 0.079255
0 0.089025 0.637112 0.020051 0.071187
0 0.662394 0.526976 0.023401 0.069077
0 0.068423 0.694870 0.023919 0.096948
0 0.405993 0.387348 0.006541 0.029433
0 0.523056 0.709373 0.021204 0.101916
0 0.323375 0.424920 0.013580 0.038990
0 0.317646 0.709458 0.036666 0.059425
0 0.322914 0.431930 0.014000 0.053345