0 0.474646 0.462927 0.012157 0.050103
0 0.181956 0.454374 0.010633 0.049566
0 0.534379 0.472267 0.012039 0.053935
0 0.531770 0.381394 0.007561 0.034740
0 0.387009 0.407247 0.006302 0.038021
0 0.214213 0.403499 0.012685 0.037276
0 0.586619 0.404617 0.008265 0.038939
0 0.415538 0.378149 0.005249 0.025770
0 0.266045 0.440662 0.009243 0.047594
0 0.675849 0.371477 0.005950 0.030273
0 0.264373 0.401267 0.006318 0.031617
0 0.257533 0.396152 0.006357 0.033998
0 0.406110 0.375571 0.007320 0.028271
0 0.434921 0.363243 0.006594 0.019201
0 0.167877 0.401761 0.007263 0.035765
0 0.172946 0.419196 0.010380 0.043893
0 0.355178 0.380310 0.009303 0.035382
0 0.630662 0.346726 0.005328 0.021346
0 0.533453 0.360587 0.006169 0.026080
0 0.178245 0.414783 0.006799 0.039652
0 0.399699 0.364370 0.006435 0.027840
0 0.532627 0.358849 0.006025 0.023631
1 0.888862 0.916517 0.011221 0.039482