0 0.560860 0.405564 0.009234 0.031747
0 0.394405 0.400724 0.014792 0.036389
0 0.644569 0.380670 0.007023 0.030491
0 0.503486 0.415345 0.009941 0.036288
0 0.556644 0.373103 0.006068 0.023996
0 0.679142 0.398254 0.006171 0.034875
0 0.579303 0.363451 0.006140 0.025175
0 0.617060 0.369229 0.005292 0.027738
0 0.502831 0.378104 0.011449 0.027961
0 0.536593 0.371054 0.007000 0.025797
0 0.300290 0.383991 0.007481 0.028165
0 0.335932 0.381980 0.012161 0.029179
0 0.605745 0.369593 0.006549 0.026610
0 0.760253 0.382594 0.008682 0.031721
0 0.465416 0.373964 0.004840 0.024724
0 0.461626 0.371989 0.004574 0.021127
0 0.507069 0.362903 0.004876 0.016993
0 0.529066 0.357420 0.005493 0.022898
0 0.501005 0.368940 0.008453 0.023106
0 0.531250 0.357114 0.004632 0.019361