0 0.678945 0.436642 0.010511 0.045378
0 0.502409 0.435226 0.009824 0.047402
0 0.575984 0.459583 0.009662 0.050679
0 0.665306 0.468954 0.011366 0.052254
0 0.658795 0.439247 0.008894 0.043979
0 0.357146 0.433450 0.012427 0.042047
0 0.964082 0.493083 0.019474 0.064663
0 0.989747 0.516234 0.017548 0.065826
0 0.571449 0.377572 0.007753 0.030741
0 0.603830 0.482477 0.012266 0.049099
0 0.993378 0.574623 0.013243 0.071265
0 0.420907 0.430893 0.010080 0.044496
0 0.887182 0.433054 0.012061 0.042984
0 0.624515 0.377154 0.005501 0.026879
0 0.398068 0.425695 0.009193 0.041761
0 0.387404 0.419007 0.007775 0.036702
0 0.993271 0.647605 0.013457 0.056085
2 0.339490 0.433774 0.010425 0.050408
0 0.339130 0.433443 0.009752 0.049848
0 0.382240 0.459319 0.021819 0.071569
0 0.389366 0.422605 0.012316 0.046379
0 0.340380 0.438679 0.011214 0.058777