0 0.195799 0.466500 0.015864 0.055787
0 0.402499 0.426761 0.009401 0.041623
0 0.081361 0.454291 0.012330 0.050560
0 0.101100 0.444216 0.012975 0.050040
0 0.163736 0.467302 0.011659 0.052707
0 0.042808 0.523721 0.013942 0.066677
0 0.317124 0.471116 0.013108 0.050222
0 0.119915 0.525808 0.019821 0.063710
0 0.445637 0.434930 0.008875 0.047247
0 0.295650 0.576836 0.018348 0.078219
0 0.677080 0.484311 0.009238 0.057120
0 0.238027 0.415032 0.009441 0.042912
0 0.514649 0.489486 0.015012 0.050057
0 0.673266 0.642345 0.027328 0.077247
0 0.142855 0.402193 0.009284 0.037620
0 0.485125 0.438485 0.013638 0.051746
0 0.665596 0.394963 0.008159 0.036104
0 0.243377 0.462026 0.011281 0.049928
0 0.299370 0.389432 0.011582 0.026534
2 0.927378 0.623449 0.024630 0.076669