0 0.377838 0.457983 0.009420 0.052700
0 0.476781 0.425491 0.009171 0.041886
0 0.434672 0.407017 0.006762 0.040205
0 0.673792 0.436171 0.011010 0.040291
0 0.462798 0.397738 0.006079 0.034507
0 0.534560 0.425346 0.007820 0.042027
0 0.556703 0.397017 0.010330 0.038070
0 0.498117 0.386426 0.005748 0.032336
0 0.583833 0.400833 0.007881 0.034970
0 0.517295 0.387121 0.005805 0.031249
0 0.572050 0.406527 0.007018 0.034331
2 0.521228 0.424634 0.008442 0.042138
0 0.542244 0.397574 0.008731 0.035284
0 0.510646 0.386883 0.005224 0.031259
0 0.597789 0.387590 0.005875 0.032397
0 0.542744 0.404023 0.008147 0.048741
0 0.568439 0.389568 0.006096 0.028682
0 0.543334 0.412404 0.007437 0.041325
0 0.505541 0.386837 0.005422 0.030702
0 0.707767 0.594366 0.016949 0.082699
0 0.585593 0.379059 0.009071 0.033429
0 0.570731 0.401703 0.007782 0.030310