0 0.271166 0.444202 0.012030 0.046092
0 0.106973 0.470808 0.011372 0.057251
0 0.204312 0.461870 0.015947 0.055105
0 0.242592 0.468573 0.016956 0.050754
0 0.441220 0.463293 0.008194 0.050068
0 0.477941 0.406288 0.009879 0.041955
0 0.191390 0.414413 0.013348 0.040765
0 0.312986 0.533284 0.018320 0.073998
0 0.186452 0.630624 0.022654 0.083389
0 0.163112 0.620079 0.022013 0.084623
0 0.480224 0.479772 0.010843 0.054874
0 0.294661 0.441666 0.008990 0.046377
0 0.065336 0.542640 0.016125 0.075067
0 0.390063 0.732057 0.029725 0.113651
0 0.368463 0.385539 0.006869 0.029946
0 0.495143 0.473961 0.008322 0.051657
0 0.680625 0.390990 0.008287 0.035383
0 0.057864 0.495579 0.014704 0.049782
0 0.507958 0.473399 0.010351 0.057483
0 0.163501 0.388079 0.006958 0.024569
0 0.511096 0.474052 0.015676 0.059180
0 0.313993 0.502100 0.011287 0.037655