0 0.532037 0.516145 0.017897 0.060870
0 0.425077 0.387918 0.009362 0.031070
0 0.372824 0.387153 0.010368 0.033049
0 0.743205 0.466246 0.010849 0.055027
0 0.306669 0.456307 0.013815 0.050020
0 0.580794 0.389744 0.006474 0.032798
0 0.622239 0.374496 0.008764 0.031399
0 0.671381 0.395856 0.006572 0.034498
0 0.529530 0.382645 0.007304 0.028461
0 0.495042 0.407745 0.008170 0.036191
0 0.311613 0.406033 0.013357 0.050640
0 0.360172 0.396738 0.008997 0.031223
0 0.401198 0.370731 0.007532 0.027769
0 0.301991 0.416906 0.009025 0.044017
0 0.922447 0.408060 0.012078 0.039722
0 0.489554 0.397415 0.006214 0.031745
0 0.490579 0.373462 0.007198 0.029825
0 0.002119 0.429991 0.004231 0.051912
0 0.502714 0.369235 0.005881 0.023639