0 0.339837 0.430966 0.010315 0.047527
0 0.529256 0.404418 0.009495 0.035431
0 0.360632 0.396078 0.009973 0.036958
0 0.243599 0.444075 0.010775 0.048992
0 0.413727 0.367835 0.006469 0.026947
0 0.567899 0.423246 0.008431 0.040963
0 0.565877 0.390092 0.008237 0.030357
0 0.504181 0.403235 0.009673 0.037826
0 0.460694 0.390597 0.007840 0.033453
0 0.382127 0.386179 0.009028 0.031083
0 0.454585 0.410236 0.007891 0.038489
0 0.551634 0.378404 0.006658 0.027081
0 0.503830 0.382892 0.007821 0.027537
0 0.544643 0.376965 0.005278 0.029988
0 0.603076 0.423606 0.008358 0.040357
0 0.624255 0.393980 0.006366 0.025761
1 0.696470 0.406412 0.008928 0.036278
2 0.948540 0.458908 0.012571 0.043507
0 0.563652 0.376691 0.005453 0.021867
0 0.588387 0.374623 0.007666 0.029673
0 0.585036 0.383483 0.007854 0.032106
0 0.696675 0.406558 0.009370 0.036116