0 0.751581 0.385543 0.007406 0.033334
0 0.511820 0.383942 0.007309 0.028727
0 0.447444 0.396721 0.007735 0.031767
0 0.580350 0.377964 0.006131 0.027453
0 0.526764 0.378743 0.005520 0.027590
0 0.521399 0.377937 0.006677 0.029209
2 0.570289 0.377516 0.005305 0.026598
0 0.619097 0.411389 0.011170 0.036898
0 0.485949 0.382035 0.007404 0.029357
0 0.555754 0.374566 0.005528 0.024981
0 0.441541 0.385334 0.006497 0.029651
0 0.561433 0.368960 0.004780 0.019308
0 0.616771 0.389455 0.007921 0.036621
0 0.604176 0.356195 0.005206 0.022918
0 0.454961 0.368409 0.006397 0.024794
0 0.427726 0.383800 0.006416 0.027920
0 0.580574 0.366510 0.005808 0.021109
0 0.446946 0.362223 0.004535 0.021896