0 0.641058 0.414968 0.011219 0.037166
0 0.789736 0.466221 0.012232 0.047895
0 0.586232 0.387815 0.009470 0.031904
0 0.616280 0.385019 0.008863 0.042845
0 0.653092 0.407277 0.007677 0.035826
0 0.417725 0.380906 0.008183 0.033568
0 0.812608 0.410332 0.010413 0.033728
0 0.857265 0.394392 0.007950 0.038114
0 0.361942 0.434000 0.009402 0.041079
0 0.844372 0.392443 0.009004 0.038132
0 0.364021 0.397372 0.008031 0.036910
0 0.539543 0.368205 0.007071 0.024857
0 0.844020 0.420611 0.009129 0.034461
0 0.545834 0.372429 0.006237 0.027631
0 0.482326 0.433743 0.012755 0.041788
0 0.483970 0.442210 0.015946 0.057969
0 0.531827 0.361839 0.007017 0.022415
0 0.472219 0.377939 0.009582 0.026730
0 0.497334 0.392189 0.011876 0.035416
0 0.361213 0.462476 0.010070 0.033326
0 0.484413 0.452132 0.015389 0.039470