0 0.209172 0.418671 0.011217 0.042582
0 0.425149 0.482383 0.015715 0.054503
0 0.671522 0.490643 0.016434 0.057898
0 0.555788 0.486738 0.016941 0.060069
0 0.389003 0.433543 0.012609 0.040307
0 0.648611 0.539714 0.014277 0.074653
0 0.614605 0.508138 0.015975 0.057244
0 0.851075 0.463236 0.010049 0.050541
0 0.227549 0.484174 0.013412 0.057308
0 0.489392 0.507742 0.014298 0.066028
0 0.200793 0.509734 0.014693 0.062666
0 0.904844 0.478471 0.012897 0.047461
0 0.424553 0.425042 0.008126 0.041992
0 0.669082 0.449764 0.011743 0.044703
0 0.769435 0.417445 0.012740 0.038870
2 0.561516 0.664645 0.021662 0.096671
0 0.193407 0.484986 0.010472 0.047568
0 0.214127 0.493893 0.015703 0.066655
0 0.212243 0.496798 0.012924 0.059980
0 0.216903 0.490660 0.010459 0.063954