0 0.498814 0.435013 0.010664 0.041434
0 0.267705 0.558976 0.020058 0.070645
0 0.794519 0.455803 0.015756 0.048869
0 0.477827 0.391977 0.011402 0.031936
0 0.402377 0.553918 0.019010 0.065803
0 0.247489 0.427141 0.015058 0.044810
0 0.562741 0.368081 0.008606 0.029099
0 0.501195 0.382593 0.008888 0.030295
0 0.639029 0.379213 0.006882 0.031457
0 0.506629 0.537775 0.017014 0.059084
0 0.124251 0.428298 0.010054 0.043084
0 0.160287 0.392626 0.008452 0.034954
0 0.144343 0.463838 0.013686 0.057193
0 0.412339 0.420583 0.012369 0.042021
0 0.674968 0.398888 0.011861 0.033964
0 0.336527 0.463442 0.016123 0.042224
0 0.593377 0.407380 0.009137 0.037659
0 0.132843 0.441769 0.009492 0.049008
0 0.420237 0.366448 0.004678 0.020667
0 0.268428 0.388882 0.007259 0.031769
0 0.427911 0.402107 0.011648 0.034837
0 0.995623 0.522719 0.008754 0.048016
0 0.335105 0.452341 0.016981 0.037130
2 0.995444 0.527940 0.009067 0.056140