0 0.266163 0.515441 0.018788 0.064583
0 0.117174 0.495338 0.020042 0.067217
0 0.150160 0.482638 0.016068 0.057214
0 0.339595 0.435664 0.013354 0.044871
0 0.038819 0.433445 0.016290 0.045859
0 0.459015 0.437332 0.008218 0.043709
0 0.626960 0.455977 0.009869 0.050514
0 0.552154 0.511980 0.013644 0.060231
0 0.393875 0.383696 0.010294 0.030532
0 0.392095 0.446209 0.010098 0.044991
0 0.178852 0.558159 0.019652 0.078674
0 0.493988 0.394919 0.008059 0.036592
0 0.492032 0.456865 0.008191 0.034679
0 0.462930 0.595189 0.020449 0.084507
0 0.116850 0.431926 0.010751 0.041892
0 0.115545 0.702856 0.026564 0.092165
0 0.572621 0.426391 0.008628 0.043962
2 0.538842 0.411613 0.005984 0.036742
0 0.048328 0.686839 0.029319 0.104354
2 0.949325 0.445968 0.010075 0.039395
2 0.612691 0.376553 0.006306 0.030148