0 0.331554 0.595168 0.019320 0.077268
0 0.672881 0.532681 0.012575 0.069919
0 0.417948 0.451170 0.010869 0.050101
0 0.814696 0.466631 0.017706 0.053471
0 0.211759 0.515865 0.015650 0.054439
0 0.296010 0.484698 0.014400 0.045102
0 0.651254 0.396989 0.006415 0.035778
0 0.385826 0.495923 0.018926 0.047743
0 0.576301 0.649382 0.029921 0.085560
0 0.530130 0.471222 0.009718 0.057357
0 0.870273 0.782923 0.036011 0.093014
0 0.174398 0.508590 0.021601 0.051212
0 0.579514 0.411857 0.007586 0.041136
0 0.495364 0.532311 0.013574 0.061858
0 0.682310 0.387447 0.007232 0.029088
0 0.836606 0.550271 0.018337 0.065930
0 0.542290 0.409496 0.014741 0.040339
0 0.529950 0.479028 0.011198 0.075946
0 0.580975 0.420503 0.009945 0.059023