0 0.317683 0.506007 0.014261 0.061741
0 0.269448 0.516568 0.012670 0.060832
0 0.741542 0.605043 0.032760 0.074907
0 0.771068 0.448296 0.014241 0.047875
0 0.472289 0.451511 0.009514 0.041424
0 0.251527 0.638194 0.027155 0.084031
0 0.554512 0.384858 0.009722 0.027219
0 0.424304 0.440118 0.011198 0.041626
0 0.552681 0.476123 0.020230 0.050706
0 0.374125 0.595398 0.018437 0.078920
0 0.403287 0.407345 0.008412 0.038603
0 0.338748 0.617458 0.019135 0.073413
0 0.474504 0.405970 0.012862 0.040476
0 0.378660 0.546188 0.009026 0.018936
0 0.476638 0.492316 0.018989 0.052581
0 0.445675 0.399083 0.010717 0.059322
0 0.427923 0.502419 0.018729 0.104940
0 0.415347 0.423095 0.009227 0.046119
0 0.310861 0.414750 0.015905 0.023568
0 0.402980 0.416818 0.009410 0.057077
0 0.481209 0.407969 0.006801 0.036279
0 0.478874 0.409939 0.019399 0.044856
0 0.548336 0.441869 0.022064 0.037244
0 0.541410 0.401803 0.008105 0.022198
0 0.539485 0.415295 0.011077 0.031261