0 0.506906 0.458466 0.010216 0.046475
0 0.761904 0.410762 0.010866 0.038768
0 0.747698 0.432269 0.012503 0.043711
0 0.605396 0.442488 0.007642 0.042883
0 0.394014 0.396098 0.006234 0.036466
0 0.712032 0.415569 0.007179 0.039884
0 0.224115 0.390607 0.006895 0.033565
0 0.722994 0.377842 0.006856 0.030794
0 0.547380 0.382564 0.005651 0.026550
0 0.714502 0.377510 0.006181 0.029851
0 0.649175 0.366329 0.006325 0.025229
0 0.641987 0.386815 0.007349 0.026994
0 0.580226 0.379206 0.007207 0.025358
0 0.559389 0.366612 0.004992 0.021631
0 0.410576 0.361725 0.005366 0.023480
0 0.542359 0.365942 0.005504 0.025747
0 0.709955 0.386362 0.005742 0.020130
0 0.687781 0.363935 0.006729 0.026925
0 0.680861 0.368571 0.006879 0.025075