0 0.462818 0.435850 0.012525 0.044484
0 0.333891 0.444908 0.016238 0.042065
0 0.514663 0.614379 0.017511 0.090785
0 0.554867 0.443848 0.012991 0.046937
0 0.809129 0.395684 0.011596 0.034410
0 0.367701 0.408041 0.008165 0.038199
0 0.488426 0.396171 0.013705 0.033066
0 0.620549 0.385931 0.012551 0.029925
0 0.733612 0.413497 0.011485 0.040290
0 0.586028 0.369303 0.007097 0.028167
0 0.829111 0.469286 0.010880 0.047015
0 0.462881 0.386038 0.010913 0.032230
0 0.382867 0.382077 0.007001 0.029224
0 0.385014 0.405003 0.013144 0.035292
0 0.391726 0.379080 0.009341 0.031258
0 0.450984 0.377352 0.008164 0.026151
0 0.694014 0.378453 0.010296 0.032131
0 0.692716 0.376767 0.009022 0.030053