0 0.621523 0.545221 0.016308 0.072147
0 0.779011 0.537319 0.016497 0.071046
0 0.245590 0.490995 0.012234 0.054061
0 0.698773 0.403053 0.010971 0.038408
0 0.471000 0.411901 0.009065 0.035381
0 0.758475 0.399462 0.009917 0.031995
0 0.479694 0.443208 0.012130 0.048029
0 0.769746 0.438984 0.008702 0.048374
0 0.744522 0.431714 0.009851 0.042451
0 0.430745 0.446578 0.011547 0.049306
0 0.447193 0.397697 0.007947 0.036484
0 0.513098 0.409006 0.011948 0.040076
0 0.506736 0.391180 0.007810 0.028167
0 0.525629 0.439597 0.014740 0.042431
0 0.579778 0.412430 0.013855 0.033769
0 0.278500 0.424910 0.010428 0.044304
0 0.520428 0.398043 0.007013 0.031159
0 0.726002 0.413179 0.009250 0.025524
0 0.383845 0.402439 0.010741 0.049929
0 0.562433 0.420310 0.008509 0.040184
0 0.727253 0.403249 0.006595 0.030125
0 0.726259 0.408424 0.008911 0.034361
0 0.519610 0.403136 0.007342 0.038160
0 0.648391 0.372108 0.006361 0.027353
1 0.648336 0.372187 0.006492 0.027703
0 0.276576 0.454664 0.016677 0.039266