0 0.414962 0.555797 0.019092 0.066525
0 0.912720 0.616241 0.026906 0.090855
0 0.681202 0.444118 0.009509 0.046248
0 0.938854 0.435676 0.010704 0.045160
0 0.678017 0.587223 0.023085 0.079320
0 0.723907 0.419708 0.010579 0.046836
0 0.581983 0.423548 0.008490 0.046418
0 0.971943 0.478379 0.014113 0.056014
0 0.545897 0.383741 0.007085 0.033296
0 0.565599 0.417615 0.007318 0.040350
0 0.433594 0.415454 0.008569 0.038935
0 0.649213 0.374228 0.006420 0.027814
0 0.467224 0.386787 0.006996 0.032898
0 0.643527 0.370360 0.005532 0.028382
0 0.547017 0.419935 0.012312 0.041491
0 0.512757 0.426824 0.009116 0.029558
0 0.433260 0.441051 0.010247 0.034814
0 0.458687 0.386059 0.003467 0.013204
0 0.556994 0.428998 0.010149 0.041385
0 0.520099 0.440288 0.024622 0.053814
0 0.519650 0.448464 0.023938 0.038840
0 0.425900 0.392244 0.004537 0.012960
0 0.647795 0.373263 0.005699 0.028290
0 0.546197 0.387541 0.008930 0.040248