0 0.337467 0.493937 0.013483 0.062052
0 0.439251 0.514274 0.012872 0.061873
0 0.127497 0.563892 0.021916 0.076039
0 0.521713 0.594462 0.017517 0.081559
0 0.822141 0.561541 0.015937 0.076051
0 0.180413 0.414286 0.009778 0.042122
0 0.700621 0.567101 0.015341 0.056125
0 0.465917 0.629408 0.026905 0.082892
0 0.640188 0.469693 0.014208 0.057888
0 0.484860 0.408957 0.007858 0.037766
0 0.207547 0.395487 0.007443 0.034100
0 0.094451 0.564906 0.018033 0.080513
0 0.239495 0.627298 0.027869 0.092698
0 0.346568 0.754614 0.027011 0.114444
0 0.858785 0.430517 0.023797 0.047800
0 0.219796 0.554636 0.016130 0.071328