0 0.416336 0.390060 0.007246 0.030068
0 0.425323 0.437191 0.008932 0.043028
0 0.612244 0.412885 0.012899 0.040328
0 0.397943 0.398862 0.007254 0.039690
0 0.648381 0.395497 0.008145 0.032397
0 0.544250 0.380086 0.007456 0.031165
0 0.556279 0.399414 0.009008 0.031859
0 0.577372 0.376935 0.006308 0.027293
0 0.427907 0.390509 0.007656 0.031390
0 0.511176 0.387127 0.007325 0.029164
0 0.568460 0.383832 0.006737 0.028645
0 0.464568 0.385624 0.008405 0.028483
0 0.509428 0.413905 0.008092 0.037725
0 0.675621 0.381602 0.007597 0.032700
0 0.681531 0.400362 0.007257 0.036226
2 0.518380 0.398848 0.006509 0.034087
0 0.150211 0.415518 0.012485 0.047348
0 0.471518 0.382112 0.007175 0.026515
0 0.471173 0.378666 0.006774 0.022138
0 0.475853 0.385076 0.006085 0.024068
0 0.676833 0.382600 0.007765 0.032439
0 0.473524 0.384990 0.007073 0.025363
0 0.589055 0.365788 0.006905 0.023461