0 0.434111 0.412426 0.012225 0.037403
0 0.199116 0.490462 0.014470 0.067104
0 0.421436 0.379071 0.006569 0.029160
0 0.291565 0.394208 0.007634 0.032999
0 0.547704 0.407059 0.010098 0.039627
0 0.513907 0.379340 0.007276 0.032604
0 0.129189 0.463467 0.011569 0.051719
0 0.437938 0.381002 0.006247 0.029499
0 0.513150 0.437572 0.009650 0.042647
0 0.575145 0.454697 0.008497 0.043297
0 0.502976 0.414856 0.006062 0.036695
0 0.348375 0.422033 0.011729 0.043972
0 0.221474 0.475358 0.009602 0.057373
0 0.456339 0.426243 0.007135 0.041683
0 0.530948 0.388899 0.009788 0.032511
0 0.565211 0.372200 0.005963 0.023771
0 0.344113 0.405348 0.006101 0.028936
0 0.595699 0.419760 0.013747 0.021061
0 0.613692 0.396509 0.008508 0.022979
0 0.521391 0.419249 0.006524 0.038079