0 0.510414 0.380122 0.010120 0.033085
0 0.602397 0.399974 0.008497 0.033021
0 0.649419 0.410321 0.011716 0.036828
0 0.526050 0.384654 0.007327 0.032223
0 0.841904 0.431644 0.012888 0.041533
0 0.544933 0.378821 0.007882 0.034381
0 0.461331 0.403138 0.007669 0.056966
0 0.533168 0.401235 0.008493 0.035910
0 0.869531 0.436723 0.010072 0.044394
0 0.540970 0.397168 0.008006 0.036838
2 0.768854 0.554762 0.022355 0.059691
0 0.570787 0.374037 0.009235 0.035123
0 0.461150 0.412127 0.007505 0.039582
0 0.626948 0.421021 0.009700 0.040398
0 0.461293 0.392923 0.007390 0.036458
0 0.886001 0.431490 0.012807 0.042989
0 0.892141 0.445127 0.007052 0.021168
0 0.457148 0.345883 0.005013 0.023107