0 0.471141 0.432267 0.013449 0.041635
0 0.702767 0.475687 0.012417 0.049198
0 0.409694 0.542586 0.017225 0.078070
0 0.761904 0.444137 0.012724 0.045185
0 0.840393 0.469346 0.015219 0.054227
0 0.891164 0.469049 0.013991 0.055242
0 0.807525 0.549239 0.016658 0.064019
0 0.589191 0.446537 0.009169 0.047388
0 0.697319 0.408099 0.008768 0.038114
0 0.494241 0.384832 0.009695 0.033486
0 0.882292 0.513470 0.015206 0.058312
0 0.577863 0.465083 0.009958 0.049237
0 0.741685 0.444749 0.013230 0.040536
0 0.679970 0.427790 0.010751 0.040254
0 0.805679 0.428669 0.016650 0.041124
0 0.593551 0.413008 0.009154 0.033413
0 0.748481 0.398832 0.012299 0.025210
0 0.195630 0.424095 0.008313 0.044289
0 0.594691 0.390771 0.008129 0.034825
0 0.992599 0.531431 0.014802 0.053714
0 0.656944 0.367757 0.006843 0.028064