0 0.365075 0.388528 0.007725 0.032215
0 0.239439 0.455908 0.010308 0.046619
0 0.445294 0.396733 0.006408 0.033358
0 0.519541 0.386568 0.008529 0.030299
0 0.149918 0.431669 0.021004 0.038294
0 0.541784 0.372239 0.006555 0.029368
0 0.550094 0.387739 0.007764 0.032669
0 0.456596 0.371859 0.006956 0.026231
0 0.179263 0.391433 0.006295 0.029226
0 0.186222 0.390630 0.010377 0.033620
0 0.298804 0.369776 0.006022 0.024956
0 0.179178 0.425224 0.015407 0.035170
0 0.415579 0.374894 0.007159 0.026515
0 0.411809 0.357228 0.005473 0.023248
0 0.429631 0.367854 0.006744 0.026377
0 0.380907 0.360280 0.005621 0.025980
0 0.344441 0.397868 0.005812 0.024403
0 0.878368 0.558601 0.014545 0.066442
0 0.484394 0.340353 0.004204 0.018960
0 0.346429 0.408189 0.005180 0.024536
0 0.345674 0.403345 0.006094 0.033199
0 0.638149 0.384720 0.009909 0.025121
0 0.182738 0.390774 0.008443 0.031984
0 0.434591 0.382214 0.006487 0.027982
2 0.434292 0.382389 0.007252 0.029534
0 0.591246 0.372579 0.007231 0.020521