0 0.663566 0.546447 0.016486 0.075515
0 0.258642 0.405407 0.011805 0.037157
0 0.595067 0.469103 0.010754 0.049492
0 0.529600 0.521699 0.010312 0.063125
0 0.405946 0.411744 0.011013 0.052096
0 0.676560 0.474007 0.010438 0.054993
0 0.463996 0.407808 0.007438 0.036355
0 0.410192 0.391729 0.006814 0.033143
0 0.651062 0.529285 0.016411 0.062282
0 0.455801 0.419074 0.009679 0.037520
0 0.449029 0.414003 0.007608 0.042278
0 0.559131 0.362446 0.006020 0.023513
0 0.455730 0.384188 0.006799 0.029033
0 0.514823 0.410090 0.009676 0.045714
0 0.505434 0.392642 0.007631 0.037509
0 0.463642 0.384794 0.007033 0.027769
2 0.826617 0.520761 0.013789 0.061428
0 0.508758 0.394134 0.009915 0.034835
0 0.689723 0.590832 0.016274 0.027990
0 0.516139 0.400754 0.008240 0.036629
0 0.576238 0.377338 0.007175 0.032323
0 0.663936 0.522631 0.015486 0.044759
0 0.664056 0.531527 0.016645 0.061334