0 0.596759 0.413952 0.011622 0.042279
0 0.404911 0.559330 0.020277 0.076213
0 0.557468 0.457981 0.009001 0.047997
0 0.260191 0.476700 0.012977 0.054870
0 0.458712 0.402680 0.009321 0.031946
0 0.649224 0.422079 0.011406 0.043334
0 0.523158 0.382285 0.007805 0.030048
0 0.587593 0.382736 0.008012 0.030912
0 0.350409 0.401619 0.007945 0.039590
0 0.360682 0.391433 0.009825 0.028138
0 0.622571 0.371157 0.007520 0.025845
0 0.431012 0.389297 0.006727 0.028740
0 0.412842 0.375105 0.007034 0.026799
0 0.929028 0.412955 0.016878 0.041106
0 0.079861 0.418708 0.015453 0.040808
0 0.368402 0.390461 0.007760 0.032519
0 0.477245 0.377692 0.007627 0.030673
0 0.476925 0.399940 0.012902 0.028243
0 0.471447 0.368060 0.006288 0.020002