0 0.544715 0.456571 0.013361 0.047531
0 0.498194 0.406080 0.007256 0.035766
0 0.338187 0.397605 0.007894 0.034738
0 0.453243 0.485145 0.018738 0.058136
0 0.065791 0.444437 0.013408 0.050502
0 0.383579 0.412890 0.007814 0.038908
0 0.208262 0.397653 0.010225 0.030794
0 0.181175 0.535461 0.013855 0.068660
0 0.163066 0.527775 0.015060 0.073300
0 0.448883 0.373159 0.007752 0.027029
0 0.494710 0.376500 0.006391 0.024820
0 0.050149 0.448873 0.010540 0.051979
0 0.569459 0.397458 0.009503 0.035961
0 0.539897 0.399801 0.010772 0.038231
0 0.560056 0.421848 0.006930 0.037488
0 0.637190 0.422434 0.006866 0.040734
0 0.696898 0.437504 0.009480 0.033731
0 0.439379 0.408783 0.008726 0.036555
0 0.544359 0.383708 0.006760 0.028068
0 0.919658 0.476742 0.016892 0.052109
0 0.532330 0.384876 0.006627 0.030677
0 0.940699 0.475244 0.016251 0.053763
0 0.532921 0.393477 0.006723 0.034938
0 0.480665 0.344523 0.005160 0.020206
0 0.907521 0.464193 0.014660 0.045645