0 0.490213 0.512699 0.010982 0.059025
0 0.299010 0.449972 0.009054 0.048871
0 0.526122 0.463168 0.008439 0.047661
0 0.566330 0.573302 0.016896 0.070608
0 0.290660 0.404885 0.010747 0.038547
0 0.743597 0.546684 0.015274 0.067795
0 0.554297 0.438849 0.007968 0.046137
0 0.419594 0.417394 0.009376 0.038700
0 0.374862 0.429243 0.008820 0.044240
0 0.303820 0.404582 0.009380 0.036290
0 0.505687 0.412668 0.008732 0.040549
0 0.406999 0.405815 0.007304 0.041478
0 0.458173 0.417542 0.007113 0.039622
0 0.469690 0.396458 0.007901 0.037798
0 0.551990 0.589036 0.016728 0.063118
0 0.654124 0.487982 0.016688 0.058567
0 0.452769 0.394039 0.006836 0.032993
0 0.421252 0.395599 0.007971 0.023794
0 0.489200 0.410776 0.006536 0.041858
0 0.459760 0.392037 0.005278 0.029434
0 0.488897 0.470767 0.008298 0.037031
0 0.565001 0.379615 0.009446 0.031995
2 0.845734 0.513460 0.010740 0.057948
1 0.564919 0.379672 0.008691 0.031669
0 0.845816 0.509986 0.010504 0.052090