0 0.273651 0.632237 0.021428 0.086539
0 0.255409 0.534379 0.018220 0.068012
0 0.814787 0.518064 0.015653 0.066143
0 0.245369 0.427903 0.009253 0.047680
0 0.498675 0.447467 0.010569 0.050005
0 0.542569 0.404397 0.007819 0.036223
0 0.276488 0.428745 0.011639 0.046929
0 0.476585 0.377602 0.007297 0.029276
0 0.816290 0.389526 0.005666 0.034155
0 0.503680 0.374793 0.006626 0.027822
0 0.658638 0.392860 0.010606 0.034838
0 0.736955 0.405593 0.009058 0.040059
0 0.597513 0.367652 0.008716 0.028704
0 0.426961 0.383863 0.005194 0.027566
0 0.364349 0.389640 0.008794 0.032408
0 0.851779 0.375895 0.007304 0.027890
0 0.435682 0.368886 0.004076 0.024181
0 0.524469 0.364493 0.005366 0.023816
0 0.438542 0.368396 0.006395 0.025192