0 0.721835 0.484533 0.014915 0.053392
0 0.760603 0.457638 0.014313 0.048929
0 0.682743 0.392355 0.011141 0.033885
0 0.948492 0.425862 0.018437 0.047275
0 0.711110 0.424352 0.008043 0.037492
0 0.530807 0.496065 0.015708 0.056523
0 0.540166 0.416532 0.016833 0.041620
0 0.721910 0.435334 0.009016 0.041456
0 0.643708 0.443423 0.012970 0.044972
0 0.871046 0.401010 0.015571 0.033264
0 0.827258 0.384789 0.010290 0.030967
0 0.490226 0.423592 0.014387 0.042452
0 0.581862 0.397120 0.015333 0.038201
0 0.283428 0.643036 0.023679 0.072734
0 0.390548 0.494880 0.015532 0.051196
0 0.558006 0.396269 0.008305 0.027571
0 0.566805 0.383838 0.006112 0.027528
0 0.565528 0.384880 0.008554 0.028001
0 0.561504 0.390635 0.006406 0.027672
0 0.497979 0.460069 0.015641 0.031631