0 0.364485 0.390774 0.010452 0.032791
0 0.337834 0.486325 0.017865 0.058946
0 0.579673 0.377734 0.007369 0.031605
0 0.428720 0.397473 0.009200 0.033626
0 0.478275 0.474238 0.016867 0.053531
0 0.511892 0.440098 0.010033 0.049617
0 0.591422 0.382270 0.006570 0.028665
0 0.612744 0.409069 0.007542 0.036627
0 0.664398 0.385788 0.006528 0.031709
0 0.608202 0.361141 0.005799 0.024422
0 0.535802 0.397766 0.007137 0.031957
0 0.482405 0.376544 0.009442 0.025661
0 0.618643 0.377681 0.009324 0.024358
0 0.509737 0.535046 0.021229 0.064109
0 0.669596 0.390264 0.006606 0.035926
0 0.102746 0.413168 0.008199 0.040666
0 0.742944 0.429818 0.010424 0.041929
0 0.418015 0.381804 0.007857 0.028521
0 0.749980 0.447143 0.009420 0.053394
0 0.755855 0.457223 0.014154 0.050380
0 0.518203 0.382567 0.009312 0.022896
0 0.533782 0.363458 0.006109 0.022388