0 0.470778 0.510108 0.012501 0.062002
0 0.423817 0.508277 0.014489 0.063160
0 0.286001 0.472957 0.012784 0.058192
0 0.370435 0.436534 0.010930 0.046795
0 0.447892 0.478089 0.009900 0.055543
0 0.912677 0.580752 0.017714 0.080342
0 0.640048 0.428478 0.010158 0.042668
0 0.388813 0.431599 0.008104 0.045655
0 0.500439 0.466178 0.014070 0.050836
0 0.409941 0.565560 0.018902 0.077037
0 0.569643 0.450826 0.014545 0.054729
0 0.672735 0.451903 0.011175 0.047894
0 0.640735 0.696662 0.030926 0.103111
0 0.344904 0.567635 0.021235 0.074053
0 0.140192 0.555196 0.013941 0.071097
0 0.550158 0.530675 0.024493 0.070382
0 0.330039 0.446190 0.010912 0.047741
0 0.337020 0.471504 0.011281 0.056595
0 0.398461 0.531210 0.013238 0.061105
0 0.244094 0.694070 0.030049 0.094845
0 0.437131 0.503966 0.011742 0.061033
0 0.997926 0.442169 0.004149 0.039110
2 0.437087 0.503818 0.011591 0.059747
0 0.993800 0.874673 0.012401 0.072321
0 0.398454 0.520734 0.012701 0.042948