0 0.414813 0.388793 0.008481 0.031057
0 0.360854 0.397534 0.008980 0.036116
0 0.488724 0.389070 0.006125 0.033542
0 0.314449 0.445940 0.009119 0.046840
0 0.527751 0.404460 0.008428 0.037358
0 0.471974 0.409965 0.006808 0.039389
0 0.592320 0.407450 0.010465 0.036752
0 0.513574 0.381670 0.006235 0.029759
0 0.499690 0.384143 0.006414 0.030753
0 0.507063 0.383644 0.005550 0.029932
0 0.643101 0.407347 0.008281 0.034265
0 0.572947 0.383642 0.006782 0.030767
0 0.540319 0.385355 0.006812 0.029880
2 0.536035 0.425926 0.009336 0.041169
0 0.567729 0.393573 0.006055 0.036563
0 0.587331 0.377114 0.007561 0.031111
0 0.559673 0.385404 0.008164 0.030508
0 0.987620 0.459301 0.008008 0.031308
0 0.551315 0.395028 0.009166 0.038907
0 0.940681 0.465615 0.009865 0.033967
0 0.568770 0.391023 0.007763 0.038578
0 0.536876 0.385807 0.005374 0.025895