2 0.716796875 0.671875 0.71875 0.6649305555555556 0.7119140625 0.65625 0.708984375 0.6614583333333334 0.708984375 0.6684027777777778 0.7119140625 0.6736111111111112
0 0.775390625 0.4809027777777778 0.779296875 0.4704861111111111 0.779296875 0.4288194444444444 0.7744140625 0.4236111111111111 0.7724609375 0.4166666666666667 0.7666015625 0.4166666666666667 0.763671875 0.4253472222222222 0.765625 0.4739583333333333 0.7685546875 0.4791666666666667 0.771484375 0.4739583333333333 0.7724609375 0.4652777777777778 0.7734375 0.4809027777777778
1 0.1875 0.4635416666666667 0.189453125 0.4600694444444444 0.185546875 0.453125 0.181640625 0.4357638888888889 0.181640625 0.4184027777777778 0.18359375 0.4149305555555556 0.1796875 0.3940972222222222 0.1767578125 0.3888888888888889 0.169921875 0.4079861111111111 0.169921875 0.4322916666666667 0.1650390625 0.4375 0.1572265625 0.4375 0.15625 0.4461805555555556 0.1767578125 0.4444444444444444 0.181640625 0.4600694444444444 0.1845703125 0.4652777777777778
1 0.302734375 0.5329861111111112 0.302734375 0.5260416666666666 0.3095703125 0.5069444444444444 0.3125 0.5086805555555556 0.310546875 0.515625 0.3115234375 0.5243055555555556 0.3203125 0.5086805555555556 0.3203125 0.4947916666666667 0.31640625 0.4878472222222222 0.318359375 0.4774305555555556 0.31640625 0.4704861111111111 0.31640625 0.453125 0.3134765625 0.4479166666666667 0.310546875 0.4496527777777778 0.3046875 0.4704861111111111 0.3046875 0.5052083333333334 0.296875 0.5260416666666666 0.2998046875 0.5347222222222222
1 0.537109375 0.6510416666666666 0.537109375 0.6163194444444444 0.533203125 0.609375 0.53125 0.5989583333333334 0.53125 0.5677083333333334 0.5283203125 0.5625 0.5244140625 0.5625 0.51953125 0.5850694444444444 0.521484375 0.5920138888888888 0.51953125 0.6232638888888888 0.509765625 0.6440972222222222 0.509765625 0.6510416666666666 0.5126953125 0.6527777777777778 0.513671875 0.6475694444444444 0.5234375 0.6336805555555556 0.5263671875 0.6215277777777778 0.53125 0.6232638888888888 0.53125 0.6475694444444444 0.5341796875 0.6527777777777778
1 0.615234375 0.6371527777777778 0.6298828125 0.6180555555555556 0.634765625 0.6232638888888888 0.6357421875 0.6354166666666666 0.640625 0.6336805555555556 0.640625 0.6059027777777778 0.634765625 0.5815972222222222 0.6337890625 0.5555555555555556 0.6279296875 0.5555555555555556 0.626953125 0.5642361111111112 0.623046875 0.5711805555555556 0.623046875 0.6128472222222222 0.611328125 0.6302083333333334 0.611328125 0.6371527777777778
1 0.46484375 0.8003472222222222 0.466796875 0.796875 0.466796875 0.7795138888888888 0.46875 0.7760416666666666 0.46875 0.7447916666666666 0.47265625 0.7378472222222222 0.47265625 0.7309027777777778 0.46484375 0.7135416666666666 0.46484375 0.7065972222222222 0.4599609375 0.7048611111111112 0.45703125 0.7100694444444444 0.45703125 0.7204861111111112 0.44921875 0.7517361111111112 0.4541015625 0.7569444444444444 0.458984375 0.7690972222222222 0.458984375 0.8003472222222222
1 0.158203125 0.7482638888888888 0.16015625 0.7447916666666666 0.15625 0.7378472222222222 0.15625 0.7204861111111112 0.15234375 0.703125 0.15234375 0.6579861111111112 0.1494140625 0.6527777777777778 0.1455078125 0.6527777777777778 0.140625 0.6927083333333334 0.138671875 0.6961805555555556 0.138671875 0.7135416666666666 0.1318359375 0.7256944444444444 0.1240234375 0.7326388888888888 0.123046875 0.7413194444444444 0.1279296875 0.7430555555555556 0.1337890625 0.7326388888888888 0.1474609375 0.71875 0.150390625 0.7239583333333334 0.15234375 0.7482638888888888
1 0.013671875 0.9045138888888888 0.013671875 0.9010416666666666 0.0380859375 0.8611111111111112 0.044921875 0.8663194444444444 0.04296875 0.9010416666666666 0.052734375 0.9010416666666666 0.052734375 0.8975694444444444 0.048828125 0.8940972222222222 0.05078125 0.8871527777777778 0.05078125 0.859375 0.046875 0.8454861111111112 0.046875 0.7934027777777778 0.0439453125 0.7881944444444444 0.0400390625 0.7881944444444444 0.037109375 0.7934027777777778 0.037109375 0.8038194444444444 0.033203125 0.8107638888888888 0.033203125 0.8246527777777778 0.03125 0.828125 0.03125 0.8420138888888888 0.02734375 0.8559027777777778 0.02734375 0.8663194444444444 0.009765625 0.8940972222222222 0.009765625 0.9045138888888888
1 0.060546875 0.5989583333333334 0.05859375 0.578125 0.056640625 0.5746527777777778 0.05859375 0.5225694444444444 0.0556640625 0.5173611111111112 0.0517578125 0.5173611111111112 0.044921875 0.5364583333333334 0.044921875 0.5711805555555556 0.0361328125 0.5729166666666666 0.03515625 0.578125 0.0458984375 0.5868055555555556 0.0517578125 0.5868055555555556 0.0556640625 0.6006944444444444
1 0.015625 0.4878472222222222 0.0166015625 0.4791666666666667 0.0224609375 0.4722222222222222 0.0263671875 0.4791666666666667 0.0322265625 0.4722222222222222 0.03515625 0.4635416666666667 0.033203125 0.4392361111111111 0.03125 0.4357638888888889 0.03125 0.4184027777777778 0.0283203125 0.4131944444444444 0.025390625 0.4149305555555556 0.0234375 0.4253472222222222 0.01953125 0.4322916666666667 0.021484375 0.4392361111111111 0.01953125 0.4600694444444444 0.009765625 0.4809027777777778 0.0126953125 0.4895833333333333
3 0.115234375 0.6684027777777778 0.109375 0.6545138888888888 0.109375 0.640625 0.103515625 0.6232638888888888 0.10546875 0.609375 0.103515625 0.6059027777777778 0.1015625 0.5815972222222222 0.0966796875 0.5798611111111112 0.087890625 0.6059027777777778 0.087890625 0.6128472222222222 0.091796875 0.6197916666666666 0.091796875 0.640625 0.0830078125 0.6527777777777778 0.0771484375 0.65625 0.07421875 0.6614583333333334 0.07421875 0.6684027777777778 0.0771484375 0.6701388888888888 0.0830078125 0.6597222222222222 0.0908203125 0.65625 0.0986328125 0.6423611111111112 0.103515625 0.6475694444444444 0.1103515625 0.6701388888888888
3 0.98828125 0.8732638888888888 0.98828125 0.8628472222222222 0.978515625 0.8420138888888888 0.978515625 0.8315972222222222 0.9755859375 0.8263888888888888 0.9716796875 0.8263888888888888 0.96875 0.8420138888888888 0.9609375 0.859375 0.9677734375 0.8680555555555556 0.9736328125 0.8506944444444444 0.978515625 0.8559027777777778 0.9794921875 0.8680555555555556 0.9853515625 0.875
1 0.6796875 0.6788194444444444 0.6796875 0.6753472222222222 0.6904296875 0.6597222222222222 0.693359375 0.6614583333333334 0.6982421875 0.6770833333333334 0.703125 0.6753472222222222 0.701171875 0.6545138888888888 0.69921875 0.6510416666666666 0.69921875 0.6059027777777778 0.697265625 0.6024305555555556 0.697265625 0.5920138888888888 0.6923828125 0.5833333333333334 0.6845703125 0.6006944444444444 0.6787109375 0.6041666666666666 0.671875 0.6163194444444444 0.6748046875 0.625 0.6767578125 0.6215277777777778 0.681640625 0.6232638888888888 0.68359375 0.6440972222222222 0.685546875 0.6475694444444444 0.673828125 0.671875 0.6767578125 0.6805555555555556