0 0.537109375 0.5642361111111112 0.537109375 0.5538194444444444 0.5419921875 0.5381944444444444 0.5478515625 0.5381944444444444 0.5546875 0.5503472222222222 0.556640625 0.5607638888888888 0.560546875 0.5607638888888888 0.55859375 0.5572916666666666 0.55859375 0.546875 0.552734375 0.5364583333333334 0.552734375 0.5295138888888888 0.548828125 0.5190972222222222 0.548828125 0.5052083333333334 0.5419921875 0.4861111111111111 0.537109375 0.4913194444444444 0.5390625 0.4947916666666667 0.53515625 0.5086805555555556 0.537109375 0.5364583333333334 0.533203125 0.546875 0.533203125 0.5642361111111112
1 0.17578125 0.7204861111111112 0.181640625 0.7135416666666666 0.181640625 0.6788194444444444 0.189453125 0.6545138888888888 0.189453125 0.6336805555555556 0.185546875 0.6302083333333334 0.1826171875 0.6145833333333334 0.177734375 0.6197916666666666 0.171875 0.6510416666666666 0.1640625 0.6649305555555556 0.16796875 0.6684027777777778 0.16796875 0.6927083333333334 0.171875 0.7065972222222222 0.171875 0.7204861111111112
1 0.05078125 0.7517361111111112 0.0537109375 0.7430555555555556 0.0576171875 0.75 0.060546875 0.7447916666666666 0.060546875 0.7309027777777778 0.06640625 0.7100694444444444 0.06640625 0.6961805555555556 0.0703125 0.6857638888888888 0.0703125 0.6753472222222222 0.0615234375 0.65625 0.056640625 0.6579861111111112 0.056640625 0.6649305555555556 0.05078125 0.671875 0.048828125 0.6822916666666666 0.05078125 0.6892361111111112 0.05078125 0.7100694444444444 0.048828125 0.7135416666666666 0.048828125 0.7309027777777778 0.044921875 0.7482638888888888 0.0478515625 0.7534722222222222
1 0.583984375 0.8315972222222222 0.5859375 0.828125 0.5869140625 0.8055555555555556 0.591796875 0.8142361111111112 0.5947265625 0.8298611111111112 0.599609375 0.8246527777777778 0.59375 0.8038194444444444 0.59375 0.7795138888888888 0.59765625 0.765625 0.59765625 0.7552083333333334 0.5888671875 0.7256944444444444 0.583984375 0.7309027777777778 0.583984375 0.7413194444444444 0.580078125 0.7482638888888888 0.580078125 0.7586805555555556 0.576171875 0.7621527777777778 0.580078125 0.7725694444444444 0.580078125 0.7864583333333334 0.578125 0.7899305555555556 0.580078125 0.796875 0.580078125 0.8142361111111112 0.58203125 0.8177083333333334 0.580078125 0.828125 0.5830078125 0.8333333333333334
1 0.734375 0.984375 0.732421875 0.9392361111111112 0.736328125 0.9253472222222222 0.736328125 0.9149305555555556 0.7421875 0.9045138888888888 0.7421875 0.8975694444444444 0.734375 0.8802083333333334 0.734375 0.8697916666666666 0.7294921875 0.8645833333333334 0.7265625 0.8697916666666666 0.7265625 0.8802083333333334 0.716796875 0.8940972222222222 0.716796875 0.9010416666666666 0.720703125 0.9079861111111112 0.720703125 0.9357638888888888 0.724609375 0.953125 0.72265625 0.9600694444444444 0.72265625 0.9774305555555556 0.7275390625 0.9791666666666666 0.7314453125 0.9861111111111112
1 0.84765625 0.9357638888888888 0.849609375 0.9322916666666666 0.849609375 0.921875 0.85546875 0.9184027777777778 0.857421875 0.9079861111111112 0.857421875 0.8767361111111112 0.861328125 0.8697916666666666 0.861328125 0.8454861111111112 0.853515625 0.828125 0.853515625 0.8142361111111112 0.8505859375 0.8090277777777778 0.845703125 0.8142361111111112 0.845703125 0.8246527777777778 0.83984375 0.8315972222222222 0.833984375 0.8524305555555556 0.841796875 0.8940972222222222 0.84375 0.9357638888888888
1 0.826171875 0.5677083333333334 0.8271484375 0.5486111111111112 0.8310546875 0.5486111111111112 0.8369140625 0.5555555555555556 0.841796875 0.5538194444444444 0.841796875 0.546875 0.833984375 0.5364583333333334 0.8359375 0.5052083333333334 0.833984375 0.5017361111111112 0.833984375 0.4913194444444444 0.8310546875 0.4861111111111111 0.826171875 0.4913194444444444 0.826171875 0.5017361111111112 0.8203125 0.5295138888888888 0.8203125 0.5677083333333334
1 0.927734375 0.5607638888888888 0.927734375 0.5538194444444444 0.921875 0.5399305555555556 0.921875 0.515625 0.923828125 0.5052083333333334 0.919921875 0.4878472222222222 0.9150390625 0.4826388888888889 0.908203125 0.5121527777777778 0.908203125 0.5607638888888888 0.9130859375 0.5625 0.9150390625 0.5555555555555556 0.9189453125 0.5555555555555556 0.9228515625 0.5625
1 0.68359375 0.6059027777777778 0.685546875 0.6024305555555556 0.685546875 0.5850694444444444 0.68359375 0.5815972222222222 0.693359375 0.546875 0.693359375 0.5364583333333334 0.6865234375 0.5173611111111112 0.681640625 0.5225694444444444 0.681640625 0.5399305555555556 0.677734375 0.5538194444444444 0.677734375 0.5885416666666666 0.6796875 0.5920138888888888 0.6796875 0.6024305555555556 0.6826171875 0.6076388888888888
1 0.57421875 0.6232638888888888 0.578125 0.6197916666666666 0.578125 0.6059027777777778 0.576171875 0.6024305555555556 0.576171875 0.5677083333333334 0.578125 0.5607638888888888 0.5673828125 0.5381944444444444 0.5634765625 0.5381944444444444 0.560546875 0.5711805555555556 0.5625 0.5746527777777778 0.56640625 0.6128472222222222 0.5712890625 0.625
3 0.708984375 0.7829861111111112 0.712890625 0.7621527777777778 0.712890625 0.7413194444444444 0.71484375 0.7309027777777778 0.720703125 0.7204861111111112 0.720703125 0.7100694444444444 0.712890625 0.6927083333333334 0.7119140625 0.6840277777777778 0.7080078125 0.6840277777777778 0.705078125 0.6996527777777778 0.6982421875 0.7118055555555556 0.693359375 0.7135416666666666 0.6943359375 0.71875 0.6982421875 0.71875 0.701171875 0.7239583333333334 0.69921875 0.734375 0.69921875 0.7795138888888888 0.7021484375 0.7847222222222222