1 0.525390625 0.4947916666666667 0.5302734375 0.4895833333333333 0.5380859375 0.4895833333333333 0.54296875 0.4809027777777778 0.541015625 0.4600694444444444 0.548828125 0.4496527777777778 0.5419921875 0.4479166666666667 0.5380859375 0.4305555555555556 0.5361328125 0.4305555555555556 0.533203125 0.4392361111111111 0.533203125 0.4600694444444444 0.53125 0.4635416666666667 0.53125 0.4739583333333333 0.5234375 0.4913194444444444 0.5234375 0.4947916666666667
1 0.2578125 0.6822916666666666 0.26171875 0.6753472222222222 0.259765625 0.6545138888888888 0.263671875 0.6440972222222222 0.263671875 0.6302083333333334 0.26171875 0.6197916666666666 0.2578125 0.6128472222222222 0.2578125 0.6024305555555556 0.2548828125 0.6006944444444444 0.24609375 0.6267361111111112 0.24609375 0.6371527777777778 0.251953125 0.6510416666666666 0.25 0.6822916666666666
1 0.53515625 0.6545138888888888 0.529296875 0.6371527777777778 0.52734375 0.5920138888888888 0.5244140625 0.5902777777777778 0.51953125 0.6024305555555556 0.517578125 0.6336805555555556 0.51171875 0.6371527777777778 0.5244140625 0.6423611111111112 0.5302734375 0.65625
1 0.419921875 0.484375 0.4140625 0.4600694444444444 0.416015625 0.4357638888888889 0.4140625 0.4253472222222222 0.4072265625 0.4166666666666667 0.40625 0.4565972222222222 0.404296875 0.4635416666666667 0.3974609375 0.46875 0.39453125 0.4774305555555556 0.3974609375 0.4791666666666667 0.4072265625 0.46875 0.4111328125 0.46875 0.4140625 0.4809027777777778 0.4169921875 0.4861111111111111
1 0.271484375 0.4461805555555556 0.271484375 0.4322916666666667 0.2734375 0.4288194444444444 0.271484375 0.4010416666666667 0.2734375 0.3975694444444444 0.26953125 0.3836805555555556 0.2666015625 0.3819444444444444 0.259765625 0.4010416666666667 0.26171875 0.4461805555555556
1 0.25390625 0.296875 0.25390625 0.2864583333333333 0.255859375 0.2829861111111111 0.255859375 0.2517361111111111 0.2529296875 0.2465277777777778 0.24609375 0.265625 0.244140625 0.2829861111111111 0.248046875 0.2864583333333333 0.248046875 0.2934027777777778 0.2509765625 0.2986111111111111
1 0.224609375 0.2170138888888889 0.22265625 0.21006944444444445 0.22265625 0.1857638888888889 0.224609375 0.17881944444444445 0.2177734375 0.16319444444444445 0.212890625 0.17881944444444445 0.21484375 0.2170138888888889
1 0.294921875 0.3559027777777778 0.291015625 0.3003472222222222 0.2890625 0.2934027777777778 0.2861328125 0.2916666666666667 0.283203125 0.3038194444444444 0.283203125 0.3385416666666667 0.275390625 0.3489583333333333 0.2783203125 0.3541666666666667 0.2880859375 0.3402777777777778 0.291015625 0.3559027777777778
1 0.431640625 0.3767361111111111 0.439453125 0.359375 0.4384765625 0.3194444444444444 0.43359375 0.3211805555555556 0.4296875 0.3420138888888889 0.4296875 0.3663194444444444 0.427734375 0.3732638888888889 0.4306640625 0.3784722222222222
1 0.455078125 0.4600694444444444 0.458984375 0.4565972222222222 0.455078125 0.4496527777777778 0.451171875 0.3871527777777778 0.4482421875 0.3854166666666667 0.4453125 0.390625 0.44140625 0.4288194444444444 0.4306640625 0.4340277777777778 0.4296875 0.4427083333333333 0.4423828125 0.4409722222222222 0.4482421875 0.4340277777777778 0.451171875 0.4427083333333333 0.451171875 0.4565972222222222 0.4541015625 0.4618055555555556
1 0.06640625 0.3038194444444444 0.06640625 0.2586805555555556 0.064453125 0.2517361111111111 0.0595703125 0.2465277777777778 0.056640625 0.2586805555555556 0.056640625 0.2760416666666667 0.060546875 0.2829861111111111 0.05859375 0.3038194444444444
1 0.103515625 0.2204861111111111 0.1064453125 0.2048611111111111 0.109375 0.2065972222222222 0.109375 0.21354166666666666 0.1123046875 0.21875 0.115234375 0.2170138888888889 0.11328125 0.19618055555555555 0.111328125 0.19270833333333334 0.111328125 0.1753472222222222 0.1064453125 0.16319444444444445 0.099609375 0.171875 0.099609375 0.21354166666666666 0.09765625 0.2170138888888889 0.1005859375 0.2222222222222222
3 0.181640625 0.3732638888888889 0.185546875 0.359375 0.185546875 0.3420138888888889 0.1875 0.3385416666666667 0.1875 0.3246527777777778 0.1845703125 0.3194444444444444 0.177734375 0.328125 0.17578125 0.3350694444444444 0.17578125 0.3559027777777778 0.171875 0.3628472222222222 0.1728515625 0.3715277777777778 0.1767578125 0.3680555555555556 0.1806640625 0.375
3 0.576171875 0.9982638888888888 0.5703125 0.9878472222222222 0.568359375 0.9809027777777778 0.5703125 0.9774305555555556 0.5654296875 0.96875 0.5625 0.9739583333333334 0.5625 0.9809027777777778 0.552734375 0.9947916666666666 0.5537109375 1
0 0.6640625 0.4461805555555556 0.666015625 0.4427083333333333 0.666015625 0.4079861111111111 0.66796875 0.4010416666666667 0.6591796875 0.3854166666666667 0.6552734375 0.3854166666666667 0.654296875 0.4079861111111111 0.6484375 0.4392361111111111 0.6513671875 0.4409722222222222 0.654296875 0.4357638888888889 0.654296875 0.4288194444444444 0.6591796875 0.4270833333333333 0.662109375 0.4461805555555556
2 0.541015625 0.3940972222222222 0.541015625 0.3836805555555556 0.5361328125 0.3819444444444444 0.53515625 0.390625 0.5380859375 0.3958333333333333
1 0.5234375 0.5503472222222222 0.517578125 0.5190972222222222 0.517578125 0.4878472222222222 0.5146484375 0.4861111111111111 0.5078125 0.5017361111111112 0.5078125 0.5225694444444444 0.5048828125 0.5277777777777778 0.494140625 0.5295138888888888 0.5029296875 0.5381944444444444 0.5146484375 0.5347222222222222 0.51953125 0.5503472222222222