1 0.63671875 0.4982638888888889 0.634765625 0.4809027777777778 0.646484375 0.4635416666666667 0.646484375 0.453125 0.6484375 0.4496527777777778 0.646484375 0.4357638888888889 0.6376953125 0.4097222222222222 0.6328125 0.4149305555555556 0.6328125 0.4635416666666667 0.630859375 0.4670138888888889 0.630859375 0.4913194444444444 0.6337890625 0.5
0 0.90625 0.3836805555555556 0.90625 0.3732638888888889 0.90234375 0.3559027777777778 0.904296875 0.3454861111111111 0.904296875 0.3177083333333333 0.900390625 0.3038194444444444 0.8896484375 0.2881944444444444 0.88671875 0.2934027777777778 0.88671875 0.3107638888888889 0.880859375 0.3315972222222222 0.884765625 0.3420138888888889 0.884765625 0.3732638888888889 0.8828125 0.3802083333333333 0.8857421875 0.3819444444444444 0.890625 0.3732638888888889 0.890625 0.3559027777777778 0.8935546875 0.3541666666666667 0.900390625 0.3697916666666667 0.900390625 0.3802083333333333 0.8984375 0.3836805555555556
1 0.05078125 0.5642361111111112 0.048828125 0.5538194444444444 0.048828125 0.5399305555555556 0.052734375 0.5295138888888888 0.05078125 0.453125 0.0439453125 0.4513888888888889 0.041015625 0.4565972222222222 0.041015625 0.4670138888888889 0.0390625 0.4704861111111111 0.0390625 0.4982638888888889 0.037109375 0.5086805555555556 0.041015625 0.5295138888888888 0.041015625 0.5607638888888888 0.0458984375 0.5659722222222222
1 0.13671875 0.9079861111111112 0.138671875 0.8628472222222222 0.142578125 0.8454861111111112 0.142578125 0.8211805555555556 0.1484375 0.8246527777777778 0.1484375 0.8072916666666666 0.146484375 0.8038194444444444 0.146484375 0.7864583333333334 0.14453125 0.7795138888888888 0.138671875 0.7725694444444444 0.138671875 0.7586805555555556 0.1357421875 0.7534722222222222 0.1318359375 0.7534722222222222 0.12890625 0.7586805555555556 0.12890625 0.7725694444444444 0.1240234375 0.7743055555555556 0.119140625 0.7864583333333334 0.1171875 0.8107638888888888 0.115234375 0.8142361111111112 0.115234375 0.8385416666666666 0.1181640625 0.8402777777777778 0.1220703125 0.8333333333333334 0.123046875 0.8350694444444444 0.126953125 0.8489583333333334 0.126953125 0.8663194444444444 0.130859375 0.8802083333333334 0.12890625 0.9079861111111112
1 0.3359375 0.5920138888888888 0.33203125 0.5815972222222222 0.33203125 0.5677083333333334 0.333984375 0.5642361111111112 0.333984375 0.5364583333333334 0.337890625 0.5260416666666666 0.3349609375 0.5243055555555556 0.33203125 0.515625 0.333984375 0.5052083333333334 0.333984375 0.4809027777777778 0.3310546875 0.4756944444444444 0.328125 0.4809027777777778 0.328125 0.4878472222222222 0.3203125 0.4982638888888889 0.318359375 0.5086805555555556 0.318359375 0.5329861111111112 0.322265625 0.5399305555555556 0.322265625 0.546875 0.326171875 0.5572916666666666 0.326171875 0.5885416666666666 0.3291015625 0.59375
1 0.4765625 0.6336805555555556 0.4794921875 0.6180555555555556 0.48046875 0.6267361111111112 0.484375 0.6267361111111112 0.482421875 0.5989583333333334 0.48828125 0.5885416666666666 0.490234375 0.5677083333333334 0.494140625 0.5607638888888888 0.4921875 0.546875 0.486328125 0.5399305555555556 0.486328125 0.5295138888888888 0.4833984375 0.5243055555555556 0.478515625 0.5295138888888888 0.4765625 0.5711805555555556 0.470703125 0.5920138888888888 0.470703125 0.6163194444444444 0.47265625 0.6232638888888888 0.46875 0.6336805555555556
1 0.54296875 0.6302083333333334 0.54296875 0.6163194444444444 0.537109375 0.609375 0.53515625 0.5885416666666666 0.541015625 0.5642361111111112 0.5439453125 0.5625 0.546875 0.5538194444444444 0.544921875 0.546875 0.533203125 0.5295138888888888 0.5322265625 0.5208333333333334 0.5263671875 0.5208333333333334 0.525390625 0.5503472222222222 0.521484375 0.5642361111111112 0.525390625 0.5677083333333334 0.52734375 0.5850694444444444 0.525390625 0.5885416666666666 0.525390625 0.6059027777777778 0.517578125 0.6163194444444444 0.5244140625 0.625 0.5283203125 0.6145833333333334 0.5341796875 0.6145833333333334 0.537109375 0.6267361111111112 0.5400390625 0.6319444444444444
1 0.650390625 0.5642361111111112 0.6484375 0.5260416666666666 0.650390625 0.5225694444444444 0.65234375 0.4878472222222222 0.650390625 0.4774305555555556 0.646484375 0.4704861111111111 0.646484375 0.4635416666666667 0.6416015625 0.4583333333333333 0.638671875 0.4739583333333333 0.638671875 0.4947916666666667 0.634765625 0.5017361111111112 0.638671875 0.5086805555555556 0.638671875 0.5364583333333334 0.642578125 0.5538194444444444 0.640625 0.5572916666666666 0.6435546875 0.5659722222222222
1 0.794921875 0.5989583333333334 0.796875 0.5954861111111112 0.7958984375 0.5798611111111112 0.8017578125 0.5833333333333334 0.8076171875 0.5972222222222222 0.810546875 0.5954861111111112 0.810546875 0.5885416666666666 0.798828125 0.5677083333333334 0.798828125 0.5364583333333334 0.80078125 0.5329861111111112 0.80078125 0.5225694444444444 0.7880859375 0.4965277777777778 0.783203125 0.5017361111111112 0.783203125 0.5364583333333334 0.78125 0.5399305555555556 0.78125 0.5503472222222222 0.78515625 0.5572916666666666 0.78515625 0.5711805555555556 0.7890625 0.5815972222222222 0.7890625 0.5989583333333334
1 0.310546875 0.2899305555555556 0.30859375 0.265625 0.306640625 0.2621527777777778 0.306640625 0.22743055555555555 0.302734375 0.2204861111111111 0.302734375 0.21354166666666666 0.2978515625 0.21180555555555555 0.296875 0.2204861111111111 0.2890625 0.24131944444444445 0.291015625 0.2517361111111111 0.294921875 0.2552083333333333 0.294921875 0.2864583333333333 0.2978515625 0.2916666666666667 0.30078125 0.2899305555555556 0.298828125 0.2795138888888889 0.30078125 0.2690972222222222 0.3037109375 0.2673611111111111 0.306640625 0.2795138888888889 0.306640625 0.2899305555555556
1 0.263671875 0.3836805555555556 0.26953125 0.3767361111111111 0.263671875 0.3489583333333333 0.263671875 0.3315972222222222 0.2529296875 0.3090277777777778 0.248046875 0.3211805555555556 0.24609375 0.3454861111111111 0.248046875 0.3559027777777778 0.25390625 0.3628472222222222 0.2578125 0.3836805555555556
1 0.291015625 0.4392361111111111 0.29296875 0.4357638888888889 0.291015625 0.4288194444444444 0.29296875 0.4184027777777778 0.29296875 0.3975694444444444 0.291015625 0.390625 0.294921875 0.3836805555555556 0.294921875 0.3697916666666667 0.2890625 0.3524305555555556 0.2890625 0.3454861111111111 0.2861328125 0.3402777777777778 0.2822265625 0.3402777777777778 0.275390625 0.3663194444444444 0.275390625 0.3836805555555556 0.27734375 0.3871527777777778 0.275390625 0.390625 0.275390625 0.4149305555555556 0.271484375 0.4288194444444444 0.271484375 0.4392361111111111 0.275390625 0.4392361111111111 0.279296875 0.4149305555555556 0.2841796875 0.4027777777777778 0.287109375 0.4045138888888889 0.287109375 0.4357638888888889 0.2900390625 0.4409722222222222
1 0.453125 0.4288194444444444 0.455078125 0.421875 0.44921875 0.4045138888888889 0.44921875 0.3975694444444444 0.451171875 0.390625 0.455078125 0.3871527777777778 0.455078125 0.3732638888888889 0.453125 0.3628472222222222 0.4384765625 0.3402777777777778 0.43359375 0.3628472222222222 0.42578125 0.3802083333333333 0.42578125 0.3836805555555556 0.4287109375 0.3854166666666667 0.4345703125 0.3715277777777778 0.4384765625 0.3715277777777778 0.44140625 0.3836805555555556 0.4375 0.3975694444444444 0.4375 0.4114583333333333 0.4296875 0.4288194444444444 0.4365234375 0.4305555555555556 0.439453125 0.4253472222222222 0.4423828125 0.4097222222222222 0.4443359375 0.4097222222222222 0.44921875 0.421875 0.447265625 0.4288194444444444
1 0.560546875 0.4461805555555556 0.5625 0.4427083333333333 0.560546875 0.4392361111111111 0.560546875 0.4288194444444444 0.564453125 0.4184027777777778 0.56640625 0.3975694444444444 0.572265625 0.390625 0.572265625 0.3802083333333333 0.568359375 0.3628472222222222 0.560546875 0.3454861111111111 0.5556640625 0.34375 0.546875 0.3697916666666667 0.546875 0.3940972222222222 0.5498046875 0.3958333333333333 0.5517578125 0.3923611111111111 0.5546875 0.4010416666666667 0.556640625 0.4184027777777778 0.552734375 0.4253472222222222 0.552734375 0.4392361111111111 0.5576171875 0.4479166666666667
1 0.4375 0.3420138888888889 0.4375 0.3246527777777778 0.435546875 0.3211805555555556 0.4375 0.2725694444444444 0.427734375 0.2552083333333333 0.4267578125 0.2465277777777778 0.421875 0.2586805555555556 0.419921875 0.2760416666666667 0.423828125 0.2864583333333333 0.42578125 0.3177083333333333 0.4296875 0.3315972222222222 0.427734375 0.3420138888888889
1 0.755859375 0.5920138888888888 0.7578125 0.5885416666666666 0.7578125 0.578125 0.7421875 0.5607638888888888 0.74609375 0.5295138888888888 0.744140625 0.5260416666666666 0.7421875 0.5017361111111112 0.73828125 0.4947916666666667 0.736328125 0.4809027777777778 0.7333984375 0.4791666666666667 0.728515625 0.4878472222222222 0.732421875 0.4947916666666667 0.732421875 0.5190972222222222 0.734375 0.5260416666666666 0.73046875 0.5399305555555556 0.73046875 0.5815972222222222 0.7265625 0.5885416666666666 0.7294921875 0.59375 0.7353515625 0.5902777777777778 0.736328125 0.5677083333333334 0.7412109375 0.5659722222222222 0.744140625 0.5746527777777778 0.7509765625 0.5798611111111112 0.751953125 0.5885416666666666 0.7548828125 0.59375
1 0.720703125 0.5434027777777778 0.7265625 0.5295138888888888 0.728515625 0.5121527777777778 0.732421875 0.5121527777777778 0.732421875 0.4878472222222222 0.736328125 0.484375 0.736328125 0.4565972222222222 0.732421875 0.4496527777777778 0.7314453125 0.4375 0.7255859375 0.4375 0.72265625 0.4427083333333333 0.724609375 0.484375 0.720703125 0.4982638888888889 0.720703125 0.5260416666666666 0.712890625 0.5434027777777778
1 0.05078125 0.5642361111111112 0.052734375 0.5607638888888888 0.048828125 0.5538194444444444 0.048828125 0.5399305555555556 0.052734375 0.5295138888888888 0.05078125 0.453125 0.0439453125 0.4513888888888889 0.041015625 0.4565972222222222 0.041015625 0.4670138888888889 0.0390625 0.4704861111111111 0.037109375 0.5086805555555556 0.041015625 0.5295138888888888 0.041015625 0.5607638888888888 0.0458984375 0.5659722222222222
3 0.263671875 0.5121527777777778 0.259765625 0.5017361111111112 0.26171875 0.4947916666666667 0.26171875 0.4704861111111111 0.259765625 0.4670138888888889 0.259765625 0.4496527777777778 0.2578125 0.4461805555555556 0.2578125 0.4079861111111111 0.2529296875 0.40625 0.24609375 0.4322916666666667 0.24609375 0.453125 0.251953125 0.4809027777777778 0.244140625 0.5086805555555556 0.2490234375 0.5138888888888888 0.25 0.5017361111111112 0.2529296875 0.4965277777777778 0.255859375 0.5017361111111112 0.2568359375 0.5138888888888888
2 0.416015625 0.5989583333333334 0.4208984375 0.5972222222222222 0.423828125 0.5920138888888888 0.419921875 0.5850694444444444 0.421875 0.5815972222222222 0.419921875 0.5746527777777778 0.421875 0.5711805555555556 0.421875 0.5538194444444444 0.4091796875 0.5520833333333334 0.408203125 0.5677083333333334 0.4033203125 0.5729166666666666 0.4013671875 0.5659722222222222 0.3984375 0.5711805555555556 0.3984375 0.578125 0.404296875 0.5850694444444444 0.40234375 0.5920138888888888 0.4072265625 0.6006944444444444