3 0.36328125 0.2864583333333333 0.36328125 0.265625 0.359375 0.2482638888888889 0.359375 0.234375 0.3544921875 0.2326388888888889 0.3515625 0.24479166666666666 0.3515625 0.2690972222222222 0.345703125 0.2795138888888889 0.345703125 0.2864583333333333 0.3466796875 0.2881944444444444 0.3564453125 0.2708333333333333 0.361328125 0.2864583333333333
1 0.166015625 0.22743055555555555 0.162109375 0.21006944444444445 0.16015625 0.17881944444444445 0.1552734375 0.17708333333333334 0.15234375 0.1857638888888889 0.15234375 0.21006944444444445 0.1474609375 0.21180555555555555 0.14453125 0.2170138888888889 0.1474609375 0.2222222222222222 0.1494140625 0.21875 0.1572265625 0.21875 0.1611328125 0.22916666666666666
1 0.013671875 0.5850694444444444 0.009765625 0.5190972222222222 0.0068359375 0.5138888888888888 0.0029296875 0.5138888888888888 0 0.5190972222222222 0 0.578125 0.0068359375 0.5868055555555556
1 0.509765625 0.5225694444444444 0.51171875 0.5190972222222222 0.51171875 0.5086805555555556 0.515625 0.5017361111111112 0.515625 0.4809027777777778 0.51171875 0.4739583333333333 0.51171875 0.453125 0.5068359375 0.4479166666666667 0.501953125 0.4600694444444444 0.501953125 0.4739583333333333 0.5 0.4774305555555556 0.5 0.484375 0.50390625 0.4947916666666667 0.5 0.515625 0.5029296875 0.5208333333333334
1 0.62890625 0.5121527777777778 0.62890625 0.4982638888888889 0.625 0.4878472222222222 0.623046875 0.4704861111111111 0.6181640625 0.4583333333333333 0.6142578125 0.4583333333333333 0.609375 0.4739583333333333 0.61328125 0.5052083333333334 0.6162109375 0.5104166666666666 0.6220703125 0.5034722222222222 0.6259765625 0.5138888888888888
1 0.611328125 0.4461805555555556 0.611328125 0.4357638888888889 0.60546875 0.421875 0.60546875 0.4045138888888889 0.603515625 0.3975694444444444 0.5986328125 0.3923611111111111 0.591796875 0.4079861111111111 0.595703125 0.4392361111111111 0.5986328125 0.4444444444444444 0.599609375 0.4392361111111111 0.6044921875 0.4340277777777778 0.607421875 0.4427083333333333 0.6103515625 0.4479166666666667
1 0.6015625 0.4947916666666667 0.599609375 0.4739583333333333 0.591796875 0.4461805555555556 0.5888671875 0.4444444444444444 0.583984375 0.4565972222222222 0.5859375 0.4947916666666667 0.5888671875 0.4965277777777778 0.5927734375 0.4861111111111111 0.595703125 0.4878472222222222 0.5966796875 0.4965277777777778
1 0.408203125 0.3420138888888889 0.408203125 0.3315972222222222 0.412109375 0.3246527777777778 0.412109375 0.296875 0.41015625 0.2934027777777778 0.41015625 0.2829861111111111 0.4072265625 0.2777777777777778 0.40234375 0.2899305555555556 0.40234375 0.3142361111111111 0.400390625 0.3177083333333333 0.3984375 0.3385416666666667 0.4013671875 0.34375 0.4033203125 0.3402777777777778 0.4052734375 0.34375
1 0.447265625 0.390625 0.4453125 0.3836805555555556 0.4453125 0.359375 0.451171875 0.3524305555555556 0.4453125 0.3420138888888889 0.443359375 0.3315972222222222 0.4384765625 0.3298611111111111 0.431640625 0.3420138888888889 0.4296875 0.3524305555555556 0.4375 0.3663194444444444 0.44140625 0.3871527777777778 0.4443359375 0.3923611111111111
1 0.501953125 0.3177083333333333 0.5 0.2690972222222222 0.4951171875 0.2673611111111111 0.490234375 0.2829861111111111 0.4921875 0.3038194444444444 0.4873046875 0.3090277777777778 0.486328125 0.3142361111111111 0.4990234375 0.3125 0.5 0.3177083333333333
1 0.4921875 0.4045138888888889 0.498046875 0.3871527777777778 0.4921875 0.3732638888888889 0.4921875 0.3524305555555556 0.4892578125 0.3472222222222222 0.482421875 0.3663194444444444 0.482421875 0.3732638888888889 0.48828125 0.390625 0.486328125 0.4010416666666667 0.4892578125 0.40625
1 0.509765625 0.3559027777777778 0.509765625 0.3489583333333333 0.515625 0.3385416666666667 0.51171875 0.3177083333333333 0.5107421875 0.2951388888888889 0.5087890625 0.2951388888888889 0.501953125 0.3107638888888889 0.50390625 0.3524305555555556 0.5068359375 0.3576388888888889
1 0.142578125 0.4288194444444444 0.140625 0.4253472222222222 0.140625 0.4114583333333333 0.13671875 0.4010416666666667 0.138671875 0.3836805555555556 0.1337890625 0.375 0.1298828125 0.375 0.125 0.3836805555555556 0.126953125 0.4010416666666667 0.119140625 0.4114583333333333 0.1337890625 0.4131944444444444 0.13671875 0.4253472222222222 0.1396484375 0.4305555555555556
1 0.14453125 0.4288194444444444 0.140625 0.4184027777777778 0.140625 0.4045138888888889 0.142578125 0.4010416666666667 0.140625 0.3767361111111111 0.142578125 0.3732638888888889 0.140625 0.3697916666666667 0.140625 0.359375 0.1357421875 0.3541666666666667 0.130859375 0.3663194444444444 0.130859375 0.3732638888888889 0.125 0.3836805555555556 0.125 0.4045138888888889 0.119140625 0.4114583333333333 0.1318359375 0.4131944444444444 0.1396484375 0.4305555555555556
0 0.671875 0.4184027777777778 0.6787109375 0.4097222222222222 0.6865234375 0.4097222222222222 0.69140625 0.4010416666666667 0.69140625 0.3836805555555556 0.689453125 0.3767361111111111 0.6806640625 0.3645833333333333 0.67578125 0.390625 0.669921875 0.4010416666666667 0.671875 0.4045138888888889 0.66796875 0.4114583333333333 0.66796875 0.4184027777777778
1 0.611328125 0.2621527777777778 0.615234375 0.22395833333333334 0.6103515625 0.21180555555555555 0.603515625 0.22395833333333334 0.6015625 0.234375 0.60546875 0.24479166666666666 0.60546875 0.2621527777777778
2 0.625 0.2482638888888889 0.6240234375 0.2361111111111111 0.6201171875 0.2361111111111111 0.6171875 0.24131944444444445 0.6181640625 0.25
1 0.623046875 0.3003472222222222 0.623046875 0.2864583333333333 0.6171875 0.2621527777777778 0.6171875 0.2517361111111111 0.6123046875 0.25 0.609375 0.2586805555555556 0.609375 0.2725694444444444 0.61328125 0.2864583333333333 0.611328125 0.296875 0.6142578125 0.2951388888888889 0.6181640625 0.3020833333333333