1 0.21875 0.6128472222222222 0.22265625 0.5260416666666666 0.220703125 0.5225694444444444 0.220703125 0.5052083333333334 0.2158203125 0.5034722222222222 0.21484375 0.5121527777777778 0.208984375 0.5225694444444444 0.208984375 0.5850694444444444 0.212890625 0.5989583333333334 0.212890625 0.609375 0.2158203125 0.6145833333333334
0 0.125 0.5121527777777778 0.125 0.5052083333333334 0.12109375 0.4947916666666667 0.123046875 0.4913194444444444 0.123046875 0.4600694444444444 0.12109375 0.4565972222222222 0.12109375 0.4461805555555556 0.123046875 0.4427083333333333 0.123046875 0.4114583333333333 0.1181640625 0.40625 0.115234375 0.4114583333333333 0.115234375 0.4184027777777778 0.109375 0.4288194444444444 0.109375 0.4635416666666667 0.11328125 0.4774305555555556 0.11328125 0.4982638888888889 0.111328125 0.5017361111111112 0.1142578125 0.5104166666666666 0.1201171875 0.5138888888888888
1 0.818359375 0.7517361111111112 0.8203125 0.6892361111111112 0.82421875 0.6822916666666666 0.82421875 0.6753472222222222 0.8203125 0.6614583333333334 0.814453125 0.6545138888888888 0.814453125 0.6440972222222222 0.8095703125 0.6388888888888888 0.806640625 0.6440972222222222 0.806640625 0.6545138888888888 0.80078125 0.6614583333333334 0.80078125 0.6788194444444444 0.8046875 0.6892361111111112 0.8046875 0.7135416666666666 0.810546875 0.7378472222222222 0.810546875 0.7482638888888888 0.8134765625 0.7534722222222222
1 0.84765625 0.6197916666666666 0.8515625 0.6128472222222222 0.83984375 0.5815972222222222 0.841796875 0.5503472222222222 0.8466796875 0.5486111111111112 0.84765625 0.5399305555555556 0.84375 0.5295138888888888 0.8291015625 0.5069444444444444 0.828125 0.5190972222222222 0.8203125 0.5434027777777778 0.828125 0.5538194444444444 0.828125 0.578125 0.833984375 0.5989583333333334 0.8388671875 0.6041666666666666 0.8466796875 0.6215277777777778
1 0.927734375 0.6128472222222222 0.9296875 0.6024305555555556 0.91796875 0.5711805555555556 0.91796875 0.5572916666666666 0.9208984375 0.5555555555555556 0.9248046875 0.5590277777777778 0.92578125 0.5503472222222222 0.919921875 0.5295138888888888 0.919921875 0.5225694444444444 0.912109375 0.5086805555555556 0.912109375 0.5017361111111112 0.9072265625 0.5 0.904296875 0.5052083333333334 0.90625 0.5086805555555556 0.904296875 0.5260416666666666 0.896484375 0.5434027777777778 0.8974609375 0.5486111111111112 0.9013671875 0.5451388888888888 0.90625 0.546875 0.904296875 0.5850694444444444 0.90234375 0.5954861111111112 0.8974609375 0.5972222222222222 0.896484375 0.6024305555555556 0.8994140625 0.6076388888888888 0.9033203125 0.6076388888888888 0.908203125 0.5920138888888888 0.908203125 0.5850694444444444 0.9130859375 0.5798611111111112 0.921875 0.5989583333333334 0.921875 0.6128472222222222
1 0.81640625 0.4427083333333333 0.818359375 0.4357638888888889 0.810546875 0.4184027777777778 0.810546875 0.3975694444444444 0.8125 0.390625 0.8076171875 0.3784722222222222 0.8017578125 0.375 0.7958984375 0.3645833333333333 0.79296875 0.3697916666666667 0.79296875 0.3975694444444444 0.798828125 0.4079861111111111 0.798828125 0.4149305555555556 0.810546875 0.4427083333333333
1 0.658203125 0.3871527777777778 0.66015625 0.3836805555555556 0.650390625 0.3732638888888889 0.65234375 0.3315972222222222 0.6435546875 0.3194444444444444 0.63671875 0.3350694444444444 0.63671875 0.3420138888888889 0.642578125 0.3559027777777778 0.64453125 0.3836805555555556 0.6533203125 0.3888888888888889
1 0.501953125 0.4496527777777778 0.49609375 0.4253472222222222 0.49609375 0.390625 0.4921875 0.3767361111111111 0.4921875 0.3628472222222222 0.4873046875 0.3611111111111111 0.478515625 0.3802083333333333 0.4765625 0.390625 0.4765625 0.3975694444444444 0.48046875 0.4045138888888889 0.482421875 0.4149305555555556 0.482421875 0.4322916666666667 0.48046875 0.4357638888888889 0.482421875 0.4461805555555556 0.4853515625 0.4479166666666667 0.486328125 0.4288194444444444 0.4892578125 0.4236111111111111 0.4921875 0.4288194444444444 0.4921875 0.4461805555555556 0.4951171875 0.4513888888888889
1 0.47265625 0.5225694444444444 0.4755859375 0.5069444444444444 0.484375 0.5086805555555556 0.484375 0.5017361111111112 0.478515625 0.4947916666666667 0.48046875 0.4809027777777778 0.484375 0.4774305555555556 0.484375 0.453125 0.478515625 0.4427083333333333 0.4755859375 0.4305555555555556 0.47265625 0.4322916666666667 0.47265625 0.4392361111111111 0.466796875 0.4565972222222222 0.466796875 0.4739583333333333 0.46875 0.4774305555555556 0.46875 0.5225694444444444
1 0.419921875 0.5017361111111112 0.421875 0.4982638888888889 0.41796875 0.4878472222222222 0.41796875 0.4739583333333333 0.412109375 0.4461805555555556 0.412109375 0.4114583333333333 0.4072265625 0.4097222222222222 0.404296875 0.4149305555555556 0.400390625 0.4357638888888889 0.40234375 0.4461805555555556 0.400390625 0.4496527777777778 0.3984375 0.4982638888888889 0.4013671875 0.5034722222222222 0.404296875 0.4982638888888889 0.404296875 0.484375 0.40625 0.4774305555555556 0.4091796875 0.4756944444444444 0.412109375 0.4809027777777778 0.4140625 0.4982638888888889 0.4169921875 0.5034722222222222
1 0.380859375 0.5329861111111112 0.3857421875 0.53125 0.3935546875 0.5208333333333334 0.3984375 0.5017361111111112 0.400390625 0.4670138888888889 0.396484375 0.4600694444444444 0.3955078125 0.4479166666666667 0.3916015625 0.4479166666666667 0.390625 0.4565972222222222 0.3876953125 0.4583333333333333 0.3828125 0.4704861111111111 0.3828125 0.484375 0.384765625 0.4878472222222222 0.3828125 0.4913194444444444 0.3828125 0.5052083333333334 0.376953125 0.5225694444444444 0.376953125 0.5329861111111112
1 0.32421875 0.4982638888888889 0.32421875 0.484375 0.322265625 0.4809027777777778 0.3203125 0.4600694444444444 0.322265625 0.4496527777777778 0.326171875 0.4496527777777778 0.326171875 0.4288194444444444 0.318359375 0.4045138888888889 0.3134765625 0.3993055555555556 0.3046875 0.4288194444444444 0.30859375 0.4392361111111111 0.30859375 0.4600694444444444 0.31640625 0.4774305555555556 0.318359375 0.4947916666666667 0.3212890625 0.5
1 0.27734375 0.5503472222222222 0.279296875 0.5399305555555556 0.2822265625 0.5347222222222222 0.2861328125 0.5347222222222222 0.291015625 0.5260416666666666 0.2890625 0.4913194444444444 0.294921875 0.4670138888888889 0.2919921875 0.4583333333333333 0.287109375 0.4635416666666667 0.275390625 0.4913194444444444 0.275390625 0.5086805555555556 0.28125 0.5225694444444444 0.2734375 0.5399305555555556 0.2734375 0.546875 0.2763671875 0.5520833333333334
1 0.255859375 0.5746527777777778 0.251953125 0.5642361111111112 0.25390625 0.5399305555555556 0.25 0.5225694444444444 0.2529296875 0.5173611111111112 0.2578125 0.515625 0.248046875 0.5017361111111112 0.248046875 0.4739583333333333 0.2451171875 0.4722222222222222 0.240234375 0.484375 0.236328125 0.5190972222222222 0.240234375 0.5260416666666666 0.2421875 0.5364583333333334 0.2421875 0.5677083333333334 0.2490234375 0.5763888888888888
1 0.373046875 0.6163194444444444 0.373046875 0.6024305555555556 0.376953125 0.5885416666666666 0.376953125 0.5677083333333334 0.380859375 0.5607638888888888 0.380859375 0.5434027777777778 0.376953125 0.5364583333333334 0.376953125 0.5260416666666666 0.3740234375 0.5208333333333334 0.36328125 0.5434027777777778 0.36328125 0.5572916666666666 0.365234375 0.5607638888888888 0.36328125 0.5954861111111112 0.3671875 0.6024305555555556 0.3671875 0.6163194444444444
1 0.3046875 0.6197916666666666 0.3046875 0.5677083333333334 0.3076171875 0.5659722222222222 0.3115234375 0.5694444444444444 0.3125 0.5642361111111112 0.306640625 0.5434027777777778 0.306640625 0.5364583333333334 0.30078125 0.5260416666666666 0.30078125 0.515625 0.2958984375 0.5138888888888888 0.28515625 0.546875 0.28515625 0.5607638888888888 0.283203125 0.5642361111111112 0.2890625 0.5711805555555556 0.291015625 0.5954861111111112 0.29296875 0.5989583333333334 0.29296875 0.6163194444444444 0.3017578125 0.6215277777777778
1 0.326171875 0.5607638888888888 0.326171875 0.5503472222222222 0.31640625 0.5260416666666666 0.318359375 0.484375 0.3076171875 0.4583333333333333 0.3046875 0.4635416666666667 0.3046875 0.4739583333333333 0.302734375 0.4774305555555556 0.302734375 0.515625 0.30078125 0.5260416666666666 0.3037109375 0.53125 0.3095703125 0.5277777777777778 0.3203125 0.5503472222222222 0.3203125 0.5607638888888888
1 0.69921875 0.3697916666666667 0.703125 0.3663194444444444 0.703125 0.359375 0.69921875 0.3524305555555556 0.69921875 0.3454861111111111 0.701171875 0.3420138888888889 0.701171875 0.3385416666666667 0.703125 0.3350694444444444 0.703125 0.3315972222222222 0.701171875 0.328125 0.701171875 0.3246527777777778 0.69921875 0.3211805555555556 0.69921875 0.3142361111111111 0.6962890625 0.3090277777777778 0.6943359375 0.3090277777777778 0.6904296875 0.3020833333333333 0.6884765625 0.3020833333333333 0.6875 0.3038194444444444 0.6875 0.3107638888888889 0.689453125 0.3142361111111111 0.689453125 0.3246527777777778 0.693359375 0.328125 0.693359375 0.3385416666666667 0.69140625 0.3420138888888889 0.69140625 0.3524305555555556 0.693359375 0.3559027777777778 0.693359375 0.359375 0.6953125 0.3628472222222222 0.6953125 0.3663194444444444 0.6982421875 0.3715277777777778
1 0.6953125 0.453125 0.6953125 0.4427083333333333 0.693359375 0.4392361111111111 0.693359375 0.4114583333333333 0.6953125 0.4079861111111111 0.697265625 0.3975694444444444 0.6953125 0.3940972222222222 0.6953125 0.390625 0.6923828125 0.3854166666666667 0.6904296875 0.3854166666666667 0.6875 0.3767361111111111 0.689453125 0.3732638888888889 0.6894425076224657 0.3739391480920462 0.6891174340509301 0.3727824677171853 0.6883589400732995 0.3722041293682478 0.6868419438510736 0.37085466831807923 0.68359375 0.3697916666666667 0.681640625 0.3732638888888889 0.681640625 0.3836805555555556 0.677734375 0.390625 0.677734375 0.4045138888888889 0.681640625 0.4149305555555556 0.681640625 0.4288194444444444 0.68359375 0.4322916666666667 0.68359375 0.4357638888888889 0.6865234375 0.4409722222222222 0.689453125 0.4427083333333333 0.689453125 0.453125 0.6904296875 0.4548611111111111 0.6943359375 0.4548611111111111
2 0.689453125 0.3663194444444444 0.689453125 0.3628472222222222 0.6884765625 0.3611111111111111 0.6845703125 0.3611111111111111 0.681640625 0.3663194444444444 0.6826171875 0.3680555555555556 0.6884765625 0.3680555555555556
3 0.6171875 0.2829861111111111 0.6201171875 0.28125 0.6240234375 0.2708333333333333 0.6318359375 0.2743055555555556 0.6337890625 0.28125 0.63671875 0.2795138888888889 0.63671875 0.2725694444444444 0.62890625 0.2517361111111111 0.62890625 0.24131944444444445 0.630859375 0.2378472222222222 0.62890625 0.22743055555555555 0.6240234375 0.2152777777777778 0.619140625 0.2204861111111111 0.619140625 0.265625 0.6171875 0.2760416666666667 0.61328125 0.2829861111111111
3 0.79296875 0.5225694444444444 0.794921875 0.4809027777777778 0.802734375 0.4635416666666667 0.79296875 0.4427083333333333 0.79296875 0.4357638888888889 0.7880859375 0.4340277777777778 0.78515625 0.4461805555555556 0.7822265625 0.4479166666666667 0.779296875 0.4565972222222222 0.779296875 0.4739583333333333 0.78125 0.4774305555555556 0.783203125 0.515625 0.7861328125 0.5243055555555556