1 0.4397231058594242 0.5673091559822555 0.45799288273647176 0.4852361211604939 0.4543389308457456 0.45638867561632857 0.4465742721883171 0.45842018630251474 0.435546875 0.5260416666666666 0.4305882174209004 0.570153258543559
0 0.158203125 0.5017361111111112 0.162109375 0.4982638888888889 0.1640625 0.4739583333333333 0.1689453125 0.46875 0.1806640625 0.4722222222222222 0.1943359375 0.4930555555555556 0.203125 0.4913194444444444 0.1875 0.4670138888888889 0.185546875 0.4357638888888889 0.1796875 0.4253472222222222 0.1796875 0.4184027777777778 0.1767578125 0.4131944444444444 0.1748046875 0.4131944444444444 0.171875 0.4253472222222222 0.16015625 0.4427083333333333 0.16015625 0.453125 0.162109375 0.4565972222222222 0.154296875 0.4947916666666667 0.154296875 0.4982638888888889 0.1572265625 0.5034722222222222
2 0.20703125 0.515625 0.208984375 0.5086805555555556 0.2041015625 0.5 0.19921875 0.5121527777777778 0.2021484375 0.5173611111111112
3 0.900390625 0.22395833333333334 0.9052734375 0.2013888888888889 0.9130859375 0.2048611111111111 0.9208984375 0.21875 0.92578125 0.2170138888888889 0.92578125 0.21006944444444445 0.9140625 0.19270833333333334 0.916015625 0.1684027777777778 0.9072265625 0.14930555555555555 0.90234375 0.15104166666666666 0.90234375 0.18229166666666666 0.900390625 0.1892361111111111 0.890625 0.203125 0.890625 0.2065972222222222 0.896484375 0.21354166666666666 0.896484375 0.2204861111111111 0.8994140625 0.22569444444444445
3 0.892578125 0.6961805555555556 0.892578125 0.6788194444444444 0.8955078125 0.6736111111111112 0.9033203125 0.6805555555555556 0.9130859375 0.6805555555555556 0.9169921875 0.6909722222222222 0.919921875 0.6892361111111112 0.9189453125 0.6701388888888888 0.9130859375 0.6701388888888888 0.90234375 0.6614583333333334 0.904296875 0.6371527777777778 0.91015625 0.6302083333333334 0.9140625 0.6163194444444444 0.8974609375 0.5763888888888888 0.892578125 0.5815972222222222 0.892578125 0.6024305555555556 0.890625 0.6059027777777778 0.892578125 0.6336805555555556 0.890625 0.6371527777777778 0.890625 0.6510416666666666 0.884765625 0.6822916666666666 0.884765625 0.6961805555555556
1 0.369140625 0.9114583333333334 0.373046875 0.890625 0.373046875 0.8732638888888888 0.37890625 0.8559027777777778 0.380859375 0.8420138888888888 0.3837890625 0.8402777777777778 0.388671875 0.828125 0.38671875 0.8072916666666666 0.384765625 0.8003472222222222 0.376953125 0.7899305555555556 0.376953125 0.7725694444444444 0.3740234375 0.7673611111111112 0.369140625 0.7725694444444444 0.3671875 0.7899305555555556 0.357421875 0.8038194444444444 0.3515625 0.8211805555555556 0.3525390625 0.8368055555555556 0.359375 0.8315972222222222 0.357421875 0.890625 0.35546875 0.9010416666666666 0.3642578125 0.9131944444444444
1 0.24609375 0.6024305555555556 0.248046875 0.5954861111111112 0.23828125 0.578125 0.23828125 0.5607638888888888 0.234375 0.5399305555555556 0.2236328125 0.5208333333333334 0.2197265625 0.5208333333333334 0.216796875 0.5260416666666666 0.220703125 0.5364583333333334 0.220703125 0.5572916666666666 0.224609375 0.5642361111111112 0.22265625 0.5746527777777778 0.21875 0.5815972222222222 0.220703125 0.5920138888888888 0.2255859375 0.6006944444444444 0.2314453125 0.6041666666666666 0.2373046875 0.6041666666666666 0.2392578125 0.5972222222222222
1 0.30078125 0.5954861111111112 0.3046875 0.5920138888888888 0.3046875 0.5850694444444444 0.302734375 0.5815972222222222 0.302734375 0.5711805555555556 0.298828125 0.5642361111111112 0.296875 0.5538194444444444 0.302734375 0.5399305555555556 0.3046875 0.5052083333333334 0.294921875 0.4809027777777778 0.2900390625 0.4756944444444444 0.2890625 0.484375 0.291015625 0.4913194444444444 0.2890625 0.4947916666666667 0.2890625 0.5121527777777778 0.291015625 0.5190972222222222 0.2890625 0.5295138888888888 0.291015625 0.5399305555555556 0.287109375 0.5538194444444444 0.2890625 0.5572916666666666 0.2890625 0.5677083333333334 0.298828125 0.5850694444444444 0.294921875 0.5920138888888888 0.2978515625 0.5972222222222222
1 0.375 0.5989583333333334 0.376953125 0.5920138888888888 0.376953125 0.5711805555555556 0.3818359375 0.5590277777777778 0.3916015625 0.5729166666666666 0.4013671875 0.5798611111111112 0.4052734375 0.59375 0.41015625 0.5885416666666666 0.408203125 0.578125 0.392578125 0.5572916666666666 0.388671875 0.5399305555555556 0.388671875 0.5121527777777778 0.3779296875 0.4861111111111111 0.375 0.4878472222222222 0.375 0.5052083333333334 0.373046875 0.5086805555555556 0.373046875 0.5190972222222222 0.375 0.5225694444444444 0.373046875 0.5677083333333334 0.37109375 0.5711805555555556 0.37109375 0.5815972222222222 0.365234375 0.5885416666666666 0.3701171875 0.6006944444444444
1 0.47265625 0.5711805555555556 0.474609375 0.5642361111111112 0.47265625 0.5538194444444444 0.4599609375 0.5520833333333334 0.45703125 0.5399305555555556 0.458984375 0.5364583333333334 0.458984375 0.5190972222222222 0.45703125 0.5121527777777778 0.4619140625 0.5104166666666666 0.46484375 0.5052083333333334 0.4541015625 0.4826388888888889 0.4482421875 0.4791666666666667 0.443359375 0.4947916666666667 0.4453125 0.5329861111111112 0.447265625 0.5399305555555556 0.44140625 0.5711805555555556 0.4443359375 0.5729166666666666 0.4521484375 0.5520833333333334 0.4599609375 0.5625 0.4658203125 0.5625 0.4697265625 0.5729166666666666
1 0.666015625 0.4565972222222222 0.666015625 0.4461805555555556 0.6708984375 0.4270833333333333 0.6826171875 0.4340277777777778 0.6923828125 0.4479166666666667 0.697265625 0.4427083333333333 0.697265625 0.4357638888888889 0.6943359375 0.4305555555555556 0.6865234375 0.4270833333333333 0.6796875 0.4149305555555556 0.681640625 0.3802083333333333 0.6708984375 0.3541666666666667 0.66796875 0.359375 0.66796875 0.3802083333333333 0.666015625 0.3836805555555556 0.66796875 0.3940972222222222 0.666015625 0.421875 0.662109375 0.4427083333333333 0.65625 0.4496527777777778 0.6572265625 0.4583333333333333
1 0.708984375 0.609375 0.708984375 0.5954861111111112 0.7177734375 0.5694444444444444 0.7216796875 0.5694444444444444 0.7275390625 0.5798611111111112 0.7333984375 0.5833333333333334 0.7392578125 0.6006944444444444 0.7431640625 0.6006944444444444 0.74609375 0.5954861111111112 0.74609375 0.5920138888888888 0.7373046875 0.5798611111111112 0.728515625 0.5607638888888888 0.7265625 0.5503472222222222 0.732421875 0.5434027777777778 0.7216796875 0.4930555555555556 0.7177734375 0.4930555555555556 0.71484375 0.4982638888888889 0.716796875 0.5121527777777778 0.712890625 0.5295138888888888 0.7109375 0.5642361111111112 0.70703125 0.5850694444444444 0.7021484375 0.5972222222222222 0.697265625 0.5989583333333334 0.7021484375 0.6111111111111112
1 0.9375 0.4253472222222222 0.939453125 0.421875 0.939453125 0.390625 0.9375 0.3871527777777778 0.9375 0.3767361111111111 0.9306640625 0.3576388888888889 0.9248046875 0.3576388888888889 0.923828125 0.3836805555555556 0.92578125 0.3871527777777778 0.92578125 0.4010416666666667 0.923828125 0.4045138888888889 0.9296875 0.4149305555555556 0.9296875 0.421875 0.9326171875 0.4270833333333333
1 0.755859375 0.5607638888888888 0.7578125 0.5572916666666666 0.755859375 0.5260416666666666 0.7587890625 0.5173611111111112 0.7626953125 0.5173611111111112 0.7666015625 0.5277777777777778 0.7744140625 0.5347222222222222 0.7841796875 0.5590277777777778 0.7890625 0.5538194444444444 0.7890625 0.5434027777777778 0.7841796875 0.5381944444444444 0.76953125 0.5086805555555556 0.76953125 0.4774305555555556 0.76171875 0.453125 0.7607421875 0.4409722222222222 0.7568359375 0.4409722222222222 0.751953125 0.4496527777777778 0.75390625 0.4565972222222222 0.75390625 0.5017361111111112 0.75 0.515625 0.75 0.5434027777777778 0.751953125 0.546875 0.74609375 0.5572916666666666 0.7490234375 0.5625
1 0.880859375 0.7413194444444444 0.884765625 0.7309027777777778 0.873046875 0.703125 0.873046875 0.6684027777777778 0.876953125 0.6614583333333334 0.876953125 0.6545138888888888 0.869140625 0.6336805555555556 0.869140625 0.6197916666666666 0.8623046875 0.6180555555555556 0.861328125 0.6545138888888888 0.85546875 0.6649305555555556 0.861328125 0.6753472222222222 0.861328125 0.6857638888888888 0.857421875 0.6927083333333334 0.857421875 0.7135416666666666 0.8671875 0.7274305555555556 0.8681640625 0.7395833333333334 0.8759765625 0.7291666666666666 0.876953125 0.7378472222222222 0.8798828125 0.7430555555555556
1 0.89453125 0.5572916666666666 0.9033203125 0.5277777777777778 0.91015625 0.5364583333333334 0.91015625 0.546875 0.9130859375 0.5520833333333334 0.919921875 0.5434027777777778 0.908203125 0.5121527777777778 0.91015625 0.4947916666666667 0.916015625 0.4774305555555556 0.9052734375 0.4444444444444444 0.9013671875 0.4444444444444444 0.8984375 0.4496527777777778 0.8984375 0.4670138888888889 0.896484375 0.4704861111111111 0.896484375 0.515625 0.89453125 0.5190972222222222 0.892578125 0.5434027777777778 0.8876953125 0.5451388888888888 0.884765625 0.5503472222222222 0.8876953125 0.5590277777777778
1 0.927734375 0.515625 0.9287109375 0.4895833333333333 0.9345703125 0.4965277777777778 0.9501953125 0.4965277777777778 0.9541015625 0.5034722222222222 0.9560546875 0.5034722222222222 0.95703125 0.4982638888888889 0.9541015625 0.4895833333333333 0.9462890625 0.4895833333333333 0.9375 0.4809027777777778 0.9375 0.4635416666666667 0.939453125 0.4600694444444444 0.94140625 0.4322916666666667 0.9345703125 0.4270833333333333 0.9267578125 0.4097222222222222 0.921875 0.4184027777777778 0.923828125 0.421875 0.923828125 0.4670138888888889 0.921875 0.4704861111111111 0.921875 0.5017361111111112 0.91796875 0.515625