0 0.205078125 0.4288194444444444 0.205078125 0.3940972222222222 0.208984375 0.3836805555555556 0.208984375 0.3732638888888889 0.20703125 0.3628472222222222 0.1962890625 0.3472222222222222 0.193359375 0.3559027777777778 0.193359375 0.3732638888888889 0.19140625 0.3767361111111111 0.193359375 0.3871527777777778 0.19140625 0.4253472222222222 0.1943359375 0.4270833333333333 0.1982421875 0.4236111111111111 0.2021484375 0.4305555555555556
1 0.0546875 0.8177083333333334 0.056640625 0.8142361111111112 0.056640625 0.8003472222222222 0.060546875 0.7829861111111112 0.0693359375 0.7708333333333334 0.0810546875 0.78125 0.087890625 0.7934027777777778 0.0947265625 0.8159722222222222 0.099609375 0.8107638888888888 0.091796875 0.7829861111111112 0.0859375 0.7725694444444444 0.0859375 0.7690972222222222 0.0908203125 0.7673611111111112 0.091796875 0.7621527777777778 0.083984375 0.7482638888888888 0.083984375 0.7274305555555556 0.080078125 0.7170138888888888 0.08203125 0.7135416666666666 0.0810546875 0.6979166666666666 0.0751953125 0.6979166666666666 0.072265625 0.703125 0.072265625 0.7100694444444444 0.0673828125 0.7152777777777778 0.060546875 0.7309027777777778 0.060546875 0.7482638888888888 0.0625 0.7552083333333334 0.056640625 0.765625 0.052734375 0.7864583333333334 0.052734375 0.8038194444444444 0.048828125 0.8142361111111112 0.0498046875 0.8194444444444444
1 0.244140625 0.6371527777777778 0.24609375 0.6336805555555556 0.24609375 0.6197916666666666 0.265625 0.5815972222222222 0.263671875 0.578125 0.263671875 0.5538194444444444 0.26171875 0.5503472222222222 0.263671875 0.5364583333333334 0.2607421875 0.53125 0.2587890625 0.53125 0.2421875 0.5642361111111112 0.2421875 0.5746527777777778 0.240234375 0.578125 0.240234375 0.6128472222222222 0.234375 0.6267361111111112 0.2431640625 0.6388888888888888
1 0.400390625 0.5260416666666666 0.400390625 0.5121527777777778 0.40234375 0.5086805555555556 0.40625 0.4704861111111111 0.41015625 0.4635416666666667 0.41015625 0.4496527777777778 0.4033203125 0.4270833333333333 0.3984375 0.4322916666666667 0.3984375 0.4392361111111111 0.39453125 0.4427083333333333 0.388671875 0.4635416666666667 0.388671875 0.4947916666666667 0.380859375 0.5225694444444444 0.3857421875 0.5277777777777778 0.388671875 0.5121527777777778 0.392578125 0.5017361111111112 0.3955078125 0.5 0.396484375 0.515625 0.39453125 0.5260416666666666
1 0.345703125 0.6649305555555556 0.34375 0.6614583333333334 0.345703125 0.6197916666666666 0.341796875 0.609375 0.34375 0.6024305555555556 0.341796875 0.5920138888888888 0.34375 0.5642361111111112 0.3408203125 0.5590277777777778 0.3369140625 0.5590277777777778 0.330078125 0.5815972222222222 0.330078125 0.6197916666666666 0.333984375 0.6267361111111112 0.333984375 0.6440972222222222 0.330078125 0.6510416666666666 0.330078125 0.6579861111111112 0.3369140625 0.6666666666666666
1 0.595703125 0.4565972222222222 0.59765625 0.4461805555555556 0.591796875 0.4322916666666667 0.591796875 0.4114583333333333 0.595703125 0.3975694444444444 0.58984375 0.3871527777777778 0.587890625 0.3767361111111111 0.5830078125 0.375 0.580078125 0.3975694444444444 0.576171875 0.4010416666666667 0.58203125 0.4079861111111111 0.58203125 0.421875 0.580078125 0.4253472222222222 0.580078125 0.4357638888888889 0.583984375 0.4427083333333333 0.583984375 0.453125 0.58203125 0.4565972222222222
1 0.61328125 0.4704861111111111 0.6181640625 0.4513888888888889 0.6298828125 0.4548611111111111 0.6337890625 0.4652777777777778 0.63671875 0.4635416666666667 0.63671875 0.453125 0.6318359375 0.4513888888888889 0.625 0.4427083333333333 0.623046875 0.4045138888888889 0.62109375 0.4010416666666667 0.62109375 0.390625 0.6181640625 0.3854166666666667 0.615234375 0.390625 0.615234375 0.4079861111111111 0.61328125 0.4114583333333333 0.61328125 0.4496527777777778 0.611328125 0.4600694444444444 0.607421875 0.4670138888888889
1 0.84765625 0.3732638888888889 0.84765625 0.3246527777777778 0.845703125 0.3177083333333333 0.8408203125 0.3125 0.837890625 0.3246527777777778 0.837890625 0.3385416666666667 0.83984375 0.3420138888888889 0.837890625 0.3454861111111111 0.837890625 0.359375 0.8427734375 0.375
1 0.755859375 0.5364583333333334 0.755859375 0.5190972222222222 0.7587890625 0.5138888888888888 0.7688075360667099 0.5088940306394146 0.7744140625 0.5034722222222222 0.763671875 0.5017361111111112 0.763671875 0.4739583333333333 0.765625 0.4704861111111111 0.763671875 0.4600694444444444 0.759765625 0.453125 0.759765625 0.4427083333333333 0.7568359375 0.4375 0.751953125 0.4427083333333333 0.751953125 0.4635416666666667 0.74609375 0.4670138888888889 0.7470703125 0.4722222222222222 0.751953125 0.4739583333333333 0.75 0.5295138888888888 0.74609375 0.5329861111111112 0.7490234375 0.5381944444444444
1 0.8203125 0.6267361111111112 0.822265625 0.6163194444444444 0.810546875 0.5920138888888888 0.806640625 0.578125 0.810546875 0.5572916666666666 0.80078125 0.5399305555555556 0.80078125 0.5329861111111112 0.7978515625 0.5277777777777778 0.7939453125 0.5277777777777778 0.791015625 0.5329861111111112 0.791015625 0.5503472222222222 0.78515625 0.5538194444444444 0.7861328125 0.5590277777777778 0.79296875 0.5642361111111112 0.79296875 0.5815972222222222 0.7890625 0.5885416666666666 0.7890625 0.5989583333333334 0.79296875 0.609375 0.79296875 0.6232638888888888 0.80078125 0.6232638888888888 0.802734375 0.6163194444444444 0.798828125 0.6059027777777778 0.798828125 0.5989583333333334 0.8017578125 0.59375 0.814453125 0.6163194444444444 0.81640625 0.6267361111111112
1 0.6015625 0.7065972222222222 0.6015625 0.6927083333333334 0.59375 0.6788194444444444 0.59375 0.640625 0.5947265625 0.6388888888888888 0.6005859375 0.6527777777777778 0.603515625 0.6475694444444444 0.6015625 0.6440972222222222 0.6015625 0.6336805555555556 0.59765625 0.6232638888888888 0.58984375 0.6128472222222222 0.58984375 0.6024305555555556 0.5869140625 0.5972222222222222 0.583984375 0.6024305555555556 0.583984375 0.609375 0.576171875 0.6197916666666666 0.572265625 0.6336805555555556 0.5771484375 0.6354166666666666 0.580078125 0.640625 0.580078125 0.6614583333333334 0.583984375 0.6753472222222222 0.58203125 0.6892361111111112 0.5849609375 0.6944444444444444 0.5927734375 0.6909722222222222 0.59765625 0.6961805555555556 0.595703125 0.7065972222222222
1 0.54296875 0.6545138888888888 0.5498046875 0.6527777777777778 0.552734375 0.640625 0.5498046875 0.6388888888888888 0.541015625 0.6197916666666666 0.54296875 0.5954861111111112 0.541015625 0.5920138888888888 0.5390625 0.5642361111111112 0.53125 0.5503472222222222 0.53125 0.5434027777777778 0.5263671875 0.5416666666666666 0.5234375 0.546875 0.525390625 0.5746527777777778 0.521484375 0.5815972222222222 0.5244140625 0.5868055555555556 0.529296875 0.5885416666666666 0.529296875 0.6197916666666666 0.533203125 0.6302083333333334 0.541015625 0.640625 0.5390625 0.6440972222222222 0.5390625 0.6545138888888888
2 0.51953125 0.5677083333333334 0.521484375 0.5607638888888888 0.5185546875 0.5555555555555556 0.5146484375 0.5555555555555556 0.51171875 0.5607638888888888 0.5146484375 0.5694444444444444
3 0.626953125 0.5815972222222222 0.626953125 0.5711805555555556 0.6298828125 0.5590277777777778 0.6357421875 0.5555555555555556 0.646484375 0.5642361111111112 0.6455078125 0.5520833333333334 0.6357421875 0.5486111111111112 0.6328125 0.5434027777777778 0.63671875 0.5225694444444444 0.640625 0.5190972222222222 0.640625 0.5086805555555556 0.6298828125 0.4791666666666667 0.625 0.484375 0.625 0.4947916666666667 0.62109375 0.5086805555555556 0.62109375 0.5190972222222222 0.625 0.5260416666666666 0.625 0.5711805555555556 0.62109375 0.5815972222222222
3 0.810546875 0.3038194444444444 0.8125 0.3003472222222222 0.810546875 0.2690972222222222 0.81640625 0.2586805555555556 0.818359375 0.2482638888888889 0.8134765625 0.2361111111111111 0.806640625 0.24479166666666666 0.8046875 0.2621527777777778 0.798828125 0.2760416666666667 0.798828125 0.2864583333333333 0.802734375 0.296875 0.8076171875 0.3055555555555556