0 0.412820 0.447739 0.023581 0.066271
0 0.080228 0.443766 0.023848 0.065274
0 0.266910 0.460406 0.020848 0.081150
0 0.244527 0.433858 0.017961 0.056977
0 0.387038 0.415957 0.010994 0.054502
0 0.536104 0.437715 0.016898 0.043348
2 0.108282 0.471446 0.019677 0.087067
0 0.286849 0.431575 0.017876 0.059408
0 0.373503 0.433561 0.012006 0.054872
0 0.459316 0.445103 0.016120 0.057026
0 0.559026 0.476629 0.012730 0.054577
0 0.556749 0.495679 0.017832 0.092427
0 0.150484 0.460408 0.019899 0.077122
0 0.537793 0.498076 0.021864 0.096414
0 0.461760 0.442192 0.011043 0.056872
0 0.558922 0.527170 0.009010 0.037170
0 0.462397 0.431118 0.009672 0.034557
3 0.522391 0.471377 0.004637 0.011816
2 0.149578 0.460244 0.022922 0.077270
2 0.537338 0.498330 0.020172 0.093954