0 0.442492 0.434035 0.017373 0.062428
0 0.424747 0.460786 0.025125 0.076142
0 0.601263 0.488166 0.022271 0.071066
0 0.328180 0.403138 0.017815 0.036033
0 0.166541 0.565538 0.029284 0.119643
0 0.376382 0.412610 0.016027 0.048818
0 0.402487 0.414181 0.007419 0.025973
0 0.558679 0.472215 0.017281 0.051332
2 0.206508 0.442795 0.020759 0.064985
0 0.021469 0.483580 0.042938 0.078082
2 0.399048 0.435831 0.011440 0.040621
0 0.206876 0.442530 0.020868 0.066972
0 0.382288 0.449765 0.018448 0.049401
0 0.168281 0.547830 0.029487 0.081806
0 0.686389 0.398514 0.014213 0.041594
0 0.028214 0.482196 0.028606 0.076530
0 0.378683 0.450453 0.026543 0.048612