0 0.487041 0.455557 0.021340 0.066632
0 0.168146 0.405362 0.011943 0.039015
0 0.641331 0.505492 0.017199 0.084352
0 0.277484 0.415845 0.011224 0.043777
2 0.452468 0.426145 0.013675 0.048862
2 0.600172 0.517666 0.025184 0.093938
2 0.193240 0.560332 0.026296 0.107791
0 0.363610 0.561855 0.018325 0.057759
2 0.457257 0.535683 0.024453 0.108755
0 0.611230 0.451532 0.016354 0.052508
0 0.363818 0.626810 0.022347 0.073206
0 0.452283 0.426669 0.013485 0.048852
0 0.230384 0.451089 0.015397 0.069884
0 0.236800 0.504265 0.024202 0.073101
0 0.630563 0.486397 0.016873 0.068104
0 0.235894 0.513307 0.022359 0.054043
2 0.230422 0.451017 0.015533 0.070323