0 0.474945 0.456769 0.019917 0.061897
0 0.535684 0.482196 0.019061 0.077972
0 0.265844 0.479705 0.020649 0.059853
0 0.338616 0.469849 0.018882 0.055494
0 0.956432 0.502699 0.012680 0.079004
0 0.600124 0.486008 0.013694 0.067324
0 0.559309 0.469871 0.014707 0.052713
0 0.612928 0.449573 0.010201 0.045860
0 0.308309 0.487629 0.015747 0.071409
0 0.363850 0.468230 0.023009 0.056806
0 0.514581 0.437417 0.009998 0.045843
0 0.643216 0.434863 0.009772 0.040942
0 0.312345 0.486078 0.023393 0.070628
0 0.600092 0.512894 0.010439 0.027230
0 0.682958 0.487045 0.009676 0.042909
2 0.681875 0.473939 0.009509 0.061266
0 0.305773 0.443049 0.009037 0.042017
2 0.681552 0.462494 0.009161 0.039134