0 0.450611 0.456181 0.023522 0.074748
0 0.196089 0.402743 0.010725 0.042424
0 0.012541 0.498181 0.022640 0.090718
0 0.313996 0.407500 0.009483 0.046351
2 0.183756 0.478879 0.018696 0.081278
0 0.140413 0.412403 0.011926 0.058529
0 0.329530 0.443827 0.017118 0.064599
0 0.261818 0.408748 0.011668 0.045359
0 0.444683 0.413352 0.007913 0.031244
0 0.530562 0.532796 0.032711 0.131653
0 0.124410 0.423373 0.010956 0.037372
0 0.289529 0.468064 0.018458 0.087403
0 0.384030 0.420302 0.007735 0.032666
0 0.331197 0.437916 0.013368 0.052486
0 0.127830 0.404959 0.009736 0.033244
0 0.290887 0.448008 0.015852 0.046750
0 0.378129 0.442854 0.009453 0.034713
0 0.134351 0.459673 0.017688 0.044921
2 0.450399 0.456115 0.023046 0.073701
0 0.438386 0.415364 0.008193 0.031445
0 0.133229 0.449675 0.018969 0.065803
0 0.566972 0.444701 0.012706 0.037263
0 0.572963 0.428528 0.010889 0.049839