0 0.244397 0.454353 0.011774 0.054171
0 0.611252 0.464769 0.013890 0.062953
0 0.923370 0.527102 0.023792 0.112784
0 0.578670 0.445499 0.016464 0.062334
0 0.640220 0.497681 0.021779 0.101923
0 0.183304 0.469596 0.019485 0.062695
0 0.927672 0.508323 0.015660 0.073922
0 0.671976 0.442974 0.012009 0.059965
0 0.725268 0.472716 0.011096 0.049161
0 0.470860 0.468459 0.018611 0.066642
0 0.221678 0.456759 0.014277 0.078844
0 0.049917 0.549885 0.021284 0.075750
2 0.493861 0.472041 0.017966 0.085912
2 0.275037 0.432602 0.014442 0.044888
0 0.049485 0.529423 0.021702 0.117182
0 0.412389 0.464554 0.014520 0.045772
0 0.536216 0.468691 0.016494 0.069966
0 0.051103 0.501715 0.019414 0.063356
0 0.222165 0.467566 0.013164 0.058212
0 0.825084 0.493922 0.010157 0.053137
0 0.825980 0.454581 0.012220 0.039335
0 0.313813 0.442825 0.014063 0.049157
0 0.184477 0.445295 0.014981 0.048870
0 0.536143 0.457528 0.016657 0.047475
0 0.418908 0.437879 0.010352 0.038028
0 0.824927 0.502121 0.009658 0.037421
0 0.221374 0.440945 0.012524 0.045012
0 0.185323 0.441592 0.011009 0.041366