0 0.055496 0.444833 0.020003 0.075213
0 0.353649 0.455311 0.017861 0.083622
0 0.556168 0.430973 0.014114 0.059252
0 0.765270 0.474779 0.019159 0.089911
0 0.677532 0.465068 0.018940 0.082145
0 0.201826 0.429797 0.013313 0.057697
0 0.006190 0.459178 0.012380 0.082213
0 0.004213 0.460130 0.008426 0.081556
0 0.538452 0.452434 0.011345 0.053013
2 0.221935 0.502002 0.026603 0.114228
0 0.711673 0.544629 0.025085 0.126755
0 0.541054 0.435630 0.010792 0.054322
0 0.424453 0.423317 0.015486 0.039464
2 0.677775 0.464751 0.018765 0.082948
2 0.584545 0.537671 0.031199 0.126067
0 0.006176 0.442317 0.012164 0.048887
2 0.280331 0.414533 0.008465 0.032234
0 0.004000 0.471090 0.008000 0.059516
0 0.484177 0.454161 0.018092 0.061355
0 0.716297 0.517780 0.019613 0.072813
0 0.337275 0.441355 0.020202 0.058565
0 0.583954 0.537790 0.032220 0.124681
0 0.314706 0.508035 0.031629 0.059687
2 0.221510 0.484020 0.028523 0.127775
0 0.316011 0.490661 0.027052 0.092419
0 0.312950 0.469817 0.016008 0.062682
0 0.474354 0.492083 0.006528 0.028513
0 0.488274 0.486657 0.007487 0.034767
0 0.539325 0.444140 0.011934 0.067264