0 0.219675 0.481402 0.009455 0.046843
0 0.508932 0.459623 0.017878 0.073125
0 0.032560 0.480585 0.017974 0.080798
0 0.679783 0.484392 0.020158 0.086579
0 0.445866 0.470654 0.013879 0.049698
0 0.298709 0.446933 0.010872 0.055459
0 0.311758 0.455058 0.014993 0.066047
0 0.038218 0.627438 0.042893 0.172577
0 0.193984 0.468105 0.010158 0.040952
0 0.240606 0.462650 0.020847 0.072368
0 0.595707 0.656898 0.037160 0.179314
0 0.600897 0.663926 0.032268 0.161372
0 0.571516 0.439292 0.010139 0.056666
2 0.056776 0.491436 0.017001 0.095366
0 0.039799 0.637565 0.034528 0.149784
0 0.056626 0.493050 0.016875 0.089954
0 0.445398 0.437060 0.008577 0.028226
0 0.222932 0.450390 0.009997 0.033999
3 0.546427 0.462884 0.005381 0.011225