0 0.355606 0.516715 0.025946 0.100916
0 0.734273 0.511954 0.021035 0.085607
0 0.005761 0.495268 0.011519 0.075367
0 0.402667 0.468047 0.010492 0.053048
0 0.102586 0.467486 0.016096 0.057409
0 0.375355 0.465468 0.010664 0.056850
1 0.174046 0.480649 0.015224 0.067663
0 0.647230 0.469889 0.013914 0.060066
0 0.298209 0.457154 0.016917 0.054901
0 0.507597 0.487040 0.014953 0.075931
2 0.507601 0.486725 0.014764 0.076393
0 0.265968 0.492176 0.017492 0.075378
0 0.174033 0.480657 0.015530 0.067601
2 0.375273 0.465632 0.011272 0.057197