0 0.511014 0.473822 0.015032 0.071720
0 0.870310 0.471468 0.019693 0.052199
0 0.994226 0.534353 0.011548 0.095035
2 0.811953 0.510741 0.016249 0.089346
0 0.780224 0.462839 0.014078 0.048601
0 0.584828 0.574143 0.016143 0.074103
0 0.577717 0.457733 0.012164 0.051530
0 0.221909 0.493100 0.012231 0.052217
0 0.586851 0.557818 0.020898 0.106158
0 0.975543 0.698748 0.023944 0.116234
0 0.354591 0.457007 0.014902 0.061546
0 0.597851 0.475206 0.013995 0.062108
0 0.979312 0.698270 0.015973 0.113251
0 0.545126 0.486703 0.013455 0.048016
2 0.748693 0.454215 0.010221 0.034958
0 0.959979 0.768989 0.036343 0.139009
0 0.589279 0.470983 0.010083 0.063100
0 0.853498 0.461366 0.011167 0.044136
0 0.971124 0.693456 0.027756 0.102692
0 0.545017 0.528683 0.012824 0.028552
0 0.947826 0.811615 0.014430 0.039204