0 0.632895 0.469803 0.016565 0.065391
0 0.906318 0.506644 0.015619 0.086171
0 0.601270 0.474230 0.015002 0.076539
0 0.481561 0.572937 0.026282 0.123157
0 0.735036 0.513439 0.011574 0.057854
2 0.587566 0.508124 0.014268 0.075638
0 0.885982 0.528272 0.017162 0.090959
0 0.791544 0.509222 0.012680 0.064811
0 0.813499 0.477502 0.010176 0.059193
0 0.927852 0.686294 0.044244 0.167423
0 0.758782 0.623258 0.031027 0.144498
0 0.771996 0.484624 0.013009 0.056418
0 0.736767 0.471936 0.011205 0.042055
0 0.934627 0.671197 0.027531 0.133882
0 0.863773 0.497522 0.015515 0.056866
2 0.886054 0.533399 0.015645 0.086571
0 0.794914 0.486692 0.019622 0.045787
0 0.767882 0.467292 0.007825 0.040198
0 0.940150 0.600888 0.013161 0.030270
0 0.476465 0.594610 0.016002 0.079765
0 0.927858 0.708324 0.043750 0.116760
0 0.763161 0.592366 0.023398 0.080967
0 0.774647 0.464530 0.008610 0.040239
2 0.588959 0.526968 0.011230 0.038447
0 0.479727 0.590208 0.022798 0.088516