0 0.440852 0.444503 0.016446 0.063280
0 0.643428 0.472211 0.016489 0.085303
0 0.470519 0.417941 0.013563 0.050482
0 0.161621 0.420111 0.013058 0.051073
0 0.105222 0.439512 0.014288 0.064690
0 0.374804 0.485327 0.023055 0.086779
0 0.201740 0.409346 0.010120 0.048995
2 0.409129 0.502078 0.021986 0.094241
0 0.446899 0.511308 0.018031 0.087695
0 0.459655 0.504400 0.018956 0.087169
0 0.250771 0.404490 0.010292 0.043181
0 0.054475 0.414080 0.011021 0.048086
0 0.061069 0.490635 0.017858 0.086934
0 0.659194 0.419730 0.011272 0.054286
0 0.122236 0.395722 0.010289 0.034435
0 0.050844 0.464165 0.009204 0.033727
0 0.051082 0.471044 0.009626 0.047742