0 0.440380 0.482463 0.017887 0.082425
2 0.687280 0.495654 0.024866 0.084893
0 0.792182 0.472966 0.013059 0.057325
0 0.274089 0.471349 0.012614 0.073945
0 0.327109 0.466474 0.009963 0.059862
0 0.359317 0.472233 0.008301 0.037485
0 0.753667 0.463843 0.014863 0.050452
0 0.988873 0.501301 0.021512 0.048784
0 0.458844 0.481876 0.010346 0.052966
0 0.894530 0.533915 0.020879 0.087336
0 0.712467 0.500078 0.013024 0.052127
0 0.353798 0.456033 0.007575 0.027102
0 0.460844 0.471584 0.010988 0.064546
0 0.275162 0.459108 0.011181 0.049194
0 0.460890 0.458650 0.010950 0.038548
0 0.897126 0.494589 0.009077 0.020862
0 0.746735 0.702832 0.025884 0.127715