0 0.411384 0.412713 0.010799 0.040268
0 0.236115 0.423503 0.009863 0.048177
0 0.228322 0.402461 0.007652 0.034254
0 0.306170 0.404349 0.013140 0.041187
0 0.120917 0.484005 0.017292 0.080360
0 0.424422 0.422131 0.009756 0.031205
2 0.464633 0.394185 0.009049 0.035593
0 0.689577 0.481030 0.027267 0.063937
0 0.003752 0.467573 0.007363 0.042871
0 0.483974 0.456095 0.015264 0.062976
2 0.347342 0.458836 0.019583 0.071241
0 0.493586 0.510527 0.014792 0.048345
2 0.491163 0.418182 0.010907 0.043627
2 0.379342 0.423492 0.014940 0.050345
0 0.379381 0.423026 0.014469 0.050585
0 0.716591 0.475725 0.017241 0.059165
0 0.347346 0.458747 0.019435 0.071752
0 0.162836 0.459546 0.021061 0.072166
0 0.737486 0.483285 0.020701 0.064477
0 0.495019 0.473553 0.013123 0.038913
0 0.158945 0.424803 0.009097 0.040297
2 0.161218 0.458463 0.024638 0.073057
2 0.716819 0.476777 0.017257 0.060171
0 0.128017 0.678229 0.047972 0.124502
0 0.424013 0.417313 0.010243 0.041508