0 0.297116 0.446314 0.015182 0.058341
0 0.353456 0.513542 0.030285 0.097947
0 0.429882 0.512070 0.023750 0.097764
0 0.659368 0.445912 0.018639 0.057031
2 0.918767 0.493608 0.017228 0.078478
0 0.619720 0.443859 0.014255 0.061340
0 0.366007 0.430590 0.013647 0.048865
0 0.043367 0.410488 0.011403 0.040969
2 0.432452 0.409207 0.012758 0.043378
2 0.592027 0.498206 0.020212 0.094045
0 0.538865 0.458583 0.014195 0.048639
2 0.627863 0.407931 0.006618 0.022842
0 0.365863 0.437551 0.012599 0.036047
2 0.117761 0.497095 0.027622 0.093049
0 0.266102 0.445009 0.023491 0.060036
0 0.919023 0.494057 0.017369 0.081558
0 0.432380 0.408993 0.012658 0.043397
0 0.522077 0.443347 0.015352 0.040599
0 0.117826 0.498036 0.027997 0.094443
0 0.591725 0.498365 0.020177 0.091946
2 0.522111 0.442595 0.015361 0.038940