0 0.615325 0.463885 0.019037 0.073295
0 0.420809 0.431561 0.013763 0.055702
0 0.667719 0.463781 0.016184 0.058578
0 0.693995 0.442007 0.016222 0.063794
0 0.334694 0.434937 0.015140 0.053350
0 0.732001 0.498720 0.032864 0.072940
0 0.674570 0.517915 0.019221 0.074793
0 0.370951 0.596801 0.031541 0.140689
2 0.319524 0.469773 0.018270 0.078928
0 0.180622 0.405294 0.011292 0.034770
2 0.708605 0.400513 0.011858 0.042480
0 0.393308 0.421193 0.012378 0.052781
2 0.709311 0.445810 0.016188 0.051006
0 0.433526 0.592220 0.034864 0.121015
0 0.404390 0.431192 0.012867 0.060573
0 0.709379 0.445904 0.015699 0.051530
0 0.053742 0.422459 0.013911 0.050185
0 0.055475 0.433190 0.009850 0.029958
0 0.317602 0.579010 0.028884 0.056538
0 0.055436 0.426461 0.010595 0.043978
2 0.392915 0.421975 0.012112 0.053874
0 0.371214 0.614174 0.029657 0.100346