0 0.366973 0.431837 0.016114 0.061504
0 0.782109 0.519557 0.023512 0.114969
0 0.053689 0.430708 0.015322 0.066573
0 0.259170 0.413818 0.012218 0.049348
0 0.203520 0.440861 0.017435 0.072616
2 0.457719 0.506665 0.019859 0.099833
0 0.532890 0.432071 0.016633 0.055093
0 0.756638 0.474598 0.014584 0.043381
0 0.756534 0.462000 0.014948 0.067776
0 0.488360 0.428791 0.009470 0.053295
0 0.470795 0.430926 0.013632 0.045886
2 0.823953 0.516832 0.023240 0.109736
0 0.786869 0.418924 0.013016 0.030292
0 0.470741 0.456185 0.013176 0.065087
0 0.470489 0.465843 0.012152 0.046908
0 0.498249 0.414512 0.008230 0.045351
0 0.755933 0.443950 0.013275 0.048946
0 0.824491 0.516518 0.025161 0.108837
0 0.360856 0.716800 0.040034 0.122512