0 0.595064 0.490876 0.026199 0.100391
0 0.396278 0.515223 0.025867 0.115649
0 0.920644 0.448123 0.017112 0.066232
0 0.783008 0.452902 0.017821 0.067462
0 0.753431 0.434268 0.015919 0.049268
0 0.890274 0.439012 0.008952 0.036494
0 0.107495 0.427486 0.010839 0.067031
0 0.744577 0.495261 0.027437 0.092787
0 0.615736 0.456062 0.017740 0.073329
0 0.398615 0.489867 0.022579 0.065362
0 0.483893 0.411453 0.007873 0.030292
0 0.477593 0.432597 0.015779 0.045854
0 0.960373 0.483455 0.021977 0.096377
0 0.747772 0.413247 0.007553 0.032914
2 0.960237 0.483616 0.021772 0.096345