0 0.459668 0.441843 0.016563 0.069758
0 0.881560 0.455189 0.013556 0.067904
0 0.634958 0.433603 0.013652 0.062205
0 0.855861 0.438834 0.013507 0.064145
0 0.363857 0.429066 0.018553 0.055793
0 0.478321 0.433233 0.020639 0.062230
0 0.994313 0.477861 0.011374 0.089248
0 0.272781 0.459493 0.021617 0.084706
2 0.798473 0.460232 0.018887 0.081032
0 0.601350 0.607620 0.030964 0.153216
0 0.771744 0.473577 0.014161 0.050334
0 0.919350 0.504134 0.034081 0.094252
0 0.913572 0.449190 0.018179 0.064465
0 0.888132 0.504624 0.019755 0.051109
0 0.736646 0.442366 0.014892 0.056528
0 0.671903 0.434633 0.007403 0.028560
2 0.767443 0.425064 0.013176 0.064631
0 0.893586 0.465410 0.014244 0.046607
0 0.616863 0.409311 0.009601 0.042497
0 0.811742 0.426212 0.010014 0.046066
0 0.894986 0.483847 0.011278 0.031252