0 0.745424 0.513440 0.011473 0.060606
2 0.765306 0.512515 0.025996 0.093196
0 0.250756 0.473154 0.010532 0.064123
0 0.203721 0.656781 0.027756 0.100062
0 0.748237 0.483373 0.021312 0.047524
0 0.828888 0.472764 0.013966 0.060036
0 0.555446 0.453419 0.010095 0.053241
0 0.700299 0.666009 0.045706 0.176284
0 0.795724 0.670699 0.021840 0.108165
0 0.367799 0.475695 0.010310 0.043427
0 0.536764 0.474764 0.012389 0.050640
0 0.747011 0.508062 0.015785 0.071413
0 0.819241 0.522230 0.008961 0.039587
0 0.789741 0.617171 0.020106 0.077811
0 0.362999 0.519369 0.007187 0.028545
0 0.368898 0.510578 0.013469 0.044818
0 0.819424 0.506209 0.011832 0.071082
0 0.704864 0.668867 0.031664 0.169540
0 0.741104 0.620012 0.027725 0.019124
0 0.819446 0.497552 0.013935 0.067771
0 0.801988 0.611002 0.018362 0.084882
0 0.806465 0.503121 0.013279 0.062913
0 0.797093 0.614580 0.029150 0.086580
0 0.368805 0.497945 0.012667 0.068291
0 0.741397 0.485625 0.017765 0.045508
0 0.795498 0.650667 0.018294 0.065435
0 0.202696 0.597883 0.018061 0.073380
0 0.806419 0.492611 0.012833 0.042824