0 0.397753 0.404283 0.014862 0.047034
0 0.505784 0.453472 0.022883 0.070514
0 0.260487 0.445489 0.014789 0.065817
0 0.325339 0.453963 0.020662 0.070107
0 0.611857 0.427264 0.013009 0.057765
0 0.434932 0.409046 0.009626 0.052300
0 0.445094 0.572465 0.034593 0.106686
0 0.536765 0.425237 0.010932 0.059556
0 0.859670 0.405201 0.015257 0.043662
2 0.809621 0.431293 0.018411 0.063398
0 0.435004 0.631728 0.006635 0.038542
0 0.615288 0.612455 0.031171 0.120056
0 0.634660 0.389736 0.007324 0.030385
0 0.569592 0.505612 0.020949 0.088130
0 0.950045 0.405972 0.016459 0.033384
0 0.631844 0.381035 0.006319 0.017097
0 0.630678 0.380526 0.005219 0.016307
0 0.572264 0.502233 0.015233 0.079066
0 0.229520 0.478995 0.012110 0.030398