0 0.604404 0.509761 0.023098 0.099607
0 0.459190 0.512441 0.019983 0.105828
0 0.263484 0.453916 0.012685 0.068240
0 0.476923 0.461043 0.013673 0.065915
0 0.005816 0.499081 0.011632 0.059912
0 0.371845 0.435575 0.013416 0.049812
0 0.286163 0.628358 0.028692 0.157161
0 0.103095 0.460984 0.013815 0.035096
0 0.532860 0.452628 0.018352 0.053481
0 0.091505 0.486355 0.018240 0.069521
0 0.102659 0.499387 0.011162 0.057905
0 0.251221 0.445258 0.009964 0.039240
2 0.276420 0.441472 0.009363 0.047025
0 0.268783 0.593927 0.012456 0.034317
2 0.170970 0.551369 0.035595 0.140125