0 0.170892 0.437557 0.025843 0.068259
0 0.247897 0.417916 0.015426 0.054169
0 0.498179 0.454994 0.020295 0.069037
0 0.408559 0.531137 0.025515 0.097216
0 0.646740 0.473746 0.018193 0.076065
0 0.661187 0.440646 0.014123 0.060969
0 0.092110 0.517311 0.028824 0.103387
2 0.421095 0.423434 0.014448 0.051287
0 0.469458 0.418984 0.010825 0.045437
0 0.727519 0.431601 0.013815 0.061132
0 0.511153 0.461161 0.014374 0.062288
0 0.267175 0.437048 0.012732 0.033716
0 0.385587 0.491362 0.020939 0.070045
0 0.852762 0.533816 0.029783 0.095755
0 0.862071 0.481007 0.021708 0.049209
0 0.526703 0.474197 0.021702 0.071760
0 0.271555 0.406730 0.006996 0.029214
0 0.378170 0.403141 0.007166 0.029525
0 0.610511 0.398565 0.008167 0.028309
0 0.394304 0.571274 0.015504 0.036460
0 0.526838 0.460304 0.021062 0.044322
2 0.462891 0.522770 0.026746 0.090843
0 0.197302 0.167241 0.010072 0.041046
0 0.529633 0.457423 0.015810 0.039122
0 0.463578 0.522843 0.027789 0.088587