0 0.388792 0.465678 0.019496 0.071353
0 0.484121 0.490099 0.026598 0.088968
0 0.951021 0.426296 0.016360 0.067707
0 0.824686 0.458296 0.013180 0.049523
0 0.924364 0.429340 0.020783 0.058305
0 0.846735 0.433664 0.016696 0.065308
0 0.983020 0.570369 0.021115 0.089211
0 0.510663 0.480408 0.023774 0.084325
0 0.748958 0.490611 0.016257 0.078366
0 0.982841 0.550501 0.022536 0.129492
0 0.331961 0.478737 0.027630 0.088221
0 0.349914 0.460206 0.017603 0.067896
0 0.747851 0.458307 0.014474 0.042997
0 0.562467 0.449825 0.014099 0.056163
2 0.994423 0.478043 0.011154 0.071587