0 0.847213 0.486295 0.019036 0.090157
0 0.566492 0.516269 0.021561 0.107463
2 0.758485 0.486665 0.024676 0.095535
0 0.985202 0.479575 0.027761 0.077213
0 0.958229 0.471526 0.017319 0.080300
2 0.919445 0.482653 0.021019 0.094766
0 0.261785 0.462203 0.021943 0.078716
0 0.792439 0.438900 0.014426 0.052960
0 0.555220 0.467790 0.027624 0.078596
0 0.472325 0.606947 0.032456 0.160686
0 0.684556 0.458957 0.016135 0.072834
0 0.660379 0.432746 0.014251 0.060759
0 0.436988 0.433538 0.015333 0.051146
0 0.749032 0.428377 0.010823 0.047656
2 0.191581 0.428419 0.009519 0.032292
0 0.471342 0.629646 0.031232 0.108898
0 0.900578 0.547664 0.029797 0.112240
1 0.660153 0.432500 0.014513 0.059732