0 0.028440 0.557567 0.038395 0.128945
0 0.371430 0.507114 0.015356 0.059831
0 0.743674 0.539197 0.024613 0.092047
1 0.393575 0.418164 0.018744 0.069321
0 0.371434 0.464285 0.017713 0.065753
0 0.676061 0.459951 0.026195 0.086511
0 0.795032 0.572677 0.027758 0.124978
0 0.371480 0.491154 0.015943 0.090272
0 0.656910 0.494140 0.011720 0.045820
0 0.808279 0.442918 0.013780 0.041965
0 0.372052 0.476315 0.016703 0.086500
0 0.671185 0.458089 0.019765 0.084568
0 0.809252 0.462641 0.013359 0.036285
0 0.807264 0.417253 0.009937 0.026463
0 0.765716 0.587928 0.014845 0.025995
0 0.019761 0.596586 0.010203 0.041131