0 0.542410 0.509063 0.023913 0.106644
0 0.626791 0.429341 0.015820 0.054171
0 0.587579 0.439267 0.016135 0.063871
0 0.329233 0.449701 0.016747 0.067377
0 0.422044 0.430645 0.011094 0.047427
0 0.505767 0.508039 0.019638 0.109283
0 0.008956 0.620544 0.017788 0.100218
0 0.923320 0.449043 0.015393 0.063437
2 0.626322 0.601052 0.034039 0.158265
0 0.658571 0.440942 0.016332 0.056068
0 0.606517 0.440036 0.008426 0.029302
0 0.514960 0.437868 0.016574 0.054743
1 0.923465 0.448730 0.015356 0.064970
0 0.506618 0.541722 0.012884 0.044781
0 0.247293 0.454258 0.008993 0.045085
0 0.792521 0.428332 0.015017 0.058516
0 0.546333 0.486275 0.015797 0.058507
2 0.723132 0.468567 0.021847 0.086399
0 0.246035 0.454322 0.012238 0.048188