0 0.356343 0.493306 0.022087 0.083455
0 0.569299 0.509062 0.019272 0.081714
0 0.634810 0.453094 0.016398 0.070140
2 0.063723 0.492533 0.021127 0.090101
2 0.461280 0.526658 0.023791 0.099617
2 0.793875 0.516853 0.018787 0.088834
0 0.373899 0.432189 0.012019 0.054283
0 0.663583 0.449212 0.015007 0.059019
2 0.359048 0.384450 0.007078 0.023066
2 0.543764 0.401450 0.008397 0.040931
0 0.372935 0.488699 0.017432 0.075027
0 0.254509 0.415275 0.011735 0.046893
0 0.252610 0.528978 0.031245 0.099936
0 0.552984 0.483943 0.019912 0.080063
0 0.483126 0.416226 0.010576 0.048472
2 0.663319 0.448777 0.014981 0.058252
2 0.840586 0.481434 0.017242 0.072028
0 0.155092 0.705519 0.037386 0.099187
0 0.156470 0.792906 0.041218 0.125568
0 0.153639 0.735814 0.041690 0.151860
2 0.553290 0.484231 0.020190 0.079716
0 0.633285 0.566241 0.040181 0.102493
2 0.372759 0.489305 0.017399 0.075295
0 0.793786 0.516147 0.019124 0.087926
0 0.636570 0.531908 0.017091 0.066685