0 0.334272 0.438822 0.017401 0.054787
0 0.380556 0.460798 0.023148 0.070321
0 0.426836 0.433082 0.014526 0.049779
2 0.122173 0.466056 0.024111 0.094227
0 0.210709 0.447800 0.014214 0.060497
0 0.260846 0.438483 0.019576 0.050648
1 0.921009 0.439047 0.013729 0.053266
0 0.620343 0.487327 0.028664 0.074351
0 0.283239 0.429026 0.009016 0.051927
0 0.540993 0.460161 0.009019 0.047834
0 0.174455 0.428827 0.010647 0.048070
0 0.364844 0.435076 0.015680 0.038200
0 0.319205 0.425376 0.011548 0.051838
0 0.539647 0.451273 0.017080 0.063134