0 0.166358 0.449932 0.018605 0.066196
0 0.524079 0.446939 0.015311 0.062910
0 0.432565 0.505625 0.029057 0.072620
0 0.144069 0.410953 0.011126 0.043902
0 0.220910 0.492744 0.015867 0.088473
0 0.419705 0.428351 0.012330 0.062019
0 0.388494 0.510776 0.027180 0.086255
0 0.313545 0.502652 0.020489 0.086111
0 0.293612 0.406146 0.010389 0.044235
2 0.816858 0.483137 0.016874 0.075805
2 0.387116 0.433656 0.013005 0.055957
2 0.086011 0.427213 0.014404 0.059797
0 0.086038 0.427125 0.014537 0.060609
0 0.475950 0.405701 0.010629 0.043337
2 0.264262 0.409071 0.010189 0.038312
0 0.162609 0.405918 0.007501 0.027331
1 0.475737 0.405822 0.010300 0.043511