0 0.200605 0.474075 0.022249 0.063090
0 0.496775 0.502196 0.018777 0.087045
0 0.124792 0.546369 0.023025 0.112075
0 0.247929 0.464462 0.015432 0.045017
0 0.457363 0.462292 0.013461 0.056221
0 0.933190 0.503958 0.015940 0.083783
0 0.788359 0.467361 0.014167 0.055865
0 0.371612 0.488711 0.019944 0.076558
0 0.561535 0.475979 0.014138 0.069144
0 0.778046 0.461987 0.011215 0.056474
0 0.099719 0.750135 0.046075 0.197844
0 0.107602 0.461029 0.012973 0.054020
0 0.100679 0.780572 0.026365 0.142399
0 0.103559 0.706172 0.041060 0.104094
0 0.098940 0.758600 0.034388 0.181896