0 0.317163 0.461639 0.016589 0.067347
0 0.233157 0.475990 0.019360 0.067842
0 0.584749 0.458204 0.019846 0.057521
0 0.472946 0.505813 0.019093 0.090552
2 0.674798 0.520689 0.023981 0.091062
0 0.846309 0.480211 0.016029 0.045997
0 0.479607 0.461785 0.017798 0.051862
0 0.384383 0.473889 0.010020 0.048211
0 0.605733 0.499547 0.022536 0.084645
0 0.126940 0.503707 0.017897 0.079069
0 0.759174 0.468913 0.010989 0.032820
0 0.713067 0.471756 0.011714 0.045026
0 0.130589 0.521257 0.009520 0.042364
0 0.674580 0.521292 0.024679 0.093174
0 0.128498 0.520066 0.014031 0.043748