0 0.372273 0.451421 0.016326 0.077226
0 0.327204 0.503504 0.018285 0.096145
0 0.524583 0.466373 0.016270 0.082291
0 0.757692 0.425891 0.016967 0.066966
0 0.672556 0.475105 0.022652 0.091912
0 0.691259 0.404075 0.015689 0.054426
0 0.395044 0.450422 0.015311 0.078843
0 0.832990 0.527308 0.021935 0.112799
0 0.511909 0.452887 0.014312 0.073031
0 0.725089 0.491864 0.028737 0.095217
0 0.594833 0.411878 0.012958 0.063789
0 0.902974 0.446465 0.017480 0.049274
0 0.285262 0.528670 0.029904 0.076814
0 0.510898 0.412341 0.012833 0.036032
1 0.564778 0.381436 0.010185 0.044194
2 0.431724 0.553537 0.018001 0.101169
0 0.729636 0.465992 0.019343 0.052006
0 0.907166 0.450780 0.008512 0.042707
2 0.984817 0.385107 0.009095 0.037317
0 0.905627 0.449088 0.011090 0.045151