0 0.679626 0.490023 0.016229 0.083465
0 0.016605 0.473402 0.015629 0.067017
0 0.496254 0.539132 0.018402 0.111588
0 0.425641 0.456629 0.012544 0.062492
0 0.745055 0.455143 0.007996 0.039909
0 0.632454 0.457058 0.008022 0.036323
0 0.002162 0.484749 0.004325 0.046867
0 0.909475 0.643283 0.035952 0.168818
0 0.086263 0.464058 0.014177 0.050962
0 0.862269 0.477769 0.013952 0.071271
0 0.554260 0.453262 0.011034 0.062285
0 0.448801 0.441534 0.010201 0.052622
0 0.357517 0.438229 0.016069 0.053079
0 0.745293 0.449438 0.009506 0.050694