0 0.447197 0.470982 0.016995 0.078378
0 0.605281 0.461729 0.014991 0.059970
0 0.242667 0.497044 0.015454 0.094826
2 0.314215 0.431436 0.011797 0.056762
0 0.298861 0.421552 0.010356 0.045569
0 0.080085 0.553890 0.020549 0.132084
0 0.563385 0.479357 0.023239 0.073605
0 0.258156 0.424255 0.014674 0.049531
0 0.204360 0.413798 0.009273 0.049109
2 0.286050 0.472164 0.014970 0.081871
0 0.737880 0.458910 0.023972 0.065937
0 0.286398 0.472131 0.015050 0.081915
0 0.511168 0.529921 0.024594 0.110745
2 0.510934 0.529396 0.024362 0.115561
0 0.422825 0.434903 0.013957 0.050319
0 0.242716 0.515862 0.014461 0.056262
0 0.154495 0.418508 0.012989 0.047880
2 0.163444 0.520103 0.023611 0.107791
2 0.588807 0.473661 0.016389 0.067252
0 0.163676 0.520361 0.023148 0.107975
0 0.588763 0.474027 0.016428 0.067945
2 0.736793 0.458942 0.020782 0.065558