0 0.178850 0.432680 0.014572 0.055247
0 0.053981 0.487521 0.026193 0.087087
0 0.528667 0.459438 0.016751 0.062797
0 0.477326 0.454471 0.018880 0.065343
0 0.139087 0.428480 0.011562 0.048603
2 0.567945 0.479605 0.019116 0.076653
2 0.117865 0.492810 0.020098 0.087612
2 0.712354 0.450262 0.013680 0.059576
0 0.202407 0.434455 0.016448 0.059252
2 0.202333 0.434063 0.016488 0.060540
2 0.235124 0.426126 0.014219 0.057450
0 0.117972 0.492391 0.020738 0.087228
2 0.304876 0.413451 0.013194 0.056645
0 0.130154 0.424302 0.010004 0.051582
0 0.761843 0.450687 0.012947 0.060580
0 0.052510 0.458032 0.010518 0.035390
0 0.736683 0.481025 0.007239 0.023393