0 0.129492 0.494802 0.026135 0.105137
0 0.588169 0.462434 0.014917 0.075999
0 0.701704 0.432933 0.015508 0.063294
0 0.146622 0.416949 0.010182 0.048523
0 0.104483 0.425865 0.012698 0.049324
0 0.390480 0.521995 0.026780 0.066752
0 0.383278 0.434952 0.012526 0.061900
0 0.854765 0.472273 0.014677 0.079319
0 0.854893 0.500243 0.013927 0.044021
0 0.268251 0.728357 0.024634 0.066282
0 0.372468 0.687054 0.012984 0.036480
0 0.380251 0.624967 0.037668 0.145124
0 0.854655 0.489776 0.015018 0.064444
2 0.124877 0.420730 0.010185 0.036608
0 0.854787 0.458710 0.013417 0.049015