0 0.342915 0.489453 0.025592 0.083109
0 0.490634 0.527603 0.026537 0.062315
0 0.403303 0.460764 0.013479 0.063861
0 0.006063 0.508208 0.012126 0.098075
0 0.593399 0.476967 0.021720 0.079173
0 0.494271 0.488057 0.015305 0.051018
0 0.564542 0.459073 0.013687 0.064741
0 0.218115 0.467217 0.014615 0.083107
0 0.658785 0.475817 0.009395 0.044539
0 0.182793 0.645439 0.015363 0.059832
0 0.514708 0.450485 0.010297 0.049673
0 0.005398 0.525022 0.010796 0.064633
0 0.315974 0.453888 0.012563 0.062822
0 0.884258 0.481373 0.017975 0.075316
0 0.226729 0.466145 0.009691 0.079924
0 0.532093 0.463729 0.009840 0.031262
0 0.641963 0.455270 0.012271 0.059774
0 0.227084 0.478663 0.008984 0.054647
0 0.529769 0.491296 0.011086 0.040021
0 0.919429 0.508050 0.015705 0.088288
0 0.919351 0.484633 0.012645 0.039310
0 0.895035 0.475489 0.006405 0.030510
0 0.169934 0.618551 0.025242 0.104536
0 0.169460 0.597763 0.025982 0.148291
2 0.476325 0.500364 0.020525 0.092355
0 0.917169 0.515157 0.019874 0.094961