0 0.131773 0.433551 0.028457 0.075580
0 0.511625 0.411393 0.010959 0.045106
0 0.181606 0.416557 0.011685 0.057929
0 0.160382 0.437599 0.019136 0.062382
0 0.283728 0.405879 0.013801 0.050217
0 0.309600 0.404808 0.008380 0.045327
2 0.301677 0.457403 0.017053 0.084965
0 0.458080 0.445227 0.015166 0.071107
0 0.210427 0.421026 0.010148 0.041981
0 0.846237 0.492332 0.021754 0.090823
0 0.603753 0.408368 0.008902 0.033152
0 0.190633 0.452963 0.013259 0.051631
0 0.542888 0.443594 0.013396 0.058756
0 0.457840 0.432754 0.014548 0.046277
0 0.495492 0.444772 0.021190 0.047390
0 0.458071 0.426142 0.014664 0.034429
0 0.427406 0.546894 0.009975 0.037597
0 0.189153 0.458503 0.016988 0.063374
0 0.023061 0.098432 0.011756 0.047347
0 0.211734 0.402691 0.012067 0.029371
0 0.375187 0.394287 0.007937 0.037116
0 0.416797 0.517570 0.036587 0.096152
0 0.206297 0.404734 0.009706 0.033625
2 0.297263 0.390459 0.007938 0.029351
2 0.389276 0.403772 0.011979 0.034366
0 0.516800 0.456917 0.015472 0.030272
2 0.415451 0.527458 0.033174 0.072682
0 0.457853 0.453222 0.013559 0.057863
0 0.498950 0.446631 0.023251 0.048436
0 0.211172 0.415479 0.011831 0.053050