0 0.223448 0.487123 0.015306 0.097747
0 0.747707 0.479563 0.016033 0.091271
0 0.802547 0.514593 0.025858 0.097508
2 0.780037 0.454522 0.013709 0.074397
0 0.662185 0.612475 0.028123 0.157797
0 0.780173 0.454199 0.013781 0.074709
0 0.826519 0.444584 0.018115 0.069094
0 0.795375 0.444484 0.013638 0.065009
0 0.648160 0.415584 0.010310 0.046833
2 0.321800 0.488508 0.021205 0.095454
0 0.719226 0.429483 0.012172 0.058272
0 0.918768 0.472127 0.013548 0.077193
2 0.095876 0.414793 0.009237 0.035117
0 0.700068 0.428220 0.012058 0.047873
0 0.692628 0.472710 0.015751 0.077470
0 0.560387 0.411055 0.009476 0.043155
0 0.429595 0.446207 0.011847 0.039319
0 0.454806 0.433681 0.011834 0.060793
0 0.700928 0.468975 0.008444 0.048433
0 0.321699 0.489391 0.021320 0.096952
2 0.719463 0.429252 0.011995 0.058937
0 0.805582 0.449627 0.009376 0.052261
2 0.795369 0.444835 0.014139 0.066398