0 0.352385 0.427025 0.018348 0.051155
0 0.451866 0.454203 0.023869 0.070679
0 0.482306 0.455010 0.026763 0.071726
0 0.862062 0.427146 0.017527 0.057278
0 0.851013 0.474845 0.019715 0.053698
0 0.083579 0.447993 0.007575 0.035460
0 0.690582 0.436502 0.017541 0.039335
0 0.577357 0.476389 0.025239 0.092500
0 0.030419 0.474821 0.024527 0.079396
0 0.123392 0.440506 0.010927 0.043139
0 0.239664 0.878949 0.024857 0.113641
0 0.111759 0.454263 0.015937 0.060500
0 0.088292 0.423297 0.011713 0.023420
0 0.145974 0.435516 0.008595 0.037604
0 0.232709 0.738120 0.045480 0.103269
0 0.846306 0.440047 0.011300 0.037221
2 0.030299 0.473862 0.024464 0.079617
0 0.141672 0.449589 0.013932 0.060634
2 0.141695 0.450711 0.013553 0.058500