0 0.747674 0.519116 0.022900 0.098168
0 0.189695 0.552408 0.021736 0.111895
0 0.589012 0.477025 0.012856 0.072866
0 0.397791 0.459546 0.015746 0.067179
0 0.795769 0.472678 0.017854 0.044066
0 0.560844 0.468823 0.016039 0.049874
0 0.472448 0.461955 0.012441 0.070255
0 0.666752 0.476416 0.016503 0.067503
2 0.721922 0.509557 0.027843 0.093808
0 0.926960 0.483207 0.011215 0.063609
0 0.943227 0.524989 0.019509 0.044288
0 0.560970 0.624893 0.029398 0.098275
0 0.941095 0.563622 0.017895 0.082445
0 0.555600 0.577517 0.020324 0.074474
2 0.627563 0.446368 0.009479 0.039126
0 0.942716 0.553759 0.021413 0.084759
1 0.397764 0.459110 0.016583 0.067052
0 0.555013 0.629134 0.023809 0.093629
0 0.566413 0.574827 0.021917 0.072020
0 0.562143 0.461397 0.013674 0.058676
0 0.562856 0.452320 0.011963 0.041625
0 0.549746 0.600237 0.013026 0.038610