0 0.355703 0.400544 0.010477 0.043874
0 0.118276 0.500003 0.033884 0.085854
0 0.268073 0.438617 0.012478 0.061821
0 0.368766 0.391712 0.010426 0.035665
0 0.412083 0.399215 0.010807 0.042063
0 0.525252 0.404776 0.008739 0.043589
0 0.628123 0.495547 0.022463 0.087687
0 0.503540 0.589238 0.021404 0.082954
0 0.246326 0.443199 0.017072 0.058013
0 0.267514 0.397260 0.009602 0.040554
0 0.635756 0.400436 0.009129 0.040097
0 0.562316 0.436389 0.016116 0.051716
0 0.246364 0.432378 0.017952 0.079406
0 0.472959 0.657937 0.014596 0.061675
0 0.494711 0.658162 0.011192 0.049810
0 0.292410 0.402311 0.010606 0.045982
0 0.513491 0.388874 0.011135 0.030404
0 0.223536 0.476856 0.015563 0.051626
2 0.476024 0.419402 0.012997 0.048388
0 0.283706 0.170574 0.008782 0.035978
0 0.247682 0.408838 0.015760 0.042730
0 0.442201 0.380679 0.010011 0.028553
1 0.045692 0.391633 0.011877 0.042769
0 0.561526 0.412473 0.010867 0.026601
0 0.224214 0.480272 0.011984 0.055581
0 0.524647 0.400143 0.010316 0.036025