0 0.694854 0.547751 0.021757 0.106205
0 0.374732 0.575210 0.036751 0.118524
0 0.569712 0.484895 0.019641 0.072048
0 0.734000 0.545787 0.028084 0.103907
2 0.603740 0.398719 0.007841 0.035077
0 0.384531 0.458808 0.023113 0.061856
0 0.374694 0.406056 0.009133 0.037238
0 0.096268 0.614328 0.046029 0.164366
0 0.645043 0.451124 0.023973 0.053781
0 0.442157 0.636115 0.030989 0.157948
2 0.500725 0.561682 0.025070 0.121588
0 0.271025 0.504343 0.013054 0.051323
0 0.184651 0.404335 0.012111 0.044217
0 0.470390 0.405374 0.011991 0.042218
2 0.436476 0.384795 0.008189 0.023321
0 0.629445 0.470168 0.013641 0.035519
0 0.280551 0.456802 0.015322 0.071004
0 0.271166 0.497142 0.011519 0.036718