0 0.714191 0.435361 0.015290 0.064854
0 0.067641 0.485262 0.024629 0.097229
0 0.753102 0.459907 0.017367 0.079595
0 0.567228 0.587141 0.035708 0.136362
0 0.434753 0.443241 0.012822 0.061804
0 0.688114 0.442021 0.016340 0.053982
0 0.024210 0.436859 0.013841 0.068527
0 0.330508 0.434431 0.012841 0.061918
0 0.742008 0.457342 0.012166 0.062866
0 0.530424 0.442171 0.017002 0.060045
0 0.405657 0.424953 0.010499 0.049398
0 0.662361 0.442919 0.010515 0.033139
2 0.490852 0.486186 0.021862 0.091425
2 0.601303 0.429001 0.016304 0.053961
0 0.969683 0.494074 0.023561 0.079722
0 0.490671 0.486352 0.021838 0.090943
0 0.659418 0.442953 0.012489 0.033377
0 0.286257 0.421299 0.009998 0.044908
0 0.547783 0.497671 0.008983 0.046923
2 0.687656 0.441005 0.015993 0.054132