0 0.237087 0.508924 0.020558 0.099364
0 0.714853 0.495051 0.017119 0.080393
2 0.485041 0.454279 0.015024 0.068174
0 0.446007 0.493267 0.022947 0.104303
0 0.589153 0.457295 0.014901 0.069660
0 0.325266 0.561187 0.028816 0.126075
0 0.600377 0.454420 0.012366 0.062247
0 0.177522 0.438668 0.013233 0.064589
2 0.639497 0.501235 0.018584 0.084977
0 0.341121 0.454751 0.019098 0.071297
2 0.525812 0.396890 0.007979 0.034884
0 0.362506 0.416948 0.011022 0.046990
2 0.849317 0.491510 0.021659 0.085519
0 0.499896 0.584010 0.023495 0.115137
2 0.434760 0.423282 0.014034 0.055630
0 0.639652 0.500681 0.019175 0.086428
0 0.358914 0.446718 0.008639 0.027270
0 0.573151 0.597756 0.036838 0.118841
0 0.359476 0.436893 0.010538 0.045280