0 0.308149 0.472552 0.014322 0.059934
2 0.684967 0.535451 0.017085 0.079410
0 0.735919 0.505888 0.016933 0.072597
0 0.642165 0.472066 0.011969 0.062179
0 0.573144 0.469464 0.014129 0.055642
0 0.720736 0.471735 0.011803 0.064735
0 0.604623 0.466597 0.012080 0.053788
2 0.167090 0.551184 0.026160 0.115078
0 0.656902 0.485133 0.016317 0.072726
2 0.797211 0.483554 0.014282 0.064936
0 0.234746 0.470445 0.010951 0.062103
0 0.543477 0.461299 0.013434 0.049874
2 0.656487 0.485103 0.015535 0.072595
2 0.448359 0.481420 0.014215 0.071104