0 0.615245 0.488449 0.021186 0.074839
0 0.382137 0.501449 0.018554 0.090139
0 0.303468 0.476357 0.014010 0.075335
0 0.742493 0.558164 0.021979 0.065397
0 0.792417 0.522263 0.016647 0.085654
0 0.499261 0.477777 0.010007 0.045690
0 0.551128 0.454614 0.010602 0.048246
0 0.741574 0.547534 0.023610 0.087920
0 0.266764 0.677279 0.035282 0.119160
0 0.263667 0.690067 0.026013 0.149725
0 0.863480 0.472710 0.011236 0.058306
0 0.742436 0.514945 0.028633 0.061852
2 0.715742 0.523288 0.008732 0.034712
0 0.706188 0.503909 0.011079 0.039649
0 0.790138 0.572871 0.009749 0.027409
0 0.261333 0.780210 0.020010 0.059846
0 0.742695 0.530875 0.028509 0.093467