0 0.294428 0.423145 0.017233 0.059224
0 0.070264 0.510133 0.025272 0.109565
0 0.224986 0.428404 0.016878 0.063396
0 0.428913 0.503679 0.022134 0.105510
0 0.219221 0.470322 0.021121 0.086667
0 0.384703 0.434897 0.017321 0.070536
0 0.408965 0.460557 0.017199 0.073335
0 0.322687 0.486048 0.021811 0.093010
0 0.220710 0.567017 0.038120 0.123623
0 0.441382 0.401836 0.012967 0.041429
0 0.538884 0.463878 0.019622 0.090722
0 0.565983 0.411769 0.011541 0.048731
0 0.583055 0.414158 0.012348 0.030031
0 0.717850 0.405412 0.012728 0.043400
0 0.571740 0.442417 0.015350 0.065799
0 0.537867 0.717860 0.043770 0.181265
2 0.550435 0.513364 0.012504 0.040289
0 0.580691 0.446746 0.009525 0.040219
0 0.562864 0.415460 0.011650 0.045419
0 0.384357 0.440241 0.013972 0.060701
0 0.582053 0.437197 0.011390 0.057482
0 0.541548 0.702285 0.034573 0.148254
0 0.512337 0.393677 0.007851 0.035972