0 0.633194 0.495839 0.015709 0.080616
0 0.394415 0.468598 0.015162 0.060850
0 0.019366 0.537285 0.025347 0.112772
0 0.087298 0.483235 0.020333 0.080804
0 0.514308 0.483687 0.014532 0.045142
0 0.183631 0.460795 0.017195 0.052174
0 0.207051 0.461481 0.017791 0.065104
0 0.806738 0.502145 0.016743 0.052536
0 0.776119 0.474329 0.012906 0.055435
0 0.415013 0.456008 0.010610 0.050308
0 0.383717 0.454400 0.014495 0.051667
0 0.866208 0.549995 0.016265 0.062506
0 0.463669 0.454336 0.014118 0.051040
2 0.549887 0.489294 0.014221 0.065533
0 0.434147 0.485602 0.019694 0.046632
2 0.569266 0.460032 0.015879 0.055632
0 0.867071 0.508789 0.016288 0.057911
0 0.287181 0.496972 0.011657 0.035456
2 0.253236 0.455779 0.008374 0.032399
0 0.206643 0.471871 0.017325 0.043653