0 0.607094 0.510845 0.019399 0.088156
0 0.294946 0.462802 0.008985 0.043471
0 0.078355 0.458713 0.015629 0.041020
0 0.185287 0.785472 0.036797 0.148572
0 0.294942 0.452837 0.009349 0.062713
0 0.184198 0.717972 0.053250 0.136131
0 0.482018 0.431263 0.012717 0.061189
2 0.766178 0.466197 0.016183 0.067553
2 0.096878 0.517992 0.031093 0.113325
0 0.680597 0.699605 0.037260 0.177503
0 0.063746 0.454500 0.015899 0.057714
0 0.197961 0.705218 0.023333 0.121421
0 0.179674 0.709715 0.041896 0.114537
0 0.096757 0.517552 0.030100 0.112947