0 0.464078 0.461757 0.015294 0.069564
0 0.164156 0.399561 0.013468 0.043520
0 0.255212 0.416513 0.011034 0.050705
0 0.305643 0.413811 0.012603 0.052069
0 0.012556 0.548274 0.025112 0.107028
0 0.127989 0.399206 0.008432 0.031896
0 0.228114 0.425767 0.011607 0.037665
0 0.415241 0.416204 0.010443 0.050540
2 0.193207 0.413170 0.011958 0.054158
0 0.242826 0.408695 0.010006 0.043886
0 0.315792 0.392809 0.008476 0.038464
0 0.367875 0.400841 0.009990 0.042402
0 0.483822 0.407355 0.007871 0.043329
0 0.532006 0.430114 0.015815 0.056132
0 0.512063 0.399812 0.011304 0.041184