0 0.782724 0.467169 0.019460 0.085943
0 0.144770 0.488299 0.024446 0.090292
0 0.370840 0.479660 0.019622 0.067164
0 0.581726 0.458554 0.024979 0.076111
0 0.358951 0.434048 0.017569 0.061345
0 0.432393 0.489958 0.025826 0.060733
0 0.304204 0.445864 0.019232 0.082421
0 0.560156 0.411876 0.012819 0.049161
0 0.517834 0.457229 0.023033 0.079474
0 0.367038 0.583307 0.020031 0.099609
0 0.493824 0.424114 0.020233 0.050496
0 0.419887 0.512548 0.009672 0.036858
0 0.314300 0.460752 0.009709 0.047918
0 0.316479 0.422876 0.011413 0.037062
2 0.675873 0.502057 0.026964 0.110920
0 0.416783 0.450153 0.010319 0.043654
0 0.763110 0.546562 0.030815 0.119967
0 0.770641 0.596223 0.010299 0.049300
0 0.625795 0.432026 0.023074 0.040684
0 0.366154 0.564716 0.021506 0.140106
0 0.762881 0.418127 0.010134 0.033276
0 0.408750 0.497017 0.024471 0.056410
0 0.626026 0.448469 0.023106 0.072046
0 0.363530 0.524572 0.019787 0.058531
0 0.518546 0.469053 0.020645 0.057268
0 0.193927 0.434917 0.020551 0.041520
0 0.374374 0.533757 0.011538 0.049066
0 0.427523 0.454038 0.014847 0.047987
0 0.194865 0.445240 0.020424 0.061906
0 0.754071 0.417833 0.010788 0.038748
0 0.430994 0.458284 0.020859 0.056392
2 0.380477 0.385969 0.010500 0.026994