2 0.678294 0.483155 0.014045 0.068862
0 0.892625 0.521412 0.014880 0.081992
0 0.417101 0.479372 0.013957 0.061373
0 0.134012 0.488754 0.020774 0.077774
0 0.052132 0.499042 0.012645 0.049913
0 0.609028 0.467303 0.012816 0.061021
0 0.464934 0.577950 0.034347 0.114041
0 0.500917 0.462866 0.014668 0.052344
0 0.712742 0.485060 0.014334 0.063342
0 0.700891 0.504588 0.018409 0.047787
0 0.877977 0.522779 0.018654 0.085764
0 0.302015 0.474971 0.013245 0.061353
0 0.534116 0.465407 0.012182 0.054799
2 0.517068 0.488138 0.015910 0.069913
0 0.700146 0.479402 0.016600 0.052049
0 0.465111 0.504957 0.017785 0.075492
0 0.799057 0.486433 0.013687 0.056353