0 0.128483 0.479061 0.021950 0.089858
0 0.612447 0.459430 0.012453 0.062296
0 0.496668 0.442985 0.014395 0.049566
0 0.724180 0.451656 0.015921 0.040459
0 0.412757 0.452137 0.015525 0.065978
0 0.172792 0.472315 0.018871 0.080391
0 0.745176 0.459437 0.022065 0.053698
0 0.679817 0.470369 0.018026 0.078950
0 0.341448 0.467762 0.010406 0.051753
0 0.632494 0.562514 0.031591 0.124875
0 0.179510 0.587403 0.033427 0.098158
0 0.547254 0.466045 0.021823 0.068890
0 0.763523 0.443625 0.014134 0.048360
0 0.219723 0.448299 0.011386 0.051948
0 0.898573 0.477223 0.029060 0.081781
2 0.577266 0.481893 0.025880 0.090765
0 0.830300 0.470591 0.013189 0.034491
0 0.621652 0.605800 0.007377 0.038642
0 0.830487 0.463182 0.013090 0.048771