0 0.517164 0.472399 0.012836 0.068683
2 0.571986 0.491456 0.017175 0.085498
0 0.624637 0.479983 0.014260 0.074188
0 0.662154 0.486180 0.014148 0.057445
0 0.364075 0.459674 0.011176 0.061003
0 0.535588 0.470876 0.015316 0.072847
0 0.958861 0.504397 0.012754 0.055482
0 0.727103 0.442508 0.011384 0.049162
0 0.424225 0.474019 0.015589 0.042430
0 0.958708 0.547439 0.011327 0.059179
0 0.462787 0.472236 0.013715 0.062272
0 0.662796 0.461724 0.015430 0.041775
0 0.953454 0.546442 0.012888 0.058569
0 0.469069 0.434109 0.009389 0.032083
0 0.299262 0.488932 0.014938 0.049784