0 0.131346 0.486920 0.011838 0.072745
0 0.604544 0.517771 0.027923 0.080840
0 0.061832 0.647140 0.029453 0.146258
2 0.714263 0.523936 0.018514 0.091504
0 0.619653 0.485103 0.013446 0.058694
0 0.699034 0.502215 0.013954 0.072195
0 0.980554 0.686150 0.024520 0.110241
0 0.929119 0.543905 0.030315 0.095507
0 0.491086 0.481443 0.015480 0.036175
0 0.471964 0.501162 0.011038 0.058324
0 0.883991 0.493063 0.016704 0.057797
0 0.551162 0.526319 0.018041 0.054650
0 0.971635 0.765207 0.028666 0.105672
0 0.271651 0.603221 0.009223 0.035343
0 0.288683 0.595516 0.016169 0.049104
0 0.601556 0.468316 0.009762 0.036031
0 0.131331 0.502485 0.010542 0.042231
2 0.674036 0.460826 0.008166 0.033944
0 0.280400 0.539516 0.014798 0.051988
0 0.692714 0.114533 0.012810 0.056419
0 0.554622 0.497755 0.014365 0.049994