0 0.882297 0.502316 0.020439 0.087815
0 0.367995 0.465052 0.012722 0.061734
0 0.352235 0.460988 0.015983 0.065604
0 0.252390 0.449569 0.017330 0.057520
0 0.287934 0.497564 0.015582 0.085963
0 0.552705 0.455860 0.012918 0.061282
0 0.781660 0.521732 0.031286 0.091940
0 0.711874 0.481119 0.012910 0.055278
0 0.080775 0.474920 0.017971 0.072303
2 0.327304 0.497958 0.022696 0.096435
0 0.031283 0.466215 0.019926 0.060332
0 0.569994 0.453371 0.010022 0.054547
0 0.629567 0.475453 0.011468 0.045917
0 0.388538 0.463937 0.018251 0.028412
0 0.469330 0.478909 0.013258 0.037249