0 0.442511 0.474669 0.016799 0.071681
0 0.133519 0.489927 0.020028 0.085756
0 0.355003 0.450671 0.013859 0.057482
0 0.289953 0.457151 0.018142 0.068394
0 0.504224 0.442511 0.016757 0.041263
0 0.589374 0.459478 0.018205 0.062562
0 0.482300 0.479052 0.015246 0.064533
0 0.381253 0.597924 0.033603 0.139178
0 0.549187 0.458335 0.024796 0.061685
0 0.324594 0.450770 0.019329 0.061345
0 0.876489 0.480694 0.012687 0.056355
0 0.888059 0.492339 0.016803 0.073167
0 0.780106 0.528041 0.029043 0.057353
0 0.774588 0.495656 0.014153 0.054423
0 0.887475 0.487613 0.013247 0.064752
0 0.906288 0.486057 0.023528 0.055441
0 0.393731 0.079052 0.012812 0.055755
0 0.480159 0.509209 0.009923 0.040103
0 0.371717 0.649721 0.010143 0.043945