0 0.428431 0.507882 0.016243 0.078064
0 0.542256 0.479497 0.019044 0.078811
0 0.712129 0.473178 0.015015 0.068428
0 0.403030 0.523446 0.027052 0.096826
0 0.821990 0.498266 0.017273 0.071235
0 0.508356 0.467694 0.019231 0.064322
0 0.785872 0.464933 0.012684 0.060134
0 0.424024 0.454135 0.010609 0.046322
0 0.618485 0.498988 0.016859 0.089685
0 0.491575 0.461969 0.014027 0.063874
0 0.618868 0.450979 0.011914 0.035465
0 0.462545 0.448810 0.014428 0.055139
2 0.530079 0.519471 0.018063 0.091215
0 0.617605 0.517105 0.016878 0.059434
0 0.112208 0.528086 0.015172 0.078357
0 0.448900 0.453376 0.019837 0.047841
0 0.618783 0.481844 0.015171 0.052927
0 0.883423 0.079347 0.013459 0.052458
0 0.706634 0.493425 0.005967 0.028339