0 0.563003 0.448243 0.018190 0.079006
0 0.478821 0.547797 0.031303 0.112404
0 0.861411 0.464175 0.017894 0.080694
0 0.890875 0.559470 0.027273 0.126938
0 0.839143 0.452849 0.017669 0.070575
0 0.559184 0.690406 0.041595 0.124137
0 0.552802 0.643552 0.032497 0.153010
0 0.646812 0.444318 0.020366 0.059479
0 0.642281 0.498821 0.022153 0.077900
0 0.415088 0.675335 0.009048 0.034488
0 0.476358 0.473983 0.016273 0.045208
0 0.841391 0.440906 0.017321 0.070925
0 0.861587 0.413863 0.009209 0.037513
0 0.496581 0.434962 0.008781 0.031705
0 0.766616 0.423939 0.015098 0.049663
0 0.644431 0.443256 0.015395 0.053736
0 0.553429 0.609282 0.031177 0.080247
0 0.841759 0.429874 0.016873 0.049802
0 0.565832 0.407474 0.012807 0.039537