0 0.138081 0.461484 0.014088 0.056312
0 0.345866 0.512508 0.018554 0.075942
0 0.148719 0.467108 0.012465 0.070194
0 0.648286 0.582485 0.030219 0.127472
0 0.322470 0.461086 0.014262 0.055748
0 0.092347 0.451460 0.013404 0.055233
0 0.106879 0.515732 0.016380 0.105205
0 0.355630 0.461671 0.013295 0.063024
0 0.258826 0.451238 0.009139 0.033960
0 0.849616 0.541145 0.023432 0.117580
0 0.847256 0.538618 0.032855 0.115149
0 0.008637 0.509795 0.017194 0.100451
2 0.106905 0.516041 0.016402 0.105170
0 0.851948 0.526722 0.018843 0.090201
0 0.527129 0.444732 0.020709 0.053156