0 0.068802 0.490608 0.013148 0.058804
1 0.547293 0.453219 0.016144 0.064278
0 0.005873 0.464306 0.011104 0.059015
2 0.112529 0.527876 0.033967 0.112117
0 0.325918 0.455933 0.011640 0.061170
0 0.025165 0.542043 0.024844 0.118331
0 0.230153 0.468970 0.015074 0.063633
0 0.171857 0.517137 0.017488 0.097214
0 0.749292 0.513781 0.022445 0.088772
0 0.090733 0.630812 0.021882 0.095874
0 0.363123 0.491839 0.016480 0.080879
0 0.082227 0.709374 0.019679 0.117256
0 0.112856 0.528298 0.034826 0.110323
2 0.363177 0.491141 0.016579 0.080313