0 0.956354 0.535487 0.023511 0.108015
0 0.721178 0.600692 0.030520 0.144831
0 0.313158 0.421167 0.012386 0.060105
0 0.328180 0.420392 0.011843 0.059063
0 0.352627 0.415531 0.009185 0.047369
0 0.992026 0.446781 0.013112 0.060362
0 0.341386 0.409039 0.009228 0.043625
0 0.372759 0.413998 0.009028 0.050981
0 0.114986 0.575584 0.030079 0.143014
0 0.302418 0.413826 0.007935 0.047269
0 0.367282 0.414947 0.012622 0.055552
0 0.369896 0.414631 0.011799 0.053814
0 0.289059 0.416088 0.007522 0.051029
0 0.294727 0.415545 0.010680 0.050637