0 0.126405 0.474178 0.017802 0.061519
0 0.708770 0.526321 0.021291 0.109652
0 0.249966 0.499578 0.018410 0.080004
0 0.793564 0.863900 0.037665 0.138896
2 0.416453 0.486266 0.014810 0.072978
1 0.689782 0.472357 0.017909 0.061492
0 0.799781 0.751002 0.027368 0.099666
0 0.250718 0.477906 0.019512 0.041007
0 0.350193 0.456547 0.011769 0.063777
0 0.689817 0.472440 0.017885 0.061020
0 0.339256 0.481561 0.017464 0.076029
0 0.416315 0.485884 0.014887 0.073423
0 0.276338 0.472734 0.012513 0.056348
0 0.710759 0.556328 0.015195 0.055672