0 0.930972 0.486639 0.017601 0.079229
0 0.711210 0.504249 0.021283 0.090493
0 0.415015 0.520864 0.025602 0.116017
0 0.666021 0.626684 0.031502 0.161832
0 0.397345 0.458756 0.013783 0.067700
0 0.564026 0.461137 0.014530 0.059139
0 0.841242 0.472952 0.011222 0.050754
0 0.863324 0.508312 0.028315 0.096551
0 0.675521 0.437947 0.013806 0.053682
0 0.254376 0.522132 0.029146 0.116587
0 0.497045 0.479687 0.019367 0.050264
0 0.253837 0.538725 0.030219 0.083882
2 0.993201 0.507990 0.013598 0.088053
0 0.496370 0.500357 0.019263 0.081007
0 0.993487 0.511820 0.013025 0.099149
2 0.863049 0.507419 0.028596 0.096965
0 0.996835 0.523754 0.006330 0.075648
2 0.201079 0.442381 0.012258 0.048519
0 0.275917 0.456853 0.011348 0.043180
0 0.304912 0.457849 0.009288 0.044406
2 0.293657 0.453044 0.014158 0.066813
0 0.416965 0.489425 0.012590 0.051767