2 0.613859 0.466607 0.021496 0.098060
0 0.539865 0.426939 0.013234 0.053340
0 0.287356 0.541221 0.033721 0.120091
0 0.021872 0.483477 0.018607 0.104750
0 0.578720 0.494662 0.026635 0.100821
2 0.613660 0.452005 0.021196 0.069994
0 0.730206 0.459245 0.017618 0.060132
0 0.227525 0.425683 0.019886 0.061253
0 0.327416 0.434963 0.019287 0.063812
1 0.862292 0.451202 0.015952 0.072611
0 0.862266 0.451157 0.015650 0.072697
0 0.996465 0.495910 0.007043 0.044430
0 0.996152 0.518997 0.007695 0.093726
0 0.716496 0.457257 0.008620 0.036562
0 0.521668 0.516015 0.013129 0.067442
0 0.523948 0.573041 0.035584 0.076760
2 0.433122 0.468331 0.018544 0.082669
0 0.406784 0.432458 0.010601 0.041839
0 0.713453 0.421934 0.012418 0.044880
0 0.661810 0.416789 0.012699 0.037362
0 0.400482 0.457329 0.024062 0.039389
0 0.718051 0.446304 0.010912 0.054657
0 0.432929 0.466199 0.018583 0.076527
0 0.996267 0.535879 0.007465 0.062200
0 0.227540 0.438904 0.019265 0.034394
0 0.996204 0.549215 0.007545 0.036481