0 0.182796 0.418967 0.013341 0.052752
0 0.295860 0.425191 0.012261 0.055783
0 0.366661 0.486227 0.014239 0.083362
0 0.138098 0.419590 0.014959 0.054049
2 0.245983 0.438077 0.019000 0.063875
0 0.418394 0.463152 0.017864 0.073283
0 0.118109 0.434765 0.011376 0.057972
2 0.510101 0.458322 0.012604 0.060139
0 0.520825 0.450281 0.012196 0.065605
0 0.661238 0.488497 0.013488 0.050251
2 0.765169 0.508410 0.016048 0.081091
0 0.246040 0.438785 0.018735 0.062034
0 0.743213 0.507221 0.022960 0.087982
0 0.510054 0.458152 0.011655 0.059575