0 0.312025 0.482322 0.016675 0.083123
0 0.507473 0.472546 0.014638 0.067432
0 0.422434 0.476530 0.017315 0.079350
2 0.433763 0.537143 0.029033 0.105869
0 0.555853 0.480511 0.019667 0.078240
0 0.253544 0.495355 0.019850 0.098231
0 0.617406 0.485438 0.012698 0.070008
0 0.642531 0.481619 0.022502 0.073904
0 0.604672 0.484777 0.018591 0.077112
0 0.354269 0.446028 0.014652 0.041498
2 0.481105 0.517595 0.030999 0.117710
0 0.270163 0.530160 0.022462 0.111912
0 0.558187 0.430359 0.008855 0.042502
0 0.818116 0.505804 0.015135 0.048496
2 0.269822 0.530191 0.022315 0.112505
0 0.581034 0.488326 0.022308 0.085688