0 0.517088 0.401433 0.008727 0.035735
0 0.295986 0.449741 0.010150 0.044176
0 0.284770 0.444228 0.009066 0.054381
0 0.635850 0.456573 0.012506 0.049436
0 0.535764 0.497520 0.012209 0.040279
0 0.654292 0.440542 0.010552 0.047076
0 0.319598 0.427801 0.008747 0.043135
0 0.341631 0.417152 0.008929 0.039367
2 0.478535 0.466721 0.011271 0.049394
2 0.439460 0.465321 0.010693 0.051073
0 0.329672 0.418259 0.009583 0.048746
0 0.640718 0.437817 0.008073 0.042209
0 0.662002 0.440172 0.009318 0.047372
0 0.469431 0.466656 0.009638 0.050303
2 0.449370 0.465031 0.009924 0.047987
0 0.337715 0.434823 0.008586 0.036832
0 0.159437 0.832095 0.020520 0.131429
2 0.458891 0.466742 0.009630 0.049848
0 0.462933 0.206193 0.006834 0.040509