0 0.698097 0.460033 0.010654 0.049570
0 0.661335 0.416091 0.012679 0.039531
0 0.809253 0.428788 0.010957 0.041886
0 0.483775 0.403106 0.008422 0.036807
0 0.575657 0.394430 0.008847 0.035882
0 0.695759 0.412330 0.009695 0.036916
0 0.666643 0.387718 0.007909 0.029657
0 0.476863 0.379326 0.007395 0.026968
0 0.633689 0.388022 0.008190 0.032563
2 0.613074 0.415696 0.009590 0.039076
0 0.464363 0.413963 0.010546 0.036275
0 0.412918 0.403930 0.006811 0.035195
0 0.514992 0.441439 0.016517 0.041921
0 0.512564 0.400650 0.006407 0.031668
0 0.599761 0.396160 0.010131 0.039090
0 0.455623 0.403365 0.008936 0.033776
0 0.397024 0.426186 0.007208 0.033457
0 0.390278 0.429100 0.007741 0.042345
0 0.624409 0.404430 0.008461 0.032909
0 0.623492 0.383672 0.007113 0.025900
2 0.450118 0.367718 0.007699 0.035655
0 0.391524 0.428198 0.007126 0.041011
2 0.585350 0.350056 0.005628 0.020481