0 0.748793 0.563624 0.018580 0.072779
0 0.684343 0.419117 0.009284 0.040194
0 0.520288 0.567647 0.015071 0.073851
0 0.308951 0.414169 0.010224 0.040324
0 0.709738 0.397842 0.007159 0.033639
0 0.504823 0.406908 0.010767 0.035495
0 0.776482 0.429335 0.009020 0.042793
0 0.723103 0.438184 0.009491 0.047747
0 0.370430 0.396830 0.009772 0.034076
0 0.543455 0.470398 0.014441 0.056737
0 0.510270 0.500546 0.012144 0.058508
0 0.261252 0.495311 0.011628 0.053852
0 0.263360 0.439292 0.007829 0.042451
0 0.827522 0.466125 0.008918 0.054570
0 0.657754 0.431466 0.006917 0.040180
2 0.454866 0.411388 0.013308 0.038591
0 0.531230 0.467598 0.009734 0.050979
0 0.897171 0.550057 0.022556 0.054329
0 0.539245 0.380473 0.007269 0.029630
0 0.548734 0.400983 0.007996 0.023582
0 0.544603 0.423037 0.008552 0.034093
2 0.381823 0.363220 0.006389 0.024238