0 0.392629 0.453445 0.015067 0.050022
0 0.450833 0.391812 0.006654 0.031415
0 0.512225 0.459118 0.011016 0.046062
0 0.413363 0.490908 0.012701 0.055611
0 0.713562 0.543446 0.012920 0.062584
0 0.486375 0.408186 0.008889 0.035538
0 0.476150 0.413104 0.007868 0.038978
2 0.498189 0.468557 0.009490 0.050817
0 0.669246 0.438623 0.010625 0.043622
0 0.650889 0.413624 0.007502 0.037354
0 0.782892 0.472972 0.012712 0.049935
0 0.410675 0.526524 0.015349 0.066108
0 0.556007 0.401247 0.007897 0.035631
0 0.485117 0.386599 0.007771 0.026040
0 0.793756 0.459932 0.010181 0.046584
0 0.776437 0.445951 0.011202 0.042825
0 0.091147 0.945551 0.041841 0.108899
0 0.668296 0.412506 0.007477 0.032455
0 0.674206 0.409229 0.006241 0.033270