0 0.063530 0.505467 0.016144 0.063322
0 0.034901 0.509432 0.016511 0.066950
0 0.061904 0.437359 0.014062 0.049028
0 0.403890 0.393465 0.010519 0.034102
0 0.115127 0.421954 0.011430 0.040181
0 0.400065 0.520946 0.011949 0.064971
0 0.454363 0.572290 0.019065 0.070638
0 0.231946 0.504471 0.010263 0.063847
0 0.414777 0.442772 0.013052 0.045747
0 0.329087 0.552745 0.022868 0.081032
0 0.643793 0.496015 0.010598 0.061737
0 0.482739 0.418614 0.009158 0.040608
2 0.859134 0.510924 0.012983 0.055691
0 0.688521 0.514157 0.015578 0.060259
2 0.369442 0.478845 0.012154 0.053725
0 0.253812 0.385943 0.006641 0.029007
0 0.499914 0.544347 0.014262 0.065880
0 0.806505 0.510736 0.019248 0.053933
0 0.732445 0.478508 0.018036 0.038054
0 0.700301 0.510339 0.013986 0.061459
0 0.558909 0.386198 0.008632 0.031727
0 0.699988 0.495781 0.014222 0.035149