0 0.892325 0.423790 0.011559 0.040619
0 0.614386 0.402180 0.007611 0.036285
0 0.692936 0.396930 0.007087 0.033805
0 0.649561 0.456058 0.011469 0.044907
0 0.819332 0.454310 0.011738 0.048283
0 0.843540 0.450414 0.012933 0.048128
2 0.763664 0.435076 0.010488 0.042854
0 0.593759 0.422297 0.007771 0.040823
0 0.860855 0.391868 0.007469 0.030512
0 0.993144 0.463714 0.011475 0.049419
0 0.871759 0.439556 0.009080 0.044188
0 0.925310 0.422538 0.010407 0.040836
0 0.680109 0.439985 0.009587 0.046064
0 0.831650 0.400031 0.007151 0.030936
0 0.960279 0.442047 0.010896 0.046249
0 0.674345 0.414127 0.009339 0.055144
0 0.867302 0.414422 0.012238 0.038797
2 0.628383 0.366680 0.005407 0.025944
0 0.649843 0.404931 0.008249 0.034669
0 0.900206 0.397854 0.006981 0.033461
0 0.649015 0.386103 0.007261 0.028352
0 0.226184 0.386265 0.012083 0.028854
0 0.673486 0.423640 0.007844 0.037685