0 0.298100 0.403939 0.007804 0.035213
0 0.265426 0.415900 0.010057 0.038745
0 0.383473 0.465558 0.012055 0.053065
0 0.240790 0.453530 0.015613 0.053186
0 0.183906 0.516229 0.024063 0.062952
0 0.454138 0.469252 0.015367 0.053994
0 0.192576 0.579920 0.020644 0.077223
2 0.745330 0.575374 0.018285 0.070860
0 0.303403 0.586190 0.024880 0.076570
2 0.017614 0.499039 0.019262 0.059134
0 0.063164 0.435220 0.013119 0.043797
0 0.127907 0.467056 0.012555 0.050627
0 0.002679 0.412146 0.005325 0.034322
0 0.921610 0.437623 0.009246 0.041374