0 0.381517 0.496404 0.012063 0.060204
0 0.302469 0.439846 0.010650 0.042676
0 0.567321 0.401004 0.006967 0.032576
0 0.569471 0.589258 0.020429 0.088379
0 0.766986 0.410857 0.007103 0.037911
0 0.737444 0.401026 0.009782 0.034774
0 0.416694 0.395519 0.009857 0.032876
0 0.684801 0.439119 0.010505 0.046817
0 0.460325 0.487061 0.016289 0.055370
0 0.517549 0.410382 0.011652 0.038891
0 0.465381 0.406659 0.010290 0.036356
0 0.622911 0.415850 0.007969 0.035897
0 0.431583 0.385200 0.007352 0.025636
0 0.360565 0.406864 0.007198 0.032886
0 0.257278 0.391764 0.007765 0.030563
0 0.891720 0.513647 0.014828 0.063663
0 0.630979 0.392982 0.009708 0.033343
0 0.366588 0.396251 0.005728 0.026680
2 0.545444 0.403750 0.008599 0.038477
0 0.627640 0.372780 0.004732 0.020802
0 0.877813 0.436033 0.014135 0.041469
0 0.545370 0.402926 0.008572 0.039064
0 0.891010 0.505940 0.013451 0.048405
0 0.730289 0.201971 0.008331 0.041222
0 0.544884 0.398459 0.007523 0.032039
0 0.874939 0.434618 0.007435 0.039001