0 0.596754 0.485047 0.011928 0.061181
0 0.241264 0.414536 0.008219 0.038403
0 0.297054 0.410153 0.008249 0.040399
0 0.203637 0.672474 0.017955 0.098040
0 0.180891 0.497928 0.015509 0.058233
0 0.276434 0.387766 0.006697 0.032005
0 0.546178 0.404607 0.006427 0.037776
0 0.268128 0.421650 0.010690 0.038769
0 0.318530 0.414267 0.008271 0.038955
0 0.427889 0.453615 0.010301 0.047319
0 0.379908 0.387247 0.006965 0.028279
0 0.362134 0.393403 0.008437 0.031257
2 0.370650 0.396748 0.006139 0.032739
0 0.501242 0.395276 0.008083 0.036522
0 0.489484 0.380259 0.006837 0.028676
0 0.334851 0.384063 0.007452 0.026712
0 0.575976 0.372452 0.008751 0.025023
0 0.345169 0.372951 0.006462 0.026270
0 0.401086 0.369557 0.005885 0.021913
0 0.388012 0.375397 0.005731 0.026293
2 0.260453 0.371217 0.006641 0.024334
0 0.770952 0.215666 0.011388 0.050897
0 0.827658 0.371796 0.006278 0.027635
0 0.321755 0.205069 0.007788 0.041866
1 0.827638 0.371867 0.006224 0.027654