0 0.711798 0.518925 0.013857 0.063554
0 0.077026 0.439150 0.012625 0.048312
0 0.604249 0.433651 0.009648 0.043827
0 0.498065 0.411183 0.008553 0.038254
0 0.687879 0.486707 0.013035 0.054755
0 0.592682 0.490842 0.010568 0.052561
0 0.429574 0.415963 0.007412 0.037207
0 0.083412 0.575798 0.019458 0.072281
0 0.527233 0.547402 0.019472 0.067753
0 0.476186 0.417909 0.006671 0.041595
2 0.846649 0.513948 0.017409 0.057373
0 0.306122 0.488979 0.011134 0.054676
0 0.534471 0.439257 0.014771 0.045034
0 0.582425 0.441604 0.008873 0.041913
0 0.440139 0.396168 0.006737 0.032656
0 0.259238 0.417503 0.007710 0.039969
0 0.495383 0.507749 0.010118 0.053082
0 0.475540 0.538646 0.015126 0.068546
0 0.762020 0.581710 0.015666 0.062528
0 0.406933 0.487255 0.007408 0.056817
2 0.406894 0.487225 0.007316 0.057183
1 0.568891 0.386913 0.008029 0.033564