0 0.392476 0.536192 0.012819 0.064789
0 0.360838 0.545998 0.017629 0.071162
0 0.153649 0.406342 0.010351 0.039141
0 0.598992 0.566244 0.013463 0.073679
0 0.530241 0.476407 0.010460 0.056025
2 0.123060 0.555811 0.021075 0.072725
0 0.087660 0.436367 0.009685 0.044087
0 0.066337 0.455598 0.014182 0.048961
0 0.414235 0.518607 0.017640 0.063215
2 0.679031 0.615098 0.012842 0.082825
0 0.443280 0.426192 0.009695 0.040456
0 0.110450 0.507479 0.017573 0.062281
0 0.556157 0.426081 0.010369 0.036013
0 0.673758 0.559543 0.007389 0.038906
0 0.895446 0.433232 0.008461 0.041297
0 0.578541 0.398187 0.008661 0.030254
0 0.447972 0.634418 0.020785 0.019044
0 0.918358 0.439088 0.012555 0.040032