0 0.693385 0.537371 0.016983 0.066522
0 0.412142 0.447318 0.009092 0.046553
0 0.620020 0.493901 0.012995 0.051365
0 0.605602 0.437763 0.009190 0.042461
2 0.623549 0.452780 0.008550 0.039764
0 0.655733 0.458294 0.013659 0.048231
0 0.222173 0.465153 0.013109 0.050322
0 0.331606 0.473958 0.011529 0.058193
0 0.496380 0.394642 0.005913 0.031038
0 0.495977 0.430495 0.007630 0.038839
0 0.517549 0.450391 0.013227 0.046358
0 0.253401 0.451486 0.008168 0.049478
0 0.486516 0.420652 0.008899 0.043474
0 0.363829 0.409458 0.011254 0.033478
0 0.337757 0.430940 0.006899 0.039815
0 0.728389 0.560448 0.029526 0.030549
0 0.576451 0.394370 0.006570 0.035097
0 0.687391 0.404906 0.010576 0.034464
0 0.755253 0.566746 0.020366 0.072139
0 0.572059 0.389151 0.005992 0.031820
0 0.730099 0.564608 0.027408 0.025338
0 0.604340 0.398540 0.007419 0.032318