0 0.213606 0.510379 0.014605 0.062218
0 0.821824 0.507678 0.013300 0.061046
0 0.483499 0.434584 0.008713 0.044480
0 0.371550 0.432190 0.009218 0.047278
0 0.413469 0.492950 0.014796 0.058606
0 0.712432 0.455201 0.012001 0.052328
0 0.623640 0.470867 0.011365 0.054717
0 0.647322 0.387697 0.007213 0.030077
0 0.272219 0.425091 0.009133 0.040726
0 0.556034 0.406133 0.007530 0.036831
0 0.552246 0.365756 0.004585 0.023849
0 0.628108 0.396547 0.009316 0.034472
0 0.539501 0.383941 0.007833 0.027035
0 0.656280 0.401060 0.007893 0.036138
0 0.349792 0.381598 0.005980 0.029591
0 0.529491 0.370941 0.006844 0.026607
0 0.278561 0.423574 0.007992 0.037900
0 0.455482 0.388758 0.007020 0.031653
2 0.474535 0.386062 0.006504 0.029857
0 0.772823 0.368056 0.005921 0.026444
2 0.269927 0.369340 0.005487 0.026305
0 0.458190 0.371938 0.005435 0.021867
0 0.798135 0.391927 0.006648 0.033722
0 0.537983 0.359080 0.006306 0.018121