0 0.415353 0.449147 0.008577 0.042548
0 0.604874 0.401067 0.006723 0.033651
0 0.458751 0.408913 0.010000 0.035723
0 0.385805 0.388648 0.009820 0.031948
0 0.623059 0.413913 0.009864 0.036327
0 0.318123 0.419980 0.010879 0.040560
0 0.683133 0.392804 0.010730 0.033553
0 0.405332 0.378444 0.009611 0.026426
0 0.484277 0.454139 0.011403 0.047758
0 0.344778 0.389457 0.011715 0.030911
0 0.592063 0.380547 0.007135 0.027508
0 0.508842 0.384802 0.006257 0.028042
0 0.708413 0.415626 0.012711 0.034044
0 0.634312 0.382357 0.006704 0.025083
0 0.396206 0.373330 0.008169 0.026877
0 0.620114 0.388592 0.008327 0.042401
0 0.849436 0.399200 0.008327 0.035039
0 0.092152 0.389703 0.011268 0.034435
0 0.484054 0.406325 0.008699 0.036238
2 0.491608 0.397883 0.006006 0.030686
0 0.613750 0.374944 0.007883 0.024662
2 0.318194 0.368621 0.005654 0.024061
0 0.371725 0.206076 0.007583 0.041553