0 0.404222 0.557858 0.020569 0.070228
0 0.383498 0.458181 0.008183 0.047322
0 0.302024 0.386754 0.006707 0.032916
0 0.247158 0.420465 0.011153 0.043211
0 0.519362 0.427252 0.006995 0.042722
0 0.259908 0.482229 0.016022 0.057137
0 0.231486 0.411579 0.008499 0.038547
0 0.219984 0.456227 0.011631 0.044979
0 0.413738 0.407246 0.010140 0.036388
0 0.832402 0.414385 0.011695 0.039534
0 0.341914 0.373401 0.006079 0.025720
0 0.539827 0.384155 0.007554 0.028639
0 0.373221 0.416347 0.007134 0.037211
0 0.522968 0.383563 0.006029 0.029890
0 0.533779 0.383637 0.007657 0.028849
0 0.369161 0.399627 0.008410 0.039848
0 0.219591 0.429814 0.008606 0.029710
0 0.515467 0.383801 0.006901 0.029727
2 0.789031 0.827364 0.025491 0.109003
0 0.367843 0.403057 0.007897 0.039892
0 0.348639 0.365291 0.006652 0.025976