2 0.503941 0.415095 0.007493 0.037886
0 0.525655 0.396838 0.007167 0.034234
0 0.492523 0.387729 0.005972 0.030398
0 0.465107 0.406574 0.008477 0.037017
0 0.557790 0.395279 0.008328 0.035332
0 0.503791 0.384836 0.004609 0.025127
0 0.483088 0.376101 0.006135 0.025892
0 0.769737 0.430034 0.008590 0.042227
0 0.440604 0.414078 0.008618 0.027517
0 0.427735 0.392463 0.005569 0.030762
0 0.594601 0.358597 0.004702 0.021847
0 0.449927 0.409413 0.007605 0.036180
0 0.415580 0.386989 0.004643 0.027773
0 0.532827 0.357542 0.004770 0.026867
0 0.450520 0.382519 0.005453 0.024857
0 0.400082 0.389201 0.006387 0.027689
0 0.445763 0.378797 0.006036 0.027606
2 0.877964 0.938675 0.034223 0.122649
0 0.416577 0.387246 0.005645 0.028071
2 0.583195 0.349028 0.005946 0.019396