0 0.376219 0.472377 0.012350 0.054355
0 0.346969 0.394937 0.011792 0.037319
0 0.658711 0.457577 0.010705 0.048569
0 0.716474 0.460289 0.010540 0.053269
0 0.486562 0.530265 0.015717 0.066090
0 0.477457 0.386587 0.006929 0.030908
0 0.513380 0.385947 0.006918 0.030482
0 0.193732 0.494596 0.011293 0.053427
0 0.257173 0.436212 0.010648 0.045409
0 0.412109 0.431288 0.008967 0.043562
0 0.495150 0.615149 0.018447 0.082902
0 0.492755 0.479417 0.011534 0.057089
0 0.520312 0.469718 0.010119 0.051601
0 0.283100 0.455774 0.015681 0.064566
2 0.554058 0.469817 0.009486 0.051982
0 0.638755 0.441319 0.008094 0.048542
0 0.425551 0.426548 0.012722 0.041645
0 0.696032 0.434098 0.010447 0.045573
0 0.244427 0.450642 0.008177 0.045395
0 0.503257 0.479658 0.010506 0.051372
0 0.503841 0.485121 0.008659 0.042446
0 0.343668 0.364510 0.006569 0.024016