0 0.630599 0.438579 0.009429 0.039056
0 0.673349 0.444309 0.009597 0.046340
2 0.545161 0.437829 0.011650 0.044159
0 0.791202 0.405002 0.007873 0.032493
0 0.572836 0.436707 0.011993 0.045961
0 0.843574 0.601071 0.026870 0.090418
0 0.704453 0.729240 0.023765 0.114336
0 0.460732 0.443444 0.011769 0.049572
0 0.658370 0.413336 0.007003 0.036587
0 0.667618 0.389666 0.006395 0.030690
0 0.399902 0.506362 0.016783 0.058463
0 0.195519 0.507335 0.013861 0.057268
0 0.515729 0.410192 0.012280 0.029924
0 0.436686 0.384059 0.008341 0.031026
0 0.264569 0.401289 0.007637 0.034601
0 0.770522 0.380242 0.010702 0.032409
0 0.439772 0.405339 0.010781 0.031611
0 0.865699 0.484691 0.013798 0.058018
0 0.322611 0.423955 0.012853 0.041723
0 0.816969 0.448930 0.009213 0.040781
0 0.821795 0.428490 0.008050 0.035351
0 0.593684 0.371405 0.005741 0.026220
2 0.517838 0.358871 0.005835 0.023020