0 0.546160 0.489462 0.012096 0.057555
0 0.718464 0.518579 0.013254 0.059346
0 0.747419 0.516295 0.011269 0.055467
0 0.727402 0.486316 0.012662 0.052238
0 0.677844 0.484328 0.009118 0.053280
0 0.512452 0.492298 0.014167 0.055053
0 0.619637 0.485755 0.009438 0.050201
0 0.811095 0.482312 0.011070 0.054788
0 0.651525 0.517551 0.012092 0.060412
0 0.592445 0.487508 0.010765 0.053390
0 0.700920 0.480524 0.008541 0.039904
0 0.604886 0.515602 0.013885 0.063869
0 0.627243 0.512119 0.009532 0.053497
0 0.645742 0.490013 0.012586 0.053904
0 0.774032 0.514254 0.014415 0.060212
0 0.583632 0.519662 0.013278 0.062029
0 0.655741 0.479346 0.009126 0.045659
0 0.786093 0.514944 0.013589 0.057043
2 0.478780 0.504199 0.019071 0.071118
0 0.790662 0.481115 0.008826 0.041230
0 0.478891 0.503341 0.019253 0.070270
0 0.691195 0.519677 0.018434 0.058423
0 0.573266 0.515106 0.013423 0.061207
0 0.583656 0.535200 0.013387 0.031401
0 0.657065 0.479873 0.012626 0.050287
0 0.582770 0.513120 0.010927 0.058648
0 0.690538 0.533055 0.017224 0.031601