0 0.479191 0.402748 0.008559 0.028305
0 0.546444 0.413815 0.008081 0.033213
0 0.444678 0.390161 0.010672 0.029672
0 0.416175 0.421962 0.012339 0.039137
0 0.328917 0.409061 0.008173 0.036195
0 0.554397 0.384463 0.007180 0.024303
0 0.514948 0.392866 0.009277 0.034828
0 0.377828 0.394715 0.008364 0.031660
0 0.311611 0.434367 0.011113 0.034560
0 0.677296 0.448331 0.017260 0.041665
0 0.424684 0.386759 0.008321 0.028872
0 0.710355 0.442231 0.012304 0.043540
0 0.226519 0.444176 0.009857 0.040858
2 0.462132 0.417211 0.013092 0.035855
0 0.319013 0.411557 0.009960 0.034045
0 0.691920 0.473583 0.019732 0.046781
0 0.348056 0.508269 0.017065 0.048993
2 0.482090 0.357165 0.006730 0.023531
0 0.484638 0.428426 0.014701 0.027991
0 0.349643 0.408811 0.014974 0.041650
2 0.713673 0.889437 0.037010 0.143199
0 0.746772 0.203655 0.008456 0.045087