2 0.434850 0.436379 0.011317 0.042756
0 0.163330 0.506142 0.017269 0.066203
0 0.686092 0.554180 0.014330 0.078794
0 0.488693 0.513808 0.016902 0.062442
0 0.496567 0.372217 0.005848 0.028288
0 0.230959 0.422225 0.007914 0.039071
0 0.176924 0.442199 0.009309 0.045272
0 0.296078 0.399514 0.007234 0.035390
0 0.473848 0.428265 0.007827 0.044422
0 0.181931 0.515044 0.013379 0.061687
0 0.185008 0.515563 0.019417 0.062333
0 0.457537 0.396497 0.005957 0.034191
0 0.350381 0.373603 0.005900 0.025354
2 0.922419 0.467413 0.010027 0.046111
0 0.463949 0.437176 0.007412 0.039503
0 0.520792 0.358470 0.005470 0.024127
0 0.128901 0.652504 0.022517 0.092753