0 0.930091 0.535568 0.015460 0.071121
0 0.362472 0.529614 0.023013 0.069249
0 0.473329 0.501532 0.016590 0.058748
0 0.800115 0.491631 0.016463 0.064440
0 0.333085 0.526850 0.013930 0.063712
0 0.517483 0.481921 0.017776 0.053024
0 0.886793 0.601649 0.026501 0.078570
0 0.448210 0.501971 0.018694 0.054078
0 0.434188 0.434968 0.008160 0.043601
0 0.796414 0.402478 0.009367 0.035048
0 0.604457 0.448680 0.014025 0.048836
0 0.624577 0.417875 0.008333 0.036240
0 0.532011 0.413420 0.010746 0.036832
0 0.842569 0.455863 0.012572 0.042683
0 0.520280 0.410474 0.009160 0.036647
0 0.859517 0.615677 0.027052 0.074800
0 0.844046 0.422817 0.013931 0.035924
0 0.856195 0.487268 0.013846 0.055992
0 0.525772 0.502972 0.012117 0.045891
0 0.213776 0.422074 0.010439 0.035346
0 0.826775 0.439717 0.009934 0.024428
0 0.818353 0.450854 0.012079 0.033322
2 0.537706 0.362238 0.005949 0.023017
0 0.822623 0.448166 0.017693 0.038032