0 0.563381 0.399494 0.007424 0.034111
0 0.673548 0.479146 0.013213 0.057966
0 0.549336 0.377473 0.006869 0.028888
0 0.857528 0.447975 0.012040 0.047933
0 0.708682 0.377759 0.005268 0.027364
0 0.512509 0.476345 0.009787 0.054679
0 0.444051 0.386192 0.006245 0.029663
0 0.539464 0.371418 0.005166 0.025061
0 0.755074 0.396850 0.007967 0.031715
0 0.469163 0.392637 0.008801 0.035613
0 0.879968 0.438918 0.010305 0.049687
2 0.513517 0.371757 0.005370 0.027228
0 0.744917 0.380269 0.010350 0.027280
0 0.647093 0.377677 0.008075 0.022796
0 0.579547 0.363790 0.005298 0.025791
0 0.455156 0.367024 0.006006 0.027750
0 0.881558 0.413867 0.008306 0.033748
2 0.809426 0.894425 0.037705 0.078060
0 0.456539 0.366716 0.006758 0.027635
2 0.809137 0.915437 0.039275 0.123538
2 0.519520 0.347287 0.006777 0.019401
0 0.457865 0.366515 0.005590 0.027244
0 0.933875 0.193402 0.008908 0.046195