0 0.230067 0.426960 0.008289 0.041974
0 0.236960 0.632306 0.019384 0.092513
0 0.591864 0.381773 0.010309 0.030040
0 0.281678 0.522919 0.013278 0.062901
0 0.179462 0.384996 0.011128 0.028656
0 0.538999 0.396482 0.006614 0.034457
0 0.037283 0.449237 0.013830 0.048761
0 0.493250 0.496912 0.015442 0.056849
0 0.225037 0.470668 0.012669 0.047811
0 0.499210 0.399922 0.008356 0.032726
0 0.026516 0.573782 0.019133 0.067550
0 0.445010 0.378802 0.008735 0.026907
2 0.381555 0.424317 0.009478 0.043237
0 0.634917 0.437706 0.007300 0.045036
0 0.034241 0.537960 0.021791 0.074062
0 0.022559 0.506018 0.015275 0.058643
0 0.422111 0.385987 0.010101 0.025582
0 0.335052 0.411065 0.009216 0.036808
0 0.248935 0.459625 0.011205 0.041986
0 0.125690 0.404272 0.007055 0.031510
0 0.326930 0.384248 0.007758 0.018786
0 0.350153 0.666189 0.025775 0.079780
0 0.246649 0.455452 0.008680 0.035728
0 0.346033 0.662388 0.018311 0.071550
2 0.098756 0.383928 0.008390 0.027911