0 0.471678 0.389283 0.008746 0.027767
0 0.638214 0.473287 0.020385 0.051383
0 0.159666 0.428595 0.016723 0.042232
0 0.309785 0.455899 0.012559 0.044790
0 0.105722 0.470630 0.010551 0.049088
0 0.208702 0.463675 0.013697 0.050569
0 0.532804 0.489119 0.021665 0.052703
0 0.485470 0.433898 0.011527 0.038362
0 0.179883 0.494014 0.022536 0.056741
0 0.193117 0.444120 0.012352 0.044890
0 0.229559 0.490733 0.012920 0.050704
0 0.290422 0.421494 0.009596 0.037112
0 0.343406 0.432029 0.013369 0.040361
0 0.541314 0.411977 0.013463 0.033742
0 0.495705 0.496772 0.023056 0.052787
0 0.226644 0.401939 0.010587 0.032634
2 0.359878 0.459084 0.012845 0.041751
0 0.868478 0.413707 0.016558 0.036899
0 0.448822 0.388489 0.009794 0.030277
0 0.902225 0.376214 0.007425 0.029399
2 0.236771 0.369304 0.007432 0.026375
0 0.415929 0.503608 0.019952 0.054727
0 0.570962 0.406560 0.007888 0.022869
2 0.983210 0.784437 0.030739 0.079989
0 0.567613 0.412178 0.010983 0.031764
0 0.375607 0.522526 0.015379 0.029751
0 0.373311 0.534308 0.020332 0.053659
0 0.371213 0.539351 0.016117 0.042915
0 0.418755 0.500545 0.014954 0.048912
2 0.979173 0.786745 0.040666 0.087287
0 0.396852 0.207131 0.007494 0.042116