0 0.453525 0.408512 0.008324 0.036943
0 0.679077 0.446254 0.008956 0.044534
0 0.516062 0.442253 0.007982 0.046271
0 0.546315 0.388836 0.007324 0.030901
0 0.915608 0.452531 0.010205 0.047997
0 0.558315 0.409424 0.008030 0.037599
0 0.431708 0.416747 0.008616 0.037152
0 0.491862 0.397425 0.008227 0.034252
0 0.835884 0.402044 0.008109 0.031808
0 0.712161 0.467551 0.011433 0.052811
0 0.359731 0.446366 0.013197 0.037466
0 0.198362 0.474396 0.010553 0.053521
2 0.500671 0.446168 0.008377 0.046383
0 0.531916 0.424662 0.007927 0.036505
0 0.644932 0.372409 0.005894 0.026719
0 0.375064 0.428284 0.013033 0.037509
2 0.664889 0.357896 0.005943 0.024654
0 0.719830 0.476570 0.010804 0.054305
0 0.380844 0.463328 0.018245 0.045082
0 0.415206 0.380636 0.009800 0.030585
0 0.491439 0.425689 0.007183 0.033306
0 0.406557 0.430896 0.009804 0.029386
0 0.405866 0.426634 0.010221 0.036971
0 0.719286 0.488058 0.009307 0.032954
0 0.384080 0.460523 0.012068 0.039969
2 0.890824 0.940219 0.036121 0.119561