0 0.545831 0.523159 0.016671 0.064959
0 0.401674 0.516802 0.021182 0.060368
0 0.664579 0.474250 0.013018 0.047823
0 0.728136 0.416659 0.008809 0.035189
0 0.602977 0.417505 0.008698 0.038282
0 0.668880 0.508373 0.014726 0.045384
0 0.789454 0.401960 0.015762 0.032188
0 0.697383 0.469685 0.014045 0.050032
0 0.780073 0.597824 0.018559 0.077315
0 0.663365 0.562825 0.017486 0.068870
0 0.441670 0.480693 0.011913 0.049827
1 0.418402 0.393747 0.009239 0.032317
2 0.714748 0.526687 0.017041 0.057203
0 0.441108 0.471812 0.009814 0.036820
0 0.780856 0.612901 0.017536 0.047946
0 0.668522 0.563253 0.027932 0.068799