0 0.452526 0.489892 0.009741 0.052059
0 0.630860 0.426390 0.008947 0.040494
0 0.813870 0.419000 0.008920 0.040864
0 0.586556 0.448985 0.011446 0.048286
0 0.845184 0.494883 0.013564 0.058478
0 0.855891 0.426104 0.009325 0.045313
0 0.980738 0.583421 0.015457 0.078196
0 0.752816 0.390645 0.007737 0.031273
0 0.505880 0.398688 0.008900 0.036203
0 0.736711 0.379512 0.006408 0.031048
0 0.567813 0.382721 0.006236 0.031045
0 0.832326 0.817852 0.033839 0.120802
0 0.922820 0.661585 0.022141 0.095469
0 0.511846 0.369021 0.006776 0.028262
2 0.495571 0.380307 0.005388 0.027609
0 0.475477 0.370447 0.008967 0.036074
0 0.369534 0.401233 0.006720 0.028948