0 0.761017 0.531093 0.015780 0.070959
0 0.540114 0.412705 0.008980 0.038027
0 0.674806 0.479905 0.014010 0.054881
0 0.465975 0.389592 0.011537 0.029967
0 0.467552 0.504573 0.010170 0.060403
0 0.659566 0.716948 0.021298 0.106663
0 0.226005 0.397587 0.012246 0.036087
0 0.492737 0.440368 0.008718 0.048767
0 0.593693 0.418149 0.009088 0.037738
0 0.686419 0.389339 0.006091 0.028224
0 0.707686 0.412298 0.011344 0.035278
0 0.592727 0.377564 0.006407 0.026623
0 0.671533 0.384973 0.009738 0.027195
0 0.575817 0.398337 0.007160 0.030919
0 0.733044 0.461253 0.011506 0.052581
0 0.501836 0.436428 0.009435 0.040518
0 0.217118 0.490314 0.017331 0.054231
0 0.483542 0.376033 0.007574 0.024610
0 0.337222 0.408527 0.011158 0.037302
2 0.560368 0.409842 0.010934 0.033474
0 0.564726 0.394635 0.006910 0.030022
2 0.954806 0.940044 0.038800 0.119912
0 0.553324 0.365611 0.009247 0.022174
0 0.640915 0.206065 0.007654 0.040884
2 0.561304 0.404863 0.011808 0.041128