0 0.481398 0.563263 0.017385 0.074619
0 0.690769 0.522808 0.011568 0.064317
0 0.932151 0.445292 0.013908 0.043210
0 0.912304 0.480776 0.021906 0.048187
0 0.731961 0.430487 0.014046 0.042227
0 0.678699 0.390166 0.006262 0.034261
0 0.990185 0.715515 0.019630 0.109615
0 0.631039 0.400492 0.009177 0.031408
0 0.911631 0.435138 0.010548 0.041632
0 0.420496 0.424793 0.011001 0.040130
0 0.473103 0.389991 0.008121 0.033045
2 0.853354 0.445542 0.017290 0.048259
0 0.845217 0.398041 0.009166 0.030837
0 0.916647 0.407667 0.011548 0.035522
0 0.635845 0.436694 0.012136 0.026652
0 0.979722 0.190253 0.010572 0.046704
3 0.450978 0.416914 0.004410 0.006796
0 0.680355 0.362330 0.007485 0.026308