0 0.423900 0.380592 0.006482 0.027466
0 0.561285 0.381318 0.006369 0.025108
0 0.697506 0.404995 0.012735 0.037104
2 0.502805 0.385913 0.009122 0.029357
0 0.245748 0.441875 0.013052 0.044743
0 0.494407 0.416203 0.012493 0.035572
0 0.468028 0.385861 0.009820 0.028439
0 0.562929 0.419507 0.012506 0.037961
0 0.362996 0.383588 0.006506 0.029818
0 0.313939 0.403237 0.006739 0.029817
0 0.537686 0.376765 0.008210 0.028738
0 0.651665 0.383857 0.008197 0.028884
2 0.448706 0.356981 0.004950 0.024499
0 0.509711 0.362144 0.005156 0.022311
0 0.401039 0.372505 0.005533 0.026862
0 0.396182 0.372609 0.006402 0.026777
0 0.467403 0.364607 0.007483 0.024404
0 0.551373 0.366649 0.007697 0.020315
0 0.541543 0.360134 0.006173 0.020760
0 0.468162 0.362162 0.007178 0.027714
0 0.466321 0.365561 0.006803 0.022855
0 0.469579 0.385040 0.007794 0.028693
0 0.473646 0.362010 0.004919 0.023845
2 0.684571 0.867731 0.031309 0.100686
0 0.467213 0.360845 0.008324 0.023935
0 0.190776 0.387640 0.005911 0.032846
0 0.469216 0.360549 0.006223 0.024804