0 0.425510 0.505517 0.014201 0.060248
0 0.396675 0.514797 0.012150 0.062575
0 0.685931 0.547297 0.013415 0.075387
0 0.257848 0.397944 0.006953 0.034757
0 0.117683 0.406464 0.006510 0.033771
0 0.443778 0.391201 0.007286 0.033788
0 0.155155 0.437166 0.010142 0.043373
0 0.481569 0.368602 0.006469 0.027376
0 0.492417 0.358577 0.005680 0.022317
0 0.022834 0.540497 0.018891 0.082721
0 0.275796 0.371630 0.004830 0.022923
0 0.079310 0.716345 0.036791 0.107612
2 0.391525 0.434435 0.008725 0.042291
2 0.920239 0.468103 0.009059 0.043793
0 0.549233 0.428926 0.012797 0.041153
0 0.676975 0.417103 0.006712 0.038928
0 0.074081 0.717326 0.026178 0.106659
0 0.017674 0.542555 0.029390 0.081027
0 0.014131 0.523564 0.018618 0.052480