0 0.283572 0.405274 0.010516 0.034774
0 0.522196 0.462048 0.012080 0.053496
2 0.303801 0.412401 0.008789 0.037742
0 0.355270 0.402510 0.009547 0.036771
0 0.453542 0.420131 0.007436 0.040873
0 0.374346 0.422304 0.008454 0.040056
0 0.367632 0.478046 0.008571 0.053943
0 0.408023 0.421528 0.007273 0.042550
0 0.074377 0.407715 0.010958 0.033151
0 0.267813 0.400395 0.009583 0.035578
0 0.392645 0.383479 0.011349 0.030980
0 0.153860 0.433526 0.013577 0.034527
0 0.255079 0.385150 0.007820 0.028971
0 0.096633 0.477976 0.011667 0.055053
2 0.865119 0.543286 0.012112 0.064616
0 0.499194 0.386582 0.007584 0.031789
0 0.089599 0.471296 0.011647 0.057452
0 0.864942 0.537910 0.011440 0.053574
0 0.264768 0.370415 0.004837 0.018475
0 0.015365 0.190346 0.010821 0.047131
0 0.739691 0.613766 0.016632 0.086253
0 0.550542 0.359312 0.005323 0.024081
2 0.003676 0.391876 0.007238 0.031025
0 0.090214 0.460341 0.010998 0.034947