0 0.547249 0.481258 0.012118 0.053261
0 0.833865 0.561216 0.020313 0.081463
0 0.676910 0.477984 0.016176 0.055170
0 0.449503 0.421211 0.007855 0.041054
0 0.420060 0.419513 0.011196 0.043123
0 0.779246 0.466187 0.013926 0.051342
0 0.597786 0.391593 0.006249 0.033772
0 0.468728 0.462614 0.010322 0.046618
0 0.993974 0.421972 0.011562 0.039302
0 0.580072 0.683344 0.025300 0.091709
0 0.954224 0.445970 0.016620 0.045406
0 0.966525 0.597899 0.020847 0.081635
0 0.622495 0.644509 0.025494 0.087791
0 0.253098 0.469281 0.009391 0.038777
0 0.404243 0.466482 0.014415 0.049855
0 0.433615 0.411063 0.009424 0.035237
0 0.260150 0.504105 0.012468 0.053536
0 0.994239 0.643651 0.011521 0.096696
2 0.611329 0.352493 0.006723 0.022861
2 0.393534 0.464618 0.008031 0.049260
0 0.994440 0.624683 0.011120 0.050652
0 0.393667 0.464549 0.008295 0.048585
0 0.934594 0.968832 0.027446 0.062336
0 0.995569 0.668285 0.008862 0.050220