0 0.740705 0.403612 0.009539 0.036577
0 0.607793 0.388766 0.009172 0.029235
0 0.812919 0.411493 0.012155 0.038046
0 0.716699 0.391494 0.007957 0.032096
0 0.565860 0.402486 0.005506 0.032568
0 0.904759 0.469147 0.014554 0.047930
0 0.702384 0.446447 0.014914 0.042584
0 0.475090 0.418572 0.008359 0.025155
0 0.447200 0.395169 0.009617 0.028304
0 0.765398 0.384079 0.006360 0.027372
0 0.589332 0.379421 0.007556 0.027613
0 0.456477 0.395444 0.013834 0.028512
0 0.559300 0.376909 0.006303 0.022504
2 0.636846 0.387354 0.008488 0.028841
0 0.554569 0.441438 0.007395 0.037111
0 0.177563 0.402869 0.006982 0.034424
0 0.594315 0.366274 0.005274 0.023978
2 0.486616 0.365380 0.007307 0.022923
0 0.528114 0.367981 0.006838 0.026484
0 0.551330 0.366867 0.006933 0.023546
0 0.608593 0.369884 0.005698 0.023680
0 0.531011 0.206065 0.007065 0.039544