0 0.510016 0.405078 0.006474 0.037332
0 0.691196 0.439146 0.010434 0.045797
0 0.519655 0.376255 0.009001 0.028745
2 0.484059 0.410719 0.008824 0.038063
0 0.445597 0.382721 0.007536 0.034105
0 0.538957 0.382697 0.010734 0.029254
0 0.473940 0.402611 0.008885 0.035047
0 0.500151 0.380636 0.006106 0.028180
0 0.556218 0.381662 0.006896 0.032342
0 0.551522 0.383875 0.005907 0.027508
0 0.491729 0.388892 0.009186 0.030791
0 0.434063 0.382907 0.006832 0.031697
0 0.414310 0.391558 0.009721 0.031325
0 0.478599 0.377653 0.008668 0.031029
2 0.580517 0.348744 0.006442 0.021049
2 0.868752 0.935498 0.037535 0.129004
2 0.474212 0.403164 0.009331 0.034393