0 0.379627 0.401490 0.011375 0.038832
0 0.622602 0.377273 0.005998 0.029836
0 0.333596 0.485540 0.016348 0.057365
0 0.434803 0.387824 0.005833 0.030900
0 0.287714 0.413313 0.008319 0.040111
0 0.259310 0.477733 0.014101 0.052937
0 0.699459 0.402397 0.006723 0.038331
0 0.666379 0.399022 0.006058 0.033599
0 0.562798 0.386605 0.006898 0.030807
0 0.586742 0.375368 0.006700 0.027253
0 0.476796 0.371107 0.008321 0.026989
0 0.644600 0.442655 0.007888 0.044908
0 0.295950 0.384146 0.007763 0.029240
0 0.349263 0.408638 0.012915 0.034968
2 0.497752 0.383342 0.005993 0.030240
0 0.462427 0.382010 0.007992 0.024704
0 0.566615 0.365404 0.004654 0.023049
0 0.582177 0.359762 0.006814 0.022874
0 0.727797 0.384318 0.007476 0.031591
0 0.403508 0.369287 0.005850 0.024033
0 0.353353 0.393942 0.005695 0.030517
2 0.197978 0.374747 0.006583 0.026823
0 0.380704 0.372277 0.005471 0.024116
0 0.778723 0.370391 0.005830 0.028621
0 0.297842 0.203690 0.007754 0.041786