0 0.578511 0.407220 0.008260 0.036871
0 0.518181 0.391578 0.007037 0.032995
0 0.547899 0.393862 0.010234 0.032461
0 0.725964 0.410494 0.006831 0.033491
0 0.660315 0.442066 0.014496 0.049614
0 0.538899 0.367533 0.004723 0.024389
0 0.479883 0.384921 0.006462 0.030054
0 0.499651 0.392550 0.007992 0.032411
0 0.517955 0.361027 0.005476 0.020869
2 0.492799 0.398922 0.007432 0.033935
0 0.453893 0.387082 0.007060 0.032676
0 0.444689 0.386900 0.007070 0.030416
0 0.358284 0.394659 0.009331 0.031916
0 0.492773 0.398212 0.007816 0.033372
0 0.453076 0.383514 0.008335 0.037100
2 0.804300 0.915133 0.032767 0.138802
0 0.417174 0.377117 0.006793 0.028699