0 0.135625 0.461355 0.008387 0.044688
0 0.252665 0.400250 0.008527 0.036882
0 0.251266 0.430473 0.008992 0.040775
0 0.301316 0.410612 0.010907 0.039136
0 0.407878 0.432263 0.008664 0.042211
0 0.513422 0.407199 0.007440 0.037641
0 0.485176 0.392784 0.006432 0.031960
0 0.381497 0.404557 0.009544 0.038562
0 0.186551 0.430291 0.011350 0.048482
0 0.094431 0.621080 0.022576 0.083987
0 0.464937 0.472103 0.011133 0.055864
0 0.198129 0.465253 0.009777 0.050961
0 0.150047 0.449530 0.007346 0.045575
0 0.063920 0.728230 0.044631 0.108267
0 0.166073 0.450758 0.012581 0.047301
0 0.170346 0.440811 0.008503 0.042480
0 0.543947 0.381778 0.005488 0.028012
2 0.583078 0.827487 0.030595 0.082423
0 0.523435 0.377011 0.007269 0.029435
2 0.311520 0.365895 0.009078 0.025262
0 0.531802 0.378971 0.007763 0.029188
0 0.530477 0.377742 0.007500 0.028792
0 0.168063 0.447321 0.011919 0.053948
0 0.200963 0.465205 0.015570 0.051480