0 0.371157 0.422962 0.011462 0.041106
0 0.530261 0.481394 0.010597 0.056042
0 0.621112 0.501196 0.015723 0.058688
0 0.752588 0.436214 0.012633 0.045886
0 0.571523 0.390667 0.005775 0.031501
0 0.635353 0.386692 0.008193 0.032230
0 0.423602 0.381641 0.005069 0.030221
0 0.242346 0.427735 0.008425 0.038399
0 0.506079 0.403684 0.006660 0.035013
0 0.280465 0.402796 0.009230 0.036549
0 0.614514 0.402365 0.009829 0.018916
0 0.765309 0.406294 0.008247 0.034937
0 0.384280 0.360583 0.007346 0.026140
2 0.438998 0.384222 0.008249 0.030802
0 0.580668 0.373539 0.006863 0.024955
0 0.389330 0.356830 0.004973 0.022143
0 0.432982 0.376162 0.006136 0.029199
0 0.584796 0.373869 0.004496 0.025278
0 0.582619 0.372315 0.005635 0.026027
0 0.768495 0.403710 0.006844 0.035992
2 0.776865 0.902983 0.029819 0.116574