0 0.402963 0.511053 0.019896 0.054706
0 0.506679 0.551053 0.017814 0.076207
0 0.234159 0.416371 0.010611 0.038485
0 0.522942 0.467148 0.008514 0.053027
0 0.507101 0.407239 0.007278 0.034373
0 0.477598 0.527946 0.013796 0.063357
0 0.363318 0.451475 0.016156 0.043852
0 0.329972 0.429050 0.009286 0.040099
0 0.538433 0.488270 0.014410 0.057381
0 0.424919 0.415766 0.011305 0.039270
0 0.549429 0.430487 0.008392 0.042800
0 0.178980 0.520430 0.019267 0.066086
0 0.007713 0.563389 0.015425 0.053794
0 0.554186 0.423173 0.005893 0.034149
2 0.404458 0.460145 0.011157 0.054380
0 0.865841 0.835004 0.034859 0.092603
0 0.142793 0.456763 0.020766 0.048704
2 0.324728 0.364649 0.006985 0.025084
0 0.004738 0.563563 0.009476 0.055419
0 0.404604 0.459911 0.010803 0.054333
0 0.183096 0.516556 0.014638 0.060142
2 0.865715 0.850380 0.035487 0.121655
0 0.181042 0.510146 0.017671 0.047819