0 0.434939 0.561441 0.016116 0.067415
0 0.664050 0.537763 0.015862 0.068297
0 0.442410 0.433442 0.012214 0.032318
0 0.368130 0.428190 0.009136 0.039639
2 0.568690 0.467591 0.011639 0.048848
0 0.393178 0.424171 0.010612 0.052763
2 0.548278 0.466907 0.008872 0.050680
0 0.412882 0.424766 0.008501 0.041028
0 0.651496 0.531856 0.013423 0.069953
0 0.408377 0.431585 0.008168 0.043152
0 0.381625 0.420717 0.008953 0.037858
2 0.557976 0.467994 0.009559 0.050256
0 0.382921 0.441479 0.009360 0.030076
0 0.624142 0.503623 0.014605 0.039934
0 0.609116 0.532064 0.014981 0.064603
0 0.383141 0.434211 0.009937 0.046081
0 0.648267 0.531656 0.018962 0.068486
0 0.382147 0.425554 0.010188 0.048189
0 0.642254 0.530870 0.012985 0.063815