0 0.471859 0.402260 0.009690 0.038289
0 0.416626 0.416313 0.008414 0.037556
0 0.397719 0.391466 0.007143 0.033281
0 0.411333 0.388341 0.005312 0.030904
0 0.428816 0.398826 0.006588 0.033393
0 0.515821 0.377287 0.005253 0.027251
0 0.368001 0.402828 0.008447 0.035892
0 0.304369 0.420956 0.006779 0.036233
0 0.376893 0.404750 0.007420 0.035574
0 0.532948 0.378519 0.006878 0.028169
2 0.552209 0.357381 0.006097 0.024745
0 0.526718 0.378454 0.006603 0.028558
0 0.298211 0.434985 0.009174 0.037358
0 0.350830 0.406322 0.007646 0.033450
0 0.338115 0.410560 0.006107 0.034043
0 0.380749 0.393151 0.005680 0.026861
0 0.349574 0.399620 0.009383 0.034688
0 0.344162 0.414442 0.007921 0.039322
0 0.296681 0.418657 0.007647 0.028674
0 0.349029 0.395451 0.007892 0.026585
0 0.296205 0.415246 0.006940 0.022923
0 0.342078 0.411568 0.007032 0.035556
2 0.745772 0.911613 0.034740 0.132400