0 0.435615 0.393485 0.009718 0.033147
0 0.225967 0.520792 0.016954 0.060056
0 0.301134 0.411428 0.009045 0.035829
0 0.111973 0.466384 0.011495 0.050606
0 0.258396 0.386368 0.006628 0.029591
0 0.175213 0.418206 0.008520 0.040016
0 0.570483 0.397194 0.008141 0.032999
0 0.409919 0.378324 0.005108 0.025091
0 0.636202 0.445617 0.009736 0.045212
0 0.516710 0.383745 0.006104 0.028646
0 0.459487 0.396261 0.010149 0.035396
0 0.603166 0.398056 0.009270 0.025715
0 0.393633 0.457190 0.009898 0.046753
0 0.270417 0.422944 0.008575 0.037611
0 0.405862 0.404126 0.006447 0.035142
0 0.615250 0.403988 0.009321 0.036048
0 0.395143 0.403189 0.008724 0.035052
2 0.364100 0.411033 0.008364 0.034568
0 0.647089 0.401314 0.008752 0.030788
0 0.098933 0.408655 0.009319 0.038149
0 0.652176 0.391206 0.005943 0.024999
0 0.093102 0.403078 0.009592 0.031272
2 0.142875 0.378588 0.007570 0.026536