0 0.353085 0.418507 0.012103 0.038766
0 0.347946 0.549470 0.017706 0.069803
0 0.367954 0.510901 0.013575 0.058819
0 0.864226 0.502685 0.011168 0.062427
0 0.784819 0.434828 0.011652 0.042017
0 0.523438 0.392028 0.008598 0.031231
0 0.633899 0.537252 0.015960 0.073910
0 0.456933 0.405454 0.009416 0.038701
0 0.704484 0.643445 0.025293 0.094644
0 0.483090 0.438802 0.007997 0.044013
0 0.823876 0.478481 0.011697 0.056768
0 0.494318 0.388278 0.008341 0.031779
0 0.323617 0.416857 0.008190 0.035804
0 0.386106 0.401335 0.008608 0.034587
0 0.425633 0.396476 0.012751 0.034721
0 0.256119 0.432488 0.009329 0.041089
0 0.717284 0.560855 0.013221 0.055222
0 0.200968 0.442307 0.009319 0.033555
0 0.416961 0.394622 0.007074 0.032047
2 0.392723 0.465776 0.007826 0.051934