0 0.590040 0.552464 0.013018 0.065762
0 0.564913 0.443833 0.009540 0.043635
0 0.574179 0.380201 0.008400 0.026478
0 0.722726 0.450511 0.014662 0.044958
0 0.292756 0.432878 0.008064 0.042511
0 0.403541 0.375653 0.006093 0.026781
0 0.811273 0.450556 0.012805 0.045614
0 0.671396 0.393171 0.009163 0.025156
0 0.405701 0.411773 0.009656 0.033687
0 0.304986 0.410831 0.010229 0.040770
0 0.619542 0.384390 0.010376 0.030606
0 0.372357 0.374645 0.006255 0.027428
0 0.323142 0.379401 0.006721 0.029485
0 0.460192 0.384504 0.007095 0.027001
0 0.702023 0.394839 0.008046 0.031401
0 0.730690 0.414063 0.009546 0.034700
2 0.540867 0.401604 0.007809 0.035393
0 0.445829 0.384886 0.007692 0.026865
0 0.860357 0.402207 0.007849 0.034136
0 0.570972 0.368156 0.005828 0.023401
0 0.463401 0.405084 0.008923 0.033720
0 0.613078 0.373453 0.007211 0.026307
2 0.332217 0.367683 0.005376 0.024998
0 0.007905 0.425857 0.010366 0.043147