0 0.464159 0.460058 0.017275 0.049676
0 0.589253 0.398164 0.006277 0.032876
0 0.554285 0.455883 0.009062 0.047504
0 0.464154 0.381605 0.007828 0.028652
0 0.413560 0.426205 0.012362 0.041876
0 0.529332 0.392996 0.007127 0.031976
0 0.366116 0.389585 0.006292 0.030229
0 0.193002 0.434815 0.010203 0.043781
0 0.523783 0.372188 0.006315 0.028128
0 0.600630 0.386529 0.007451 0.033321
0 0.435314 0.375664 0.007099 0.027200
0 0.635154 0.404406 0.007290 0.036829
0 0.609597 0.388760 0.010151 0.033798
0 0.400489 0.415402 0.007335 0.037467
0 0.225476 0.408468 0.009018 0.037870
0 0.205661 0.429508 0.011385 0.038538
2 0.109067 0.382538 0.007690 0.032310
0 0.627421 0.410227 0.006884 0.036864
0 0.550130 0.365413 0.006759 0.024769
0 0.621572 0.363883 0.005518 0.027244
0 0.364292 0.374280 0.005273 0.019261
0 0.493600 0.372610 0.006385 0.025920
0 0.091411 0.195347 0.009803 0.045409
2 0.498894 0.377231 0.009116 0.027703
0 0.511681 0.349568 0.004765 0.020621