0 0.869364 0.555029 0.016578 0.073654
0 0.629581 0.424483 0.008825 0.041476
0 0.594777 0.387357 0.008944 0.032879
0 0.709468 0.406423 0.009007 0.036066
0 0.678023 0.440977 0.008415 0.047556
0 0.548987 0.429457 0.011804 0.042791
0 0.559096 0.415937 0.007780 0.039347
0 0.889511 0.493720 0.012507 0.055160
0 0.811176 0.674810 0.021356 0.093162
0 0.448142 0.436367 0.009342 0.043337
2 0.509387 0.431151 0.007356 0.042650
0 0.826597 0.643377 0.015958 0.092322
0 0.439302 0.427491 0.009122 0.025718
0 0.891386 0.455044 0.009313 0.038317
0 0.994898 0.467028 0.009912 0.050516
0 0.982707 0.454629 0.018696 0.049066
0 0.898099 0.399786 0.009514 0.031645
0 0.919765 0.462263 0.013677 0.055005
0 0.800832 0.376146 0.006665 0.028946
2 0.555818 0.362284 0.007326 0.025110