0 0.453175 0.441978 0.012383 0.050304
0 0.408321 0.397484 0.007067 0.034370
0 0.457446 0.389816 0.006175 0.032350
0 0.475758 0.380988 0.007236 0.029511
0 0.426404 0.390574 0.005287 0.032100
0 0.574168 0.415253 0.006118 0.037242
2 0.507213 0.381014 0.006095 0.030934
0 0.351844 0.413074 0.006295 0.036512
0 0.501327 0.376094 0.006084 0.028935
0 0.293399 0.441679 0.008408 0.041811
0 0.363270 0.415785 0.008204 0.038251
0 0.331833 0.420326 0.010532 0.042502
0 0.385789 0.401321 0.007072 0.036903
0 0.391197 0.407951 0.006420 0.037768
0 0.581422 0.376591 0.006378 0.028708
0 0.368386 0.408146 0.005942 0.033758
0 0.575755 0.377497 0.007925 0.030024
0 0.578278 0.356880 0.006297 0.025235
0 0.889755 0.197842 0.009727 0.047713
0 0.388122 0.402172 0.007323 0.040409