0 0.416163 0.462646 0.010098 0.050288
0 0.372192 0.474803 0.012841 0.051714
0 0.326875 0.482202 0.011370 0.050765
0 0.701762 0.518201 0.012752 0.062642
0 0.977365 0.598425 0.021447 0.076880
0 0.823112 0.490546 0.013189 0.057870
0 0.578243 0.739070 0.025897 0.111928
0 0.557750 0.529527 0.013436 0.067669
0 0.724316 0.421196 0.009169 0.041870
0 0.716251 0.431156 0.012689 0.047053
0 0.682558 0.358526 0.005913 0.025523
0 0.395708 0.790481 0.025349 0.135881
0 0.911270 0.457019 0.010712 0.041856
0 0.706899 0.420839 0.007919 0.033937
0 0.916995 0.478595 0.016396 0.054087
0 0.476572 0.798659 0.020446 0.102663
0 0.706364 0.426980 0.010131 0.048678