0 0.797364 0.545913 0.015262 0.076588
0 0.482026 0.582251 0.015866 0.075935
0 0.367924 0.409125 0.007549 0.036768
0 0.490936 0.386236 0.006694 0.031372
0 0.741609 0.413763 0.006291 0.039005
0 0.338375 0.389232 0.007202 0.031465
0 0.531292 0.405445 0.007840 0.035098
0 0.434560 0.474604 0.012584 0.044073
0 0.631820 0.398385 0.006703 0.031363
0 0.499624 0.495094 0.010079 0.056408
0 0.265701 0.410343 0.008402 0.040727
0 0.197562 0.460780 0.011856 0.052228
0 0.348669 0.427114 0.008575 0.046032
0 0.696525 0.435856 0.007979 0.046740
0 0.474288 0.427314 0.012099 0.044093
0 0.474472 0.396762 0.007565 0.030410
0 0.487386 0.513713 0.012414 0.060471
0 0.449404 0.546435 0.009675 0.071519
0 0.150000 0.522587 0.012254 0.065857
0 0.473485 0.472136 0.008615 0.052887
2 0.556368 0.474486 0.012623 0.053711
0 0.556305 0.474572 0.012855 0.053863
2 0.332218 0.363564 0.006730 0.024764