0 0.195840 0.507248 0.016318 0.061887
0 0.460734 0.397711 0.007320 0.033520
0 0.394156 0.416172 0.007961 0.038828
0 0.513964 0.411346 0.008338 0.038637
0 0.378530 0.410137 0.008467 0.039053
0 0.341651 0.415402 0.008710 0.036378
0 0.422361 0.403692 0.008202 0.039547
0 0.366568 0.464524 0.012869 0.052439
0 0.542778 0.393636 0.008027 0.032788
0 0.499687 0.428381 0.009114 0.039364
0 0.450603 0.388737 0.007110 0.032384
0 0.523891 0.447972 0.012924 0.047956
0 0.245722 0.489360 0.016448 0.053501
0 0.433343 0.388946 0.006032 0.031346
0 0.412699 0.395349 0.008352 0.032929
0 0.495472 0.392769 0.007905 0.031699
0 0.487966 0.384387 0.007557 0.030782
0 0.681974 0.428380 0.009134 0.038924
2 0.458002 0.449631 0.007446 0.046597
0 0.242040 0.456906 0.009749 0.048247
2 0.870215 0.942766 0.033152 0.114467
3 0.151444 0.515709 0.006614 0.009573
2 0.633241 0.354774 0.005743 0.022969
0 0.420831 0.378331 0.006289 0.028268