0 0.679771 0.403215 0.007928 0.035045
0 0.707490 0.418942 0.009633 0.042150
0 0.839119 0.561701 0.018941 0.073248
0 0.649220 0.394690 0.007500 0.033444
0 0.613673 0.418130 0.009355 0.037908
0 0.427718 0.375041 0.006565 0.028256
0 0.606016 0.397636 0.008343 0.032403
0 0.760153 0.474783 0.016127 0.053285
0 0.512988 0.384782 0.007540 0.030668
0 0.557714 0.401201 0.005948 0.032693
0 0.485991 0.385656 0.007236 0.030731
0 0.470147 0.383723 0.005732 0.027748
0 0.750549 0.449905 0.011899 0.044073
0 0.915944 0.407131 0.014895 0.039626
0 0.484369 0.426535 0.007843 0.037374
0 0.075589 0.433669 0.013159 0.044831
0 0.562860 0.387707 0.007180 0.033668
2 0.461978 0.385136 0.006303 0.028496
0 0.581932 0.385198 0.005688 0.023071
2 0.387874 0.366229 0.006851 0.025912
0 0.507228 0.382186 0.006382 0.028761
0 0.578713 0.399601 0.008573 0.037987
0 0.478450 0.434142 0.005487 0.041694
0 0.482537 0.428216 0.006956 0.039401
0 0.761723 0.469641 0.012625 0.042077
0 0.580226 0.391273 0.006391 0.028178