0 0.640431 0.510079 0.010580 0.061187
0 0.523089 0.554569 0.015406 0.070769
0 0.367409 0.527663 0.019007 0.064766
0 0.666172 0.439067 0.010532 0.046127
0 0.466820 0.537893 0.016095 0.067049
0 0.719239 0.457834 0.010936 0.050340
0 0.413800 0.447893 0.013457 0.045484
0 0.665566 0.397946 0.006362 0.034941
0 0.944274 0.425495 0.011879 0.041565
0 0.980932 0.680715 0.026698 0.097050
0 0.506933 0.428593 0.008633 0.043284
2 0.725420 0.364072 0.007281 0.027121
2 0.600990 0.546088 0.018451 0.067582
0 0.235711 0.566074 0.016481 0.054638
0 0.432179 0.465113 0.008143 0.048308
2 0.346979 0.402096 0.007627 0.037971