0 0.538871 0.420758 0.010527 0.039263
0 0.422102 0.431820 0.010307 0.041254
0 0.446824 0.436490 0.009638 0.037791
0 0.909778 0.518618 0.016681 0.062041
0 0.242506 0.404067 0.012707 0.036588
0 0.839992 0.434142 0.017240 0.044243
0 0.593746 0.451523 0.014488 0.042342
0 0.842998 0.404576 0.010287 0.035265
0 0.799372 0.391619 0.008190 0.031144
0 0.880810 0.433269 0.017088 0.043433
0 0.772615 0.451778 0.010415 0.049841
0 0.925954 0.474037 0.012387 0.052666
0 0.454235 0.450979 0.013051 0.045520
0 0.784914 0.432977 0.011244 0.048362
0 0.626529 0.455786 0.010041 0.044435
0 0.634834 0.386007 0.006591 0.023438
0 0.507283 0.393462 0.008340 0.033403
0 0.861011 0.449749 0.009413 0.043417
0 0.585916 0.500439 0.016089 0.055473
0 0.515112 0.445580 0.012289 0.042799
0 0.623891 0.433497 0.006942 0.037317
0 0.507677 0.464711 0.013245 0.052994
2 0.568887 0.363715 0.006392 0.020831