0 0.823701 0.402731 0.008935 0.034891
0 0.696538 0.539777 0.016730 0.070469
0 0.716069 0.471537 0.011299 0.051915
0 0.430351 0.401834 0.010107 0.036465
0 0.712945 0.755034 0.023763 0.123855
0 0.611226 0.409812 0.010041 0.035097
0 0.880592 0.479033 0.013779 0.053710
0 0.519510 0.439185 0.017167 0.044786
0 0.588361 0.391402 0.008639 0.032770
0 0.668284 0.429962 0.008893 0.039783
0 0.700410 0.483029 0.010817 0.057353
0 0.955679 0.413848 0.010336 0.036395
0 0.374641 0.454725 0.012390 0.046257
0 0.788441 0.386908 0.009014 0.030902
2 0.806616 0.456459 0.011689 0.049561
2 0.718341 0.367121 0.006776 0.025533
0 0.883284 0.198678 0.009285 0.048263