2 0.365690 0.511330 0.016834 0.070892
0 0.462752 0.474273 0.012428 0.053101
0 0.325167 0.484210 0.013279 0.055809
0 0.145422 0.496202 0.018244 0.068923
0 0.099732 0.542198 0.019040 0.084521
0 0.694588 0.590353 0.023905 0.112649
0 0.393315 0.519448 0.024532 0.049226
0 0.435849 0.499422 0.012435 0.066584
0 0.525005 0.501174 0.023111 0.068559
0 0.292351 0.487869 0.012000 0.058247
0 0.445528 0.513891 0.015292 0.072207
0 0.284339 0.549029 0.034107 0.060222
0 0.284435 0.536838 0.032988 0.086515
0 0.346623 0.490101 0.019111 0.038127
0 0.596936 0.484793 0.016941 0.049488
0 0.271175 0.492509 0.011498 0.039148
2 0.395020 0.469906 0.013360 0.058396
0 0.598714 0.489025 0.014387 0.043354
0 0.445154 0.506077 0.013033 0.056346
0 0.524972 0.513462 0.022877 0.043906
0 0.445710 0.528154 0.014381 0.046586
0 0.269199 0.520810 0.014355 0.052675
0 0.270058 0.509098 0.013176 0.070300