0 0.669332 0.479110 0.014813 0.075700
0 0.640260 0.480117 0.017228 0.078373
0 0.843936 0.494166 0.018334 0.086947
0 0.690293 0.567324 0.026017 0.125777
0 0.503817 0.553621 0.021967 0.106475
0 0.069553 0.454976 0.016848 0.070677
0 0.494722 0.723640 0.034399 0.170871
2 0.384308 0.464606 0.014641 0.067330
0 0.208190 0.497493 0.017660 0.083765
0 0.843601 0.428870 0.013251 0.050439
0 0.234718 0.460060 0.011299 0.070899
0 0.346265 0.426236 0.008430 0.033554
0 0.545443 0.467263 0.010913 0.044545
2 0.577682 0.414913 0.010532 0.031730
0 0.542200 0.507111 0.014991 0.047729
0 0.234821 0.473026 0.010726 0.045418
2 0.239148 0.405574 0.012998 0.043726
0 0.407714 0.777165 0.046255 0.142176