0 0.158202 0.512670 0.021851 0.078764
0 0.233956 0.592832 0.025833 0.103671
0 0.452826 0.536417 0.016358 0.083428
0 0.486878 0.478133 0.012801 0.055693
0 0.112784 0.488788 0.020722 0.063810
0 0.636274 0.487539 0.011053 0.060912
0 0.418585 0.507077 0.010709 0.041598
0 0.223567 0.488601 0.014355 0.055951
0 0.894214 0.522766 0.015253 0.064135
0 0.882404 0.631322 0.033109 0.137538
0 0.458138 0.482554 0.014274 0.055644
0 0.371989 0.480883 0.010876 0.057797
0 0.428266 0.487752 0.012232 0.062410
2 0.620730 0.498143 0.015490 0.084431
0 0.400613 0.492412 0.011689 0.042991
2 0.577313 0.466537 0.012595 0.046443
0 0.419670 0.483938 0.008161 0.047574
0 0.400872 0.481930 0.012768 0.060677
0 0.228264 0.544023 0.030753 0.076997
0 0.219531 0.529035 0.013817 0.045447
0 0.726005 0.548513 0.022629 0.044934
2 0.620434 0.509609 0.014620 0.062612
0 0.726114 0.534517 0.022821 0.072842
0 0.719161 0.505755 0.009322 0.036215
0 0.419358 0.478398 0.008187 0.035276