0 0.614927 0.458547 0.020962 0.065680
2 0.801219 0.468165 0.019375 0.081375
0 0.451026 0.576129 0.025966 0.109086
0 0.501720 0.469866 0.018338 0.068545
0 0.311520 0.418724 0.014259 0.047845
0 0.540453 0.427756 0.011462 0.046839
0 0.194308 0.591280 0.027927 0.139130
0 0.387392 0.440506 0.019788 0.070095
0 0.014768 0.523124 0.029536 0.101818
0 0.196760 0.437801 0.011024 0.062085
0 0.076417 0.409506 0.013078 0.037700
0 0.184731 0.498108 0.023880 0.051657
0 0.478170 0.454443 0.020605 0.066117
0 0.205566 0.423296 0.010318 0.039192
0 0.366725 0.404948 0.009068 0.032544
0 0.173855 0.402762 0.011947 0.039747
0 0.366743 0.425253 0.009113 0.033068
0 0.205850 0.448194 0.012520 0.037330
0 0.186346 0.458461 0.011271 0.037919
0 0.483130 0.438562 0.012937 0.043690
0 0.366669 0.414830 0.009170 0.051596
0 0.482761 0.447273 0.013947 0.062198
0 0.194830 0.612215 0.027323 0.095518