0 0.556765 0.549765 0.021169 0.109822
0 0.578954 0.442696 0.010970 0.066973
0 0.379006 0.479882 0.016578 0.077706
0 0.904478 0.455422 0.015986 0.072771
0 0.180664 0.469451 0.016084 0.080166
0 0.028877 0.475489 0.017770 0.083580
0 0.681753 0.477504 0.012107 0.086031
0 0.147595 0.536542 0.012836 0.065159
0 0.414612 0.428641 0.012497 0.061100
0 0.735581 0.419794 0.012758 0.052479
0 0.397362 0.446049 0.013173 0.065470
0 0.352912 0.546735 0.025548 0.109996
0 0.149446 0.444008 0.014068 0.073451
2 0.221400 0.404555 0.012261 0.046540
2 0.726872 0.529216 0.029259 0.091668
0 0.158063 0.943087 0.050207 0.113825
0 0.148040 0.493993 0.013788 0.047658
1 0.225525 0.839431 0.015457 0.078034
0 0.236705 0.725950 0.048570 0.125191
0 0.681654 0.498059 0.009635 0.045765