0 0.032644 0.462262 0.019282 0.071428
0 0.240653 0.494249 0.023617 0.088168
0 0.576629 0.578339 0.026111 0.117594
0 0.141780 0.427088 0.014905 0.055717
0 0.521433 0.437106 0.008887 0.063988
0 0.535021 0.444757 0.010672 0.042864
0 0.320669 0.458848 0.012235 0.052440
0 0.148055 0.687673 0.031575 0.089300
0 0.606300 0.561500 0.023221 0.113316
0 0.062664 0.685739 0.036453 0.146682
0 0.379844 0.429490 0.012643 0.035347
0 0.409110 0.503995 0.030764 0.067505
0 0.148118 0.665806 0.032779 0.137798
0 0.473312 0.507798 0.033936 0.048185
0 0.473205 0.497776 0.034231 0.064912
2 0.059709 0.578075 0.022563 0.061741
0 0.608138 0.574426 0.018597 0.086179
0 0.608504 0.590213 0.017282 0.054139
0 0.323123 0.487231 0.011576 0.042706
0 0.378533 0.410967 0.012316 0.045101
0 0.379492 0.417990 0.013591 0.057417
0 0.418699 0.399814 0.010777 0.045512
0 0.521233 0.447758 0.008487 0.042785
0 0.473644 0.472493 0.012189 0.039680
1 0.418730 0.399745 0.010811 0.045454