0 0.705283 0.471400 0.013975 0.077434
0 0.631274 0.424350 0.012455 0.055679
0 0.572778 0.549571 0.022278 0.104974
0 0.423084 0.413758 0.013757 0.044557
0 0.491839 0.446051 0.013101 0.063409
0 0.656602 0.448234 0.011094 0.061128
0 0.588049 0.399550 0.010573 0.044295
0 0.189439 0.712114 0.029341 0.147098
0 0.812426 0.717569 0.039217 0.165233
0 0.532422 0.845828 0.045065 0.177321
1 0.938772 0.405041 0.012040 0.046498
0 0.459840 0.532305 0.015877 0.050929
0 0.578351 0.417374 0.010624 0.052090
0 0.456888 0.492852 0.012232 0.048119
0 0.282087 0.399500 0.009941 0.037498
0 0.250080 0.594652 0.014190 0.065487
0 0.540135 0.932312 0.019272 0.087944
0 0.008455 0.485946 0.016115 0.052195
0 0.459375 0.516308 0.016436 0.081215
0 0.482435 0.452020 0.011639 0.055466
0 0.207754 0.746545 0.019886 0.098946
0 0.246510 0.547310 0.020003 0.077793
0 0.008439 0.470785 0.016839 0.079828
2 0.483135 0.452138 0.013252 0.058046
2 0.308169 0.385745 0.009309 0.027149
0 0.938612 0.405101 0.012362 0.047002
0 0.400045 0.395932 0.006735 0.025966