0 0.465361 0.496211 0.016648 0.091259
0 0.870651 0.454243 0.018005 0.072181
0 0.110705 0.473558 0.019287 0.065902
0 0.053091 0.481675 0.016443 0.076008
0 0.151496 0.541477 0.035217 0.105073
0 0.597382 0.483839 0.021312 0.082783
0 0.511770 0.465657 0.009450 0.044446
2 0.167838 0.465343 0.016896 0.063376
0 0.036002 0.482405 0.012966 0.050708
0 0.197235 0.424610 0.013185 0.041415
0 0.265442 0.834387 0.041502 0.164579
0 0.511410 0.434668 0.010515 0.037442
0 0.399850 0.699192 0.028094 0.122990
0 0.317345 0.443410 0.009199 0.037628
0 0.093318 0.482764 0.018598 0.083202
0 0.396490 0.442148 0.010666 0.036957
0 0.317209 0.473992 0.008764 0.035884
0 0.034053 0.450095 0.010467 0.041384
0 0.586876 0.469493 0.012089 0.070768
0 0.395317 0.429753 0.011269 0.058541
0 0.414508 0.778232 0.026648 0.065747
0 0.162862 0.434238 0.008970 0.036663
0 0.161840 0.413993 0.010327 0.036384
0 0.162126 0.421569 0.010185 0.051384
0 0.093011 0.474538 0.015096 0.066671
2 0.201793 0.390140 0.008295 0.033923
0 0.587108 0.458882 0.011469 0.049482
0 0.317524 0.451907 0.008666 0.050690