0 0.445288 0.604666 0.026685 0.116296
0 0.817465 0.512141 0.027899 0.087007
0 0.588385 0.492716 0.017650 0.077701
0 0.198240 0.558013 0.020600 0.100830
0 0.440933 0.491297 0.014988 0.076572
0 0.257907 0.515935 0.020012 0.083611
0 0.484839 0.475441 0.015396 0.075977
0 0.405814 0.491494 0.024224 0.078821
2 0.894772 0.446560 0.014670 0.050493
0 0.668180 0.629858 0.033240 0.051338
2 0.679712 0.527894 0.021829 0.103632
0 0.653380 0.529780 0.018667 0.091306
0 0.708740 0.487649 0.018162 0.045205
0 0.973110 0.588468 0.032763 0.070405
0 0.709075 0.479734 0.018711 0.062717
0 0.708705 0.460345 0.018882 0.037796
0 0.599855 0.466532 0.010796 0.058333
0 0.709188 0.470266 0.019677 0.056524
0 0.672080 0.493078 0.016690 0.037530
0 0.322707 0.476983 0.026151 0.037200