0 0.035878 0.599118 0.024015 0.122521
0 0.951551 0.617049 0.022303 0.126660
0 0.561750 0.478508 0.014245 0.067984
0 0.493311 0.596428 0.024406 0.116380
0 0.319407 0.457992 0.010460 0.057403
0 0.598033 0.495284 0.009839 0.045571
0 0.932635 0.512185 0.021286 0.078228
0 0.419536 0.445643 0.010635 0.051708
0 0.522341 0.449722 0.014457 0.045219
0 0.842401 0.532651 0.018474 0.088151
2 0.508585 0.442160 0.010380 0.050596
0 0.598712 0.466135 0.010840 0.034295
0 0.434991 0.452727 0.011700 0.050018
0 0.840270 0.553520 0.012809 0.046705
0 0.679931 0.472321 0.009994 0.030538