0 0.133121 0.495962 0.019013 0.089505
0 0.066631 0.454356 0.015692 0.071990
0 0.346179 0.458552 0.016051 0.069940
0 0.407383 0.546505 0.024080 0.121622
0 0.217233 0.566693 0.015649 0.112230
0 0.484033 0.426532 0.011015 0.046841
0 0.197995 0.437056 0.015557 0.058402
0 0.818442 0.526842 0.010950 0.048176
0 0.006530 0.718210 0.013059 0.131023
0 0.818235 0.483836 0.011491 0.052222
0 0.554269 0.452403 0.015732 0.065817
0 0.452205 0.559635 0.025934 0.116218
0 0.415580 0.584038 0.007790 0.042681
0 0.443532 0.463751 0.015015 0.055072
0 0.442287 0.483985 0.017739 0.078543
0 0.442214 0.497139 0.017540 0.051527
0 0.495048 0.428558 0.013667 0.053319
0 0.805599 0.426237 0.011860 0.047556
2 0.207045 0.413165 0.009559 0.039804