0 0.133297 0.550995 0.017459 0.099865
0 0.504819 0.442703 0.013607 0.068768
0 0.534316 0.439104 0.015715 0.064177
0 0.922206 0.605925 0.018466 0.078972
0 0.922440 0.580279 0.019156 0.133057
0 0.513702 0.442913 0.009567 0.060235
0 0.646852 0.424728 0.011915 0.035258
0 0.873999 0.608400 0.027990 0.135510
0 0.930946 0.454723 0.021309 0.046015
0 0.929586 0.483148 0.018448 0.049440
0 0.846670 0.449309 0.015837 0.030951
0 0.930799 0.467047 0.021473 0.070907
0 0.879479 0.612947 0.040654 0.126331
0 0.923024 0.553665 0.017853 0.080795
0 0.844658 0.429823 0.011593 0.042243