0 0.865051 0.520519 0.018151 0.077468
2 0.812355 0.541501 0.024241 0.084127
0 0.562843 0.515799 0.019088 0.086216
0 0.604247 0.533638 0.018241 0.092360
0 0.446473 0.484136 0.015306 0.070450
0 0.389576 0.467580 0.016964 0.052624
0 0.212305 0.594240 0.030650 0.122626
0 0.364843 0.526738 0.016414 0.045062
0 0.934971 0.511269 0.016020 0.078023
2 0.756244 0.450667 0.009475 0.046171
0 0.615826 0.463647 0.008936 0.039395
0 0.531276 0.486645 0.012167 0.047218
0 0.358249 0.483247 0.015299 0.058583
0 0.529493 0.462309 0.018331 0.036457
0 0.348113 0.463807 0.013409 0.055974
0 0.211585 0.613696 0.028824 0.080663
0 0.365960 0.492976 0.009018 0.040345
0 0.530571 0.480087 0.015729 0.063046
0 0.365210 0.493417 0.012979 0.039717
0 0.217078 0.592302 0.022904 0.117744