0 0.400544 0.467648 0.015551 0.068997
0 0.606018 0.552259 0.023086 0.105396
0 0.413407 0.424825 0.015078 0.050173
0 0.760564 0.477150 0.020008 0.070375
0 0.107641 0.480304 0.019404 0.079408
0 0.546384 0.434496 0.019901 0.056658
2 0.335872 0.470783 0.015755 0.060624
0 0.469580 0.480731 0.014647 0.063693
0 0.657856 0.442133 0.015472 0.059641
0 0.521058 0.418817 0.016671 0.052995
0 0.357914 0.392544 0.012566 0.035157
0 0.312538 0.426494 0.013095 0.053027
0 0.373968 0.649708 0.025034 0.155102
0 0.499935 0.468054 0.015885 0.068753
0 0.563001 0.433443 0.011060 0.051586
0 0.510961 0.472133 0.013372 0.057770
0 0.440164 0.404361 0.006731 0.024471
0 0.507519 0.472372 0.020275 0.061449
0 0.440203 0.391778 0.008693 0.030943
0 0.504106 0.469763 0.022254 0.069407
1 0.687607 0.392157 0.009049 0.039374
0 0.374890 0.672645 0.023152 0.107306
0 0.312878 0.436105 0.013559 0.035060