0 0.764142 0.482305 0.017463 0.082206
0 0.423234 0.504401 0.021343 0.095623
0 0.385208 0.467802 0.015539 0.076127
0 0.525054 0.442812 0.014963 0.067494
0 0.672606 0.585164 0.022204 0.125378
0 0.294063 0.495499 0.018042 0.087869
2 0.598545 0.494812 0.020318 0.076357
0 0.611299 0.662612 0.025119 0.155693
0 0.387271 0.702806 0.029890 0.101055
0 0.923159 0.556254 0.020694 0.108969
0 0.481162 0.531197 0.027541 0.099146
2 0.813798 0.413461 0.012273 0.045676
0 0.479919 0.462250 0.015946 0.074957
0 0.460448 0.422187 0.014847 0.051425
0 0.611377 0.685925 0.024246 0.107993
0 0.764908 0.328635 0.006995 0.039149