0 0.141384 0.491260 0.018793 0.094063
0 0.049555 0.451094 0.014423 0.066901
0 0.348836 0.517367 0.029559 0.103443
0 0.109887 0.466636 0.016454 0.078051
0 0.256560 0.453633 0.010755 0.040422
0 0.271753 0.535369 0.025626 0.103735
0 0.608648 0.478435 0.015311 0.074908
0 0.284696 0.484763 0.014905 0.074251
0 0.003059 0.485484 0.006119 0.072831
0 0.216512 0.450858 0.010149 0.039463
0 0.176581 0.463104 0.014957 0.072097
2 0.303630 0.447032 0.016277 0.091808
0 0.003300 0.472663 0.006488 0.047570
0 0.178324 0.476666 0.011754 0.045766
0 0.002662 0.507891 0.005301 0.074416
0 0.156115 0.455470 0.011230 0.067682
1 0.609025 0.477204 0.015117 0.072428
0 0.190254 0.462470 0.009914 0.045548