0 0.262198 0.407484 0.009061 0.042678
0 0.510696 0.422458 0.012398 0.047124
0 0.230794 0.416746 0.010620 0.050064
0 0.718527 0.427110 0.008557 0.030321
0 0.536577 0.412289 0.009561 0.041858
0 0.505994 0.397469 0.008583 0.029696
0 0.347679 0.645724 0.029927 0.145656
0 0.433193 0.403943 0.009109 0.026323
0 0.612679 0.486431 0.011296 0.046001
0 0.612346 0.454274 0.012531 0.042144
0 0.612322 0.465769 0.012567 0.065132
0 0.338763 0.619695 0.018784 0.081217
0 0.759657 0.399406 0.010406 0.033903
0 0.344090 0.619611 0.029756 0.081445
0 0.536623 0.420242 0.009498 0.026759
0 0.720238 0.407755 0.007841 0.027267
0 0.719100 0.419787 0.008888 0.045037