0 0.221942 0.483602 0.019234 0.079288
0 0.190858 0.559480 0.020130 0.108792
0 0.539178 0.426960 0.015076 0.054386
0 0.987665 0.454030 0.022119 0.068811
0 0.762616 0.524375 0.015963 0.083400
0 0.329601 0.429273 0.014930 0.046591
0 0.753893 0.402452 0.009118 0.042162
2 0.565729 0.466848 0.014033 0.064249
0 0.545701 0.560311 0.036599 0.076918
0 0.204614 0.395208 0.008921 0.041093
0 0.566837 0.412734 0.011343 0.046162
0 0.368017 0.421730 0.012879 0.034231
0 0.867621 0.585726 0.037392 0.123782
0 0.426433 0.404806 0.010646 0.041248
0 0.614358 0.448122 0.015070 0.034045
0 0.513336 0.395453 0.007651 0.034135
2 0.548892 0.375625 0.007701 0.026778
0 0.590512 0.505652 0.015586 0.048051
0 0.456969 0.524985 0.018951 0.053884
0 0.308516 0.497901 0.023700 0.051058
0 0.591143 0.473102 0.017886 0.042749
0 0.369384 0.400717 0.008029 0.023658
0 0.300394 0.453375 0.012307 0.040171
0 0.590920 0.487689 0.018209 0.072057
0 0.445829 0.591242 0.009051 0.045559
0 0.866702 0.608716 0.038583 0.077122
0 0.300308 0.444303 0.012417 0.057558
0 0.456101 0.544195 0.021325 0.091009
0 0.316767 0.465284 0.014023 0.035533
0 0.301724 0.429744 0.009659 0.040030
0 0.450049 0.567505 0.013869 0.062901
0 0.540377 0.557738 0.034417 0.070561
0 0.611703 0.427291 0.010164 0.034351