0 0.600067 0.478514 0.017267 0.074588
0 0.108184 0.434863 0.014200 0.054022
0 0.138487 0.431389 0.014163 0.046579
0 0.020831 0.438242 0.014824 0.055429
0 0.761883 0.417666 0.021036 0.046390
0 0.337598 0.521468 0.029518 0.080928
0 0.511560 0.549557 0.029742 0.083401
0 0.538914 0.548676 0.023715 0.092439
2 0.190383 0.472373 0.018856 0.062651
0 0.234543 0.406539 0.009450 0.036148
0 0.647496 0.495628 0.014224 0.047843
0 0.370620 0.507945 0.014562 0.043918
0 0.639881 0.473385 0.016626 0.041648
0 0.360495 0.540843 0.019782 0.042950
0 0.646787 0.490272 0.016497 0.059711
0 0.643024 0.483721 0.022330 0.060630
0 0.501705 0.400880 0.008576 0.034899