0 0.889148 0.527810 0.027501 0.098638
0 0.793484 0.519884 0.024657 0.092959
0 0.253954 0.572118 0.029181 0.108198
2 0.453560 0.527521 0.022012 0.085011
2 0.369542 0.433923 0.011994 0.044909
0 0.310855 0.467959 0.019506 0.061254
0 0.031594 0.480911 0.014676 0.076067
0 0.110345 0.482197 0.015300 0.045214
0 0.755961 0.765791 0.037015 0.157552
0 0.280575 0.466400 0.016314 0.040251
0 0.616804 0.478115 0.014161 0.061187
0 0.994420 0.505853 0.011111 0.034533
0 0.395689 0.500809 0.028575 0.056623
0 0.287847 0.800307 0.046443 0.180920
0 0.691004 0.467924 0.014589 0.039637
0 0.401379 0.472610 0.013326 0.038112