0 0.666292 0.490707 0.016836 0.080806
0 0.976509 0.566434 0.035222 0.117938
0 0.085846 0.428063 0.013774 0.058348
0 0.651711 0.419982 0.012015 0.052632
0 0.179766 0.538819 0.026203 0.112869
2 0.224342 0.470921 0.018895 0.070826
0 0.274487 0.657397 0.036545 0.140080
0 0.782446 0.604212 0.027942 0.123337
0 0.174538 0.402457 0.012177 0.039256
0 0.436429 0.421613 0.015245 0.044670
0 0.164108 0.475421 0.013751 0.045033
0 0.534678 0.474520 0.023133 0.076081
0 0.706803 0.670633 0.026254 0.088611
0 0.177022 0.453640 0.019874 0.041945
0 0.536352 0.454980 0.019385 0.035226
0 0.711641 0.652168 0.015997 0.053657
0 0.701605 0.610715 0.025328 0.051102
0 0.536250 0.466913 0.020806 0.058676
0 0.371581 0.396122 0.012745 0.041049