0 0.204994 0.504787 0.016638 0.073096
0 0.852083 0.784284 0.025142 0.112768
0 0.498404 0.489925 0.015929 0.074003
0 0.181333 0.557431 0.022124 0.097476
0 0.036433 0.500864 0.014851 0.063027
0 0.923161 0.478265 0.017621 0.068521
0 0.152625 0.622631 0.016542 0.122227
0 0.993290 0.597599 0.013271 0.072020
0 0.993055 0.575738 0.013891 0.117471
0 0.020259 0.543105 0.019458 0.086502
0 0.180128 0.543002 0.016091 0.067557
0 0.170516 0.551147 0.011283 0.062992
2 0.020261 0.543088 0.019351 0.085506
0 0.993416 0.548713 0.013167 0.062796
0 0.097202 0.491480 0.017372 0.062937