0 0.607263 0.460277 0.012293 0.061957
0 0.805309 0.537110 0.017151 0.059893
0 0.371262 0.735479 0.041705 0.174590
0 0.970128 0.480589 0.020798 0.079725
0 0.237886 0.607884 0.018207 0.117649
0 0.238651 0.630060 0.017710 0.071793
0 0.805504 0.518903 0.017804 0.097518
0 0.249505 0.525535 0.013489 0.098430
0 0.462520 0.458281 0.010009 0.037373
0 0.250037 0.550247 0.012194 0.052357
0 0.249745 0.540532 0.012661 0.071420
0 0.805434 0.497524 0.017021 0.055497
0 0.249802 0.512614 0.013832 0.070771
0 0.237710 0.572338 0.016687 0.070880