0 0.025998 0.464375 0.015537 0.070452
0 0.498532 0.443107 0.014826 0.067191
0 0.165281 0.582820 0.033881 0.138743
0 0.367330 0.478512 0.020068 0.085301
0 0.928815 0.501905 0.017863 0.102550
0 0.135144 0.554552 0.017170 0.063950
0 0.410315 0.606531 0.020103 0.146894
0 0.580181 0.472142 0.022125 0.072386
0 0.256581 0.493699 0.014395 0.049257
0 0.776222 0.443031 0.016337 0.073296
0 0.410703 0.640046 0.018550 0.078740
0 0.257904 0.458222 0.015188 0.046093
0 0.152807 0.462788 0.014112 0.045227
0 0.137204 0.506952 0.023316 0.060449
0 0.992768 0.610456 0.014464 0.118211
0 0.152707 0.451596 0.015164 0.067243