0 0.520491 0.574236 0.023899 0.111121
0 0.615888 0.518096 0.020751 0.092745
0 0.367625 0.473880 0.012755 0.070730
0 0.533403 0.510314 0.023983 0.087516
0 0.581169 0.520924 0.022745 0.100234
0 0.766365 0.546852 0.030320 0.099493
0 0.324670 0.482694 0.012185 0.075427
0 0.442888 0.528024 0.016731 0.056043
0 0.333831 0.479693 0.011673 0.064918
0 0.605433 0.475478 0.020037 0.072868
0 0.407470 0.494616 0.015304 0.041087
0 0.361488 0.523027 0.024208 0.094995
0 0.352715 0.467808 0.014776 0.051949
0 0.408065 0.472716 0.013780 0.050481
0 0.444050 0.489394 0.013559 0.062739
0 0.407519 0.486267 0.015580 0.058089
0 0.766735 0.573392 0.030341 0.048476