0 0.632218 0.516086 0.014325 0.067830
0 0.249601 0.512273 0.015393 0.080116
2 0.472364 0.463987 0.012831 0.053863
0 0.070382 0.651938 0.027606 0.153917
2 0.721673 0.527597 0.019775 0.077073
0 0.752004 0.497202 0.013616 0.069922
0 0.669783 0.521656 0.013796 0.046121
0 0.079716 0.475733 0.012367 0.060224
0 0.778576 0.513375 0.010840 0.036415
0 0.416714 0.736252 0.050926 0.175614
0 0.669428 0.509185 0.014293 0.070776
0 0.438191 0.500595 0.011096 0.039890
0 0.578674 0.469280 0.011201 0.053390
0 0.669485 0.492858 0.013535 0.044673
0 0.419265 0.754325 0.040419 0.140601