0 0.127544 0.506099 0.028063 0.099754
0 0.255080 0.506480 0.015967 0.086804
0 0.144103 0.453420 0.012928 0.068202
0 0.373762 0.516675 0.026302 0.086071
0 0.338940 0.443072 0.010467 0.052523
0 0.372922 0.451638 0.015362 0.059986
0 0.253295 0.429071 0.009289 0.046315
0 0.444926 0.477347 0.029385 0.083430
0 0.258497 0.723424 0.045252 0.147537
0 0.187519 0.432195 0.009499 0.039609
0 0.353603 0.446703 0.014610 0.059691
0 0.072588 0.440838 0.014567 0.053980
0 0.255128 0.791245 0.025930 0.137117
0 0.252086 0.451165 0.007393 0.036014
0 0.252852 0.438149 0.009062 0.061665
0 0.339918 0.474525 0.007554 0.036691
0 0.187570 0.426647 0.010678 0.051206
0 0.331102 0.442850 0.010300 0.054943
0 0.572464 0.483479 0.015887 0.045516
0 0.574527 0.403422 0.008851 0.042270
2 0.331157 0.442755 0.010243 0.055180
0 0.374806 0.446965 0.011459 0.050366