0 0.340890 0.516490 0.012591 0.072567
0 0.524635 0.498107 0.014284 0.066402
0 0.293739 0.480233 0.013136 0.061123
0 0.738144 0.636989 0.033252 0.146403
0 0.374080 0.488832 0.017974 0.058574
0 0.507518 0.476339 0.010069 0.050750
0 0.124885 0.485615 0.011132 0.066465
0 0.986182 0.546924 0.022668 0.057224
0 0.103363 0.507566 0.015480 0.073160
0 0.307865 0.492957 0.008929 0.036027
0 0.210564 0.491600 0.013831 0.064001
2 0.550758 0.462792 0.008509 0.044905
0 0.089316 0.528558 0.016510 0.072207
0 0.587007 0.477428 0.012290 0.046633
0 0.421624 0.508454 0.013660 0.043532
0 0.870389 0.521871 0.020772 0.065456
2 0.575957 0.499485 0.010582 0.056612
0 0.590522 0.536088 0.018336 0.086124
0 0.431603 0.481447 0.013205 0.053170
0 0.990250 0.508198 0.010838 0.040104
0 0.420608 0.483592 0.014182 0.037418
0 0.575953 0.498271 0.010621 0.057990
0 0.421243 0.499925 0.013628 0.061389
2 0.770308 0.500282 0.014954 0.058800
0 0.305255 0.478369 0.013012 0.059749