0 0.546600 0.456495 0.012414 0.065316
0 0.288658 0.457848 0.018363 0.062726
0 0.730245 0.449267 0.011283 0.060576
0 0.431354 0.525304 0.011733 0.057795
2 0.832707 0.516505 0.019739 0.078658
0 0.421484 0.464924 0.015491 0.067736
0 0.741740 0.435168 0.010438 0.039867
0 0.606196 0.416542 0.015652 0.045643
0 0.564595 0.445798 0.012337 0.042916
0 0.851263 0.551397 0.021760 0.097861
0 0.485046 0.484623 0.012143 0.049634
0 0.485260 0.470998 0.012810 0.070830
0 0.333529 0.471467 0.011995 0.039237
0 0.332035 0.453691 0.012313 0.041915
0 0.872257 0.435427 0.014993 0.038313
0 0.484433 0.458843 0.011882 0.046637
0 0.484066 0.489174 0.010068 0.040023
0 0.431051 0.486337 0.016449 0.039205
0 0.851986 0.588282 0.012697 0.055423
0 0.873664 0.425426 0.011926 0.049169