0 0.262290 0.501630 0.017741 0.094179
0 0.020989 0.431763 0.012321 0.052863
0 0.005267 0.427647 0.010534 0.062072
0 0.350455 0.553079 0.023435 0.110598
2 0.048279 0.456941 0.014665 0.062867
0 0.057163 0.423441 0.011681 0.049515
0 0.278747 0.483094 0.017814 0.079311
0 0.052632 0.718702 0.043129 0.156200
0 0.041403 0.429356 0.009513 0.052595
0 0.227516 0.461700 0.014312 0.040680
0 0.147146 0.442796 0.010408 0.039832
0 0.552993 0.815414 0.048970 0.128919
0 0.560015 0.451604 0.011989 0.037998
0 0.051217 0.803375 0.016819 0.071881
0 0.226794 0.442569 0.012602 0.054848
0 0.555385 0.486917 0.018378 0.044458
0 0.145295 0.418974 0.011562 0.036644
0 0.558772 0.487075 0.012998 0.043558
0 0.573926 0.415371 0.007400 0.024719