0 0.287013 0.514154 0.023996 0.087804
0 0.270243 0.475654 0.014629 0.071881
0 0.591766 0.485138 0.022334 0.076494
0 0.081012 0.544486 0.026521 0.108802
0 0.175623 0.468051 0.019020 0.070573
0 0.367256 0.474687 0.009049 0.049761
0 0.491127 0.483009 0.018096 0.072129
0 0.515486 0.454353 0.016212 0.068787
0 0.472308 0.449679 0.013668 0.066737
1 0.438224 0.468420 0.014646 0.050417
0 0.529940 0.471590 0.010526 0.046475
0 0.311970 0.476068 0.013806 0.051427
0 0.574484 0.457132 0.015358 0.078077
0 0.438002 0.468622 0.014307 0.049040