0 0.394747 0.479558 0.016499 0.049896
0 0.005833 0.442529 0.011610 0.058912
0 0.729538 0.477123 0.027164 0.076099
0 0.210142 0.423593 0.011754 0.049021
0 0.380152 0.423148 0.009897 0.032457
0 0.229864 0.400937 0.009830 0.040231
1 0.729670 0.476443 0.027615 0.076622
0 0.410754 0.563505 0.019199 0.107439
0 0.022459 0.436657 0.015235 0.045364
0 0.047374 0.626072 0.022487 0.059177
0 0.045351 0.596851 0.025468 0.119406
0 0.397590 0.451991 0.013811 0.040918
0 0.021464 0.423311 0.015276 0.041757
0 0.046943 0.610283 0.022287 0.091908
0 0.395758 0.467329 0.017925 0.070276
0 0.380640 0.403016 0.008321 0.025074