0 0.549808 0.468287 0.013785 0.068491
0 0.764433 0.437897 0.013985 0.060473
2 0.865070 0.389904 0.007816 0.032618
0 0.755331 0.521659 0.027454 0.093131
0 0.225249 0.477713 0.014777 0.049393
0 0.673417 0.693735 0.032907 0.167485
0 0.475232 0.461419 0.014991 0.039802
0 0.874384 0.567557 0.023759 0.068898
0 0.874543 0.547280 0.024322 0.109411
0 0.670331 0.711324 0.026431 0.146878
0 0.754834 0.718787 0.035179 0.164395
0 0.006454 0.145561 0.012883 0.054026
0 0.874562 0.518343 0.023989 0.052288
0 0.243260 0.602375 0.027540 0.132529