0 0.582170 0.444730 0.012582 0.062472
0 0.270666 0.457917 0.018399 0.074264
0 0.561617 0.451347 0.013419 0.066783
0 0.085900 0.582941 0.025681 0.128318
0 0.064458 0.419149 0.010865 0.049371
0 0.292426 0.400748 0.011598 0.044818
0 0.288197 0.444939 0.013649 0.063255
0 0.487641 0.622258 0.033557 0.132933
0 0.688431 0.430574 0.012595 0.057841
0 0.238008 0.406714 0.012064 0.048311
0 0.667054 0.632807 0.029763 0.147840
0 0.040455 0.706499 0.045114 0.160186
0 0.698398 0.436130 0.012960 0.049606
2 0.776021 0.445126 0.012343 0.066082
0 0.437695 0.426351 0.015024 0.039341
2 0.513137 0.459527 0.013163 0.063597
0 0.493297 0.417822 0.012628 0.045785
0 0.495299 0.447912 0.014532 0.041602
0 0.396091 0.425269 0.015849 0.040482
0 0.512759 0.459601 0.013898 0.063100
0 0.262106 0.410073 0.008296 0.047472
0 0.040632 0.726723 0.043610 0.115100
0 0.396029 0.416798 0.016282 0.056964
0 0.695317 0.432306 0.015917 0.056837
0 0.494432 0.430514 0.014241 0.071143