0 0.461267 0.467233 0.017265 0.066228
0 0.411481 0.582045 0.025337 0.089713
0 0.821892 0.488078 0.025904 0.078454
0 0.555878 0.433078 0.010866 0.056926
0 0.635258 0.409794 0.009557 0.046556
2 0.864938 0.388943 0.010586 0.033548
0 0.525033 0.500818 0.030117 0.078090
0 0.337135 0.507695 0.021970 0.075623
0 0.881321 0.619928 0.032061 0.130718
0 0.483876 0.393223 0.008410 0.035610
0 0.697398 0.406242 0.010997 0.039355
0 0.371654 0.566216 0.034783 0.090202
0 0.222721 0.534064 0.026633 0.090625
0 0.486859 0.504819 0.018307 0.053608
0 0.837287 0.600481 0.035076 0.125359
0 0.484437 0.475350 0.014002 0.039700
0 0.872126 0.648992 0.011971 0.056372
0 0.006661 0.146422 0.013239 0.051921
0 0.836872 0.631557 0.035263 0.067238
0 0.411450 0.622863 0.007984 0.030763
2 0.886094 0.505364 0.022971 0.072191
0 0.882147 0.490056 0.013515 0.042983
0 0.485550 0.481271 0.015555 0.051831