0 0.667546 0.512960 0.018303 0.088320
0 0.992535 0.491923 0.014931 0.075623
0 0.504130 0.489790 0.019428 0.058658
0 0.137313 0.563304 0.023284 0.111025
0 0.302435 0.542998 0.018030 0.067640
0 0.136435 0.656044 0.024382 0.084722
0 0.759544 0.511878 0.016409 0.055035
0 0.610853 0.470055 0.013266 0.062850
0 0.335594 0.466897 0.009879 0.056689
0 0.442385 0.502973 0.014145 0.037626
0 0.600872 0.515742 0.014364 0.050305
0 0.759554 0.500253 0.016891 0.078110
0 0.419801 0.490692 0.017752 0.047915
0 0.302567 0.506624 0.017660 0.056426
0 0.221245 0.493001 0.013837 0.035746
2 0.263704 0.458144 0.015717 0.053888
0 0.529570 0.485237 0.009058 0.028281