0 0.073852 0.506937 0.022346 0.087996
0 0.053325 0.505767 0.020108 0.085260
0 0.156119 0.468767 0.017930 0.072443
0 0.279761 0.451320 0.014891 0.064993
0 0.313597 0.533895 0.019218 0.099117
0 0.179463 0.692267 0.038693 0.169551
0 0.363339 0.517749 0.023093 0.082141
0 0.243261 0.438405 0.010454 0.036553
0 0.585725 0.480804 0.014964 0.081770
0 0.541932 0.498042 0.013702 0.079225
0 0.568092 0.488142 0.010978 0.047795
0 0.076457 0.440867 0.026668 0.038736
0 0.254441 0.466063 0.014445 0.062522
2 0.254396 0.466096 0.014391 0.062375
0 0.543354 0.536292 0.009892 0.032684
0 0.567647 0.451793 0.010690 0.039597
0 0.077201 0.450484 0.025428 0.055030
0 0.568111 0.470505 0.011693 0.076535
0 0.242542 0.415788 0.008778 0.034245
0 0.075359 0.460888 0.015441 0.049506
0 0.071084 0.441426 0.017045 0.035536