0 0.727057 0.517402 0.019041 0.101472
0 0.322756 0.509710 0.020130 0.079470
0 0.524616 0.485745 0.014129 0.072568
0 0.396199 0.593029 0.025193 0.119621
0 0.223901 0.474140 0.012701 0.068874
0 0.391190 0.467310 0.012948 0.061424
0 0.104433 0.509487 0.011178 0.053928
0 0.828698 0.578884 0.023569 0.126927
0 0.426981 0.458764 0.010087 0.053918
0 0.896388 0.521437 0.014293 0.057541
0 0.093092 0.469413 0.012261 0.068251
2 0.347458 0.488925 0.015352 0.066770
0 0.271286 0.492200 0.017902 0.041742
0 0.818785 0.486175 0.011506 0.043492
0 0.608299 0.503742 0.013605 0.037280
0 0.259677 0.457186 0.012003 0.056202
0 0.282192 0.468023 0.010740 0.033488
0 0.570002 0.466617 0.010382 0.035996
0 0.828334 0.598455 0.022335 0.086388
0 0.105150 0.473988 0.010930 0.042905