2 0.088953 0.476085 0.017155 0.071555
0 0.229159 0.472232 0.022601 0.070683
0 0.164126 0.453037 0.012894 0.066686
0 0.045051 0.450788 0.014009 0.066533
0 0.130451 0.440952 0.015042 0.061642
0 0.259928 0.439058 0.013213 0.040698
0 0.035078 0.458977 0.013439 0.052905
0 0.290248 0.444667 0.019900 0.065620
0 0.035591 0.565895 0.023970 0.126505
0 0.110801 0.469980 0.014067 0.047774
0 0.500587 0.472222 0.010668 0.041788
0 0.108674 0.440302 0.014447 0.042228
0 0.036315 0.583145 0.025053 0.092521
0 0.211648 0.420772 0.012471 0.062891
0 0.025897 0.417179 0.010205 0.031182