2 0.058626 0.469158 0.015374 0.072765
0 0.154546 0.456023 0.014621 0.067167
0 0.354317 0.469201 0.016469 0.076376
0 0.104888 0.456816 0.015646 0.075324
0 0.428850 0.439216 0.013653 0.071890
0 0.377141 0.452222 0.016094 0.045248
0 0.287625 0.436288 0.014211 0.063720
0 0.186078 0.444237 0.013300 0.065905
0 0.307941 0.459516 0.014136 0.052430
0 0.175320 0.456536 0.011343 0.045923
0 0.401697 0.445754 0.012397 0.071375
0 0.223704 0.454737 0.016789 0.061423
0 0.394931 0.465312 0.009399 0.039415
0 0.348457 0.440700 0.014568 0.070242