0 0.859207 0.520149 0.019515 0.100191
0 0.495601 0.456567 0.016199 0.076669
0 0.473567 0.543441 0.015512 0.060365
0 0.998249 0.451637 0.003501 0.046608
0 0.231163 0.452950 0.008798 0.042426
2 0.243644 0.398962 0.008575 0.033774
0 0.561074 0.405327 0.011471 0.042289
0 0.315260 0.478493 0.009589 0.043710
0 0.871281 0.466591 0.013686 0.075126
2 0.645064 0.531785 0.020295 0.089776
0 0.303854 0.431239 0.011342 0.033755
0 0.150394 0.502715 0.010895 0.052475
0 0.471438 0.499949 0.014258 0.058096
0 0.314859 0.448732 0.010081 0.043402
0 0.230749 0.426369 0.009499 0.034363
0 0.706628 0.405105 0.008292 0.046189
0 0.393134 0.437197 0.013019 0.027434
0 0.870494 0.458962 0.011989 0.060623
0 0.411275 0.588559 0.018522 0.124140
0 0.150434 0.463701 0.012023 0.045379
0 0.539896 0.436586 0.011991 0.050049
0 0.645112 0.532790 0.020164 0.090475
0 0.231101 0.438099 0.011143 0.057726
0 0.314742 0.462400 0.010614 0.073148
0 0.150399 0.491019 0.012046 0.076691
0 0.540589 0.430406 0.014397 0.059981
0 0.302958 0.407565 0.007495 0.029057