0 0.565789 0.545470 0.021714 0.100779
0 0.565072 0.437458 0.012884 0.053826
0 0.373769 0.453033 0.018940 0.059019
0 0.544593 0.403365 0.015820 0.039662
0 0.696815 0.652200 0.032982 0.151639
0 0.505057 0.457022 0.014485 0.058839
0 0.485848 0.491689 0.017855 0.076217
0 0.649444 0.439416 0.010346 0.061666
0 0.691995 0.488028 0.015826 0.076191
0 0.454629 0.513356 0.026994 0.063066
0 0.887671 0.431377 0.013260 0.052712
0 0.665740 0.420961 0.014361 0.050839
0 0.957910 0.507774 0.015084 0.049349
0 0.459345 0.476025 0.017681 0.036813
2 0.735957 0.496400 0.029491 0.076313
0 0.958434 0.468379 0.014510 0.044805
0 0.395068 0.464296 0.015209 0.053150
0 0.962434 0.507878 0.011301 0.051523
2 0.991229 0.402852 0.013047 0.037519
0 0.958703 0.483641 0.015866 0.074211
0 0.396358 0.447181 0.016271 0.042643
0 0.492642 0.439528 0.012871 0.056493