0 0.764671 0.475395 0.019459 0.065220
0 0.367755 0.499024 0.018781 0.070440
0 0.247467 0.584299 0.032450 0.121604
0 0.567239 0.411292 0.010560 0.036812
0 0.772162 0.609239 0.032645 0.115405
0 0.993346 0.429740 0.012556 0.048895
0 0.409208 0.655745 0.024946 0.082721
0 0.412061 0.631868 0.030271 0.131964
0 0.807900 0.549562 0.028034 0.106788
0 0.459446 0.412114 0.013393 0.041956
0 0.822737 0.409865 0.009181 0.038393
0 0.606192 0.436436 0.012180 0.032393
0 0.151942 0.404395 0.009601 0.041937
0 0.358719 0.441680 0.012560 0.036205
0 0.598317 0.460645 0.013571 0.035434
0 0.361440 0.418174 0.008216 0.028097
0 0.226869 0.471704 0.017435 0.071986
0 0.597519 0.539566 0.025266 0.084537
0 0.068031 0.590758 0.028254 0.030658
0 0.226671 0.484139 0.016764 0.046879
0 0.806210 0.564966 0.028084 0.075039
3 0.431374 0.697528 0.010025 0.018028