0 0.677141 0.511337 0.017447 0.084564
0 0.095961 0.491235 0.028036 0.082540
2 0.766040 0.477142 0.017965 0.072096
0 0.391157 0.558038 0.018910 0.103052
0 0.630899 0.543745 0.024135 0.093626
0 0.548469 0.438086 0.010606 0.048850
0 0.212418 0.638827 0.032245 0.128333
0 0.411097 0.538294 0.023916 0.097377
0 0.381249 0.414672 0.012607 0.047057
0 0.699790 0.463808 0.011411 0.045956
0 0.700447 0.441263 0.012747 0.040199
0 0.071382 0.481155 0.016854 0.071708
0 0.022308 0.441965 0.009211 0.028772
0 0.468410 0.405700 0.009600 0.043318
0 0.718516 0.490698 0.016866 0.082626
0 0.718260 0.504238 0.015158 0.056258
0 0.024009 0.422807 0.014973 0.024608
0 0.545224 0.469946 0.008438 0.022081
0 0.718556 0.475302 0.015948 0.052108
1 0.468302 0.405906 0.009668 0.043814
0 0.071858 0.491224 0.015780 0.051590
0 0.565504 0.837611 0.013648 0.032725
0 0.070337 0.467857 0.014892 0.045081
0 0.546144 0.467981 0.009342 0.025358