0 0.166653 0.527098 0.022638 0.103052
0 0.316335 0.451422 0.013283 0.066860
0 0.134738 0.560409 0.022667 0.116234
0 0.657959 0.436185 0.013906 0.059248
0 0.496948 0.598926 0.029768 0.121945
0 0.277940 0.407171 0.009454 0.048367
0 0.333040 0.399248 0.013853 0.043696
0 0.716858 0.537283 0.017353 0.069360
0 0.570849 0.433872 0.007907 0.057004
2 0.798438 0.428212 0.014862 0.063290
0 0.550392 0.418099 0.013706 0.056407
0 0.453817 0.418780 0.009072 0.046733
0 0.672062 0.438358 0.012063 0.049940
0 0.483500 0.422086 0.007764 0.037256
0 0.022596 0.405668 0.007979 0.028880
0 0.359199 0.397931 0.011966 0.043191
0 0.360998 0.404188 0.012010 0.053315
0 0.059133 0.679926 0.036022 0.167103
0 0.482455 0.399280 0.008957 0.030715
0 0.570808 0.448298 0.007484 0.029490
0 0.619685 0.412880 0.015746 0.038222
0 0.362674 0.405767 0.008372 0.052720