0 0.563176 0.520982 0.017494 0.071631
0 0.125093 0.539243 0.017811 0.075309
0 0.434840 0.487561 0.012681 0.061361
0 0.197797 0.514408 0.017053 0.065055
0 0.671870 0.508237 0.016318 0.060700
2 0.447227 0.528642 0.015468 0.075272
0 0.807541 0.546630 0.024361 0.086846
0 0.473289 0.511374 0.015361 0.068854
0 0.696795 0.502205 0.014355 0.032853
0 0.374240 0.485800 0.013892 0.054729
0 0.290390 0.521174 0.017581 0.067466
0 0.804265 0.546267 0.016941 0.085431
0 0.450613 0.475697 0.008678 0.030065
0 0.230274 0.515611 0.013027 0.033832
0 0.802214 0.501262 0.013842 0.049879
2 0.574907 0.470288 0.008186 0.036928
1 0.125014 0.539606 0.017698 0.075775
0 0.293659 0.485880 0.012109 0.048176
0 0.450279 0.482598 0.009415 0.044585
0 0.449693 0.502760 0.010644 0.045435