0 0.462372 0.501069 0.021677 0.079015
0 0.971476 0.505713 0.021669 0.084590
0 0.515743 0.614298 0.033853 0.130745
2 0.105356 0.532579 0.031438 0.096305
0 0.253122 0.632788 0.029765 0.133632
0 0.429077 0.569002 0.022820 0.107727
0 0.874082 0.630789 0.033036 0.144126
0 0.664681 0.632982 0.019831 0.107329
0 0.214668 0.963826 0.033915 0.072348
0 0.919595 0.596410 0.028273 0.110441
2 0.046217 0.528870 0.015224 0.074912
0 0.072238 0.540661 0.023110 0.110273
0 0.046196 0.524842 0.014965 0.067723
0 0.645886 0.728749 0.024364 0.141356
0 0.745571 0.671987 0.019835 0.108918