0 0.281903 0.489501 0.018291 0.085840
0 0.571191 0.483697 0.017101 0.076667
0 0.913765 0.566236 0.025032 0.105384
0 0.387490 0.533180 0.023796 0.102438
0 0.311774 0.562441 0.026682 0.110743
0 0.406460 0.549940 0.009419 0.039907
0 0.668852 0.422946 0.011044 0.048208
0 0.943235 0.515880 0.022794 0.088341
0 0.503141 0.415497 0.010220 0.044409
0 0.419280 0.424094 0.014511 0.051445
2 0.673952 0.473960 0.016403 0.064352
0 0.430027 0.548830 0.025105 0.095140
0 0.813311 0.430323 0.011890 0.049188
1 0.111547 0.407960 0.010755 0.043560
2 0.562154 0.382303 0.006379 0.028653
0 0.396954 0.632853 0.020161 0.137471
0 0.663552 0.627050 0.027648 0.129050
0 0.311732 0.721163 0.049672 0.140885
0 0.620937 0.656297 0.021823 0.079680
0 0.637892 0.728994 0.012274 0.052186
0 0.397336 0.649849 0.019847 0.091867
0 0.600280 0.600905 0.028155 0.066823
0 0.305007 0.715484 0.030236 0.125317
0 0.391903 0.580810 0.012416 0.048737