0 0.443887 0.438873 0.013986 0.062465
0 0.301249 0.463582 0.014977 0.072211
0 0.578574 0.472781 0.019734 0.074464
0 0.364554 0.449103 0.015906 0.070887
0 0.617965 0.469676 0.021704 0.073563
0 0.455305 0.424221 0.014038 0.055005
0 0.473796 0.427429 0.009198 0.058903
0 0.554103 0.480904 0.021748 0.051036
0 0.509949 0.486235 0.018181 0.047701
0 0.720240 0.440197 0.009932 0.047151
0 0.550026 0.452338 0.011521 0.040441
0 0.274405 0.623427 0.039203 0.135049
0 0.244814 0.409654 0.009905 0.046366
0 0.375089 0.437570 0.011674 0.058693
0 0.721126 0.468814 0.011796 0.037280
2 0.524432 0.450067 0.014610 0.061407
0 0.530597 0.421578 0.011508 0.043413
0 0.506351 0.442519 0.010413 0.053497
0 0.549989 0.459055 0.013135 0.054188
0 0.492497 0.436018 0.013937 0.044890