0 0.819871 0.515391 0.019421 0.098747
0 0.380598 0.481154 0.013698 0.076234
0 0.336361 0.475360 0.013634 0.072462
0 0.558093 0.471197 0.015499 0.079039
0 0.327383 0.625455 0.031783 0.150096
2 0.402515 0.486185 0.013431 0.070285
0 0.364099 0.462516 0.010649 0.072392
0 0.688597 0.448456 0.007397 0.032512
0 0.414422 0.479827 0.007588 0.041414
0 0.255127 0.470258 0.011029 0.046106
0 0.391027 0.455170 0.013971 0.070272
0 0.415095 0.453217 0.010607 0.044931
0 0.544254 0.421833 0.009105 0.048874
0 0.414662 0.463959 0.010015 0.064741
0 0.391028 0.449028 0.012464 0.053626