0 0.427659 0.532091 0.017431 0.088274
0 0.728265 0.532367 0.017061 0.082461
0 0.080433 0.577445 0.022953 0.058809
0 0.541040 0.527201 0.015921 0.080623
0 0.195091 0.517361 0.015016 0.076809
0 0.320049 0.463958 0.011947 0.057009
0 0.034806 0.563164 0.022404 0.084984
0 0.777887 0.542895 0.012491 0.052529
0 0.182380 0.505416 0.012728 0.039520
0 0.095273 0.519470 0.026162 0.074679
0 0.416835 0.480371 0.009229 0.038011
0 0.047613 0.614329 0.013675 0.035407
0 0.251700 0.513920 0.017976 0.068834
0 0.694144 0.517660 0.016601 0.052975
0 0.693638 0.485587 0.025258 0.044967
2 0.774216 0.521726 0.019750 0.083824
2 0.649119 0.474001 0.012714 0.045735
2 0.251609 0.514267 0.017451 0.068216