0 0.019239 0.543090 0.025964 0.098662
0 0.320048 0.449393 0.013578 0.056119
0 0.418579 0.499192 0.021626 0.090757
0 0.884880 0.468810 0.020067 0.081826
0 0.236878 0.457987 0.014811 0.073131
0 0.054650 0.591475 0.031696 0.116840
0 0.419391 0.410566 0.013859 0.051470
2 0.494644 0.478809 0.013839 0.069165
0 0.349513 0.442842 0.009145 0.041957
0 0.814327 0.423456 0.014478 0.059844
0 0.669668 0.542078 0.023152 0.113881
0 0.526426 0.396179 0.011447 0.035032
0 0.774988 0.705801 0.038794 0.170835
0 0.512575 0.465404 0.025541 0.075487
0 0.117239 0.781139 0.042178 0.191144
0 0.402339 0.650924 0.037844 0.153955
0 0.652230 0.532197 0.020179 0.105388
0 0.111515 0.407692 0.011720 0.051724
0 0.482007 0.440696 0.014585 0.047211
0 0.355908 0.422975 0.012394 0.030537
2 0.567956 0.383272 0.012264 0.038636
0 0.468547 0.452304 0.014238 0.040374
0 0.118385 0.798073 0.032452 0.169731
0 0.472680 0.438473 0.013870 0.042897
0 0.400091 0.620799 0.034657 0.093522
0 0.652003 0.556685 0.019374 0.057681