0 0.862911 0.543263 0.018356 0.097563
0 0.082614 0.529542 0.021299 0.091007
0 0.792412 0.580228 0.020342 0.111683
0 0.951324 0.486727 0.020080 0.075039
0 0.411465 0.484781 0.015892 0.068262
0 0.197688 0.506138 0.011100 0.048580
2 0.112246 0.475537 0.016046 0.056725
0 0.980985 0.502164 0.011427 0.048765
0 0.171607 0.478176 0.014120 0.066507
0 0.818002 0.537449 0.013292 0.045086
0 0.223935 0.544654 0.017666 0.088038
0 0.375819 0.516841 0.012175 0.049543
0 0.225079 0.584885 0.014537 0.041330
0 0.862944 0.558517 0.017811 0.065707
0 0.520879 0.492108 0.011855 0.028720
0 0.464582 0.509840 0.018255 0.045229
0 0.564072 0.508235 0.010505 0.064117
0 0.375557 0.503696 0.012311 0.073217
0 0.814106 0.498625 0.016955 0.044460
0 0.337493 0.483958 0.013151 0.032704
0 0.375496 0.491683 0.011740 0.049443
0 0.979090 0.488257 0.015046 0.066372
0 0.977228 0.474028 0.016566 0.037515