0 0.787135 0.486230 0.024882 0.096547
0 0.732440 0.468080 0.022364 0.078030
0 0.167987 0.462412 0.021088 0.063397
0 0.262619 0.508743 0.020378 0.083280
0 0.630456 0.449340 0.014345 0.062941
0 0.408336 0.539900 0.024919 0.101941
0 0.613594 0.651773 0.032182 0.143104
0 0.221445 0.552105 0.033894 0.110788
0 0.822907 0.672979 0.037252 0.153737
0 0.750374 0.488083 0.020173 0.087341
0 0.571251 0.470450 0.012376 0.064610
0 0.147935 0.495147 0.030920 0.075546
0 0.148176 0.507396 0.031210 0.051500
0 0.749652 0.500511 0.018588 0.066102
2 0.391872 0.519967 0.010573 0.040002
0 0.564766 0.496899 0.009674 0.031157