0 0.550024 0.405145 0.011727 0.043365
0 0.588724 0.441488 0.016196 0.058503
0 0.797236 0.580124 0.028069 0.119179
0 0.240728 0.628042 0.028975 0.124694
0 0.246995 0.470401 0.018714 0.065381
0 0.330012 0.411907 0.012408 0.044721
0 0.780408 0.406903 0.011682 0.048184
0 0.417913 0.467320 0.015705 0.068884
0 0.125160 0.501242 0.017573 0.046921
0 0.507377 0.388759 0.008792 0.035554
0 0.852974 0.477839 0.017535 0.077052
0 0.738790 0.559415 0.020082 0.112913
0 0.228574 0.476560 0.020473 0.048626
0 0.352544 0.390774 0.006697 0.030088
0 0.427146 0.787843 0.016731 0.068588
0 0.003712 0.656311 0.007362 0.068005
0 0.228036 0.465364 0.020176 0.071505
0 0.130091 0.517219 0.025498 0.078257
0 0.468680 0.463069 0.012308 0.052602
0 0.225263 0.452346 0.014186 0.048353
0 0.437706 0.686501 0.038996 0.104325
0 0.390394 0.557367 0.034985 0.110346
0 0.003937 0.672899 0.007395 0.061023
0 0.435765 0.713772 0.040017 0.146938
0 0.133858 0.518292 0.019129 0.076882