0 0.318861 0.529641 0.017959 0.079007
0 0.350877 0.533922 0.013924 0.070496
0 0.381436 0.511079 0.012418 0.063750
0 0.674334 0.535431 0.014916 0.072521
0 0.638199 0.515298 0.013576 0.058960
0 0.337581 0.504524 0.012107 0.061494
0 0.292361 0.526608 0.008756 0.042328
2 0.408234 0.544855 0.018155 0.070000
0 0.255777 0.513661 0.016177 0.044547
0 0.440830 0.516841 0.012716 0.063296
0 0.292074 0.497463 0.008046 0.031873
0 0.198923 0.507724 0.010881 0.061366
0 0.506160 0.481219 0.013294 0.045011
2 0.408472 0.524761 0.019579 0.110563
2 0.575685 0.476947 0.010174 0.043624
0 0.440954 0.527449 0.012314 0.042273
0 0.803188 0.521468 0.018753 0.036313
0 0.409819 0.500782 0.016217 0.066645
0 0.347458 0.493467 0.010096 0.033688