0 0.531204 0.459021 0.019492 0.070730
0 0.321416 0.456102 0.016695 0.067264
0 0.465666 0.430669 0.011789 0.054866
0 0.706592 0.478776 0.018380 0.074773
0 0.301683 0.542994 0.022601 0.100570
0 0.267614 0.504179 0.023394 0.093743
0 0.404258 0.441543 0.014407 0.059457
0 0.923021 0.480973 0.019770 0.076849
0 0.651325 0.490323 0.020249 0.084184
2 0.672236 0.403051 0.009668 0.038993
0 0.838941 0.584160 0.030497 0.125578
0 0.568304 0.503490 0.021908 0.085615
0 0.225382 0.495755 0.011694 0.050397
0 0.187627 0.420301 0.015256 0.047143
0 0.894115 0.445648 0.021943 0.059496
0 0.436244 0.422700 0.019733 0.035061
2 0.521697 0.502014 0.018123 0.075201
0 0.225484 0.461818 0.016162 0.045729
0 0.438996 0.440187 0.020829 0.045387
0 0.930791 0.509313 0.008900 0.025520