0 0.486213 0.476703 0.014851 0.073858
0 0.574090 0.565798 0.026441 0.108085
0 0.331842 0.451123 0.012920 0.060373
0 0.351177 0.545974 0.030890 0.096790
2 0.524731 0.434641 0.009572 0.042056
0 0.406916 0.441759 0.009258 0.052934
0 0.354538 0.491264 0.016502 0.062495
0 0.689743 0.512162 0.017760 0.077527
0 0.662318 0.672615 0.038914 0.152865
0 0.145862 0.478500 0.012875 0.070694
0 0.593247 0.488062 0.012125 0.045007
0 0.517264 0.553132 0.021318 0.098148
0 0.853160 0.505533 0.017194 0.039859
0 0.517512 0.534433 0.021601 0.060177
0 0.436329 0.450170 0.011122 0.056276
0 0.516550 0.577932 0.014541 0.055719
1 0.145696 0.477963 0.013633 0.069774
0 0.595028 0.447796 0.013002 0.047516
0 0.854149 0.480848 0.016029 0.057224
0 0.435965 0.457865 0.010745 0.041725
0 0.660869 0.641897 0.034472 0.087394