0 0.277887 0.599822 0.026183 0.117074
0 0.989286 0.526561 0.021101 0.100271
0 0.678900 0.492661 0.016208 0.075966
0 0.845734 0.510224 0.016316 0.089003
0 0.310219 0.465891 0.014961 0.060404
0 0.915927 0.511291 0.025031 0.070360
0 0.640310 0.558380 0.016927 0.061318
0 0.031491 0.592818 0.018968 0.054977
0 0.640493 0.538386 0.017113 0.102202
0 0.058637 0.584132 0.024919 0.118803
0 0.544864 0.471302 0.009615 0.037657
0 0.036931 0.542549 0.019640 0.062800
2 0.483372 0.475897 0.011813 0.058603
0 0.641682 0.516310 0.015210 0.059291