0 0.348949 0.514448 0.018605 0.074817
0 0.217953 0.532761 0.025500 0.087844
0 0.676342 0.564679 0.035731 0.110822
0 0.735752 0.508664 0.015511 0.050198
0 0.206027 0.489462 0.019990 0.061829
0 0.123656 0.487767 0.014344 0.073968
0 0.285213 0.476666 0.013624 0.059966
0 0.441137 0.471922 0.016661 0.054070
0 0.269996 0.473727 0.009483 0.041728
0 0.235931 0.487286 0.014157 0.045102
0 0.569839 0.489738 0.018831 0.040096
2 0.274482 0.501813 0.017701 0.062257
0 0.209758 0.484732 0.011550 0.052721
0 0.552265 0.493353 0.019319 0.057444
0 0.531440 0.477852 0.016183 0.051367