0 0.422873 0.515869 0.025387 0.079144
0 0.864286 0.513239 0.017226 0.076150
0 0.556127 0.477664 0.011129 0.054372
0 0.832580 0.485029 0.010789 0.066913
0 0.600758 0.479281 0.013472 0.050941
0 0.686517 0.509246 0.016908 0.078414
0 0.885518 0.564667 0.014782 0.062543
0 0.757455 0.495885 0.020949 0.070726
0 0.667415 0.483132 0.016495 0.064401
0 0.667836 0.491608 0.015391 0.046835
0 0.364265 0.509854 0.018695 0.043642
0 0.060974 0.569753 0.025537 0.104189
0 0.569956 0.492660 0.011986 0.027981
0 0.061106 0.592406 0.023634 0.058619
0 0.199889 0.516061 0.013512 0.038788
0 0.327076 0.507283 0.019926 0.064794
0 0.064447 0.563233 0.020753 0.096174