0 0.168522 0.500968 0.022031 0.081033
0 0.227093 0.422954 0.013619 0.046510
0 0.088603 0.454488 0.021297 0.068455
0 0.393085 0.446231 0.014880 0.068142
0 0.212369 0.463094 0.016805 0.067305
2 0.059936 0.486318 0.017868 0.073322
0 0.530441 0.521443 0.026395 0.063227
0 0.515958 0.423085 0.010820 0.042738
0 0.053352 0.624401 0.036447 0.125691
2 0.034264 0.396488 0.010375 0.034973
0 0.791706 0.418969 0.011670 0.049471
0 0.516665 0.446429 0.010046 0.033016
0 0.187087 0.398939 0.008983 0.027341
0 0.496118 0.432579 0.011082 0.053087
0 0.065420 0.450818 0.005754 0.030098
0 0.311837 0.664458 0.036838 0.095218
0 0.535621 0.523553 0.016257 0.058764
0 0.312905 0.639179 0.037887 0.142921
0 0.495864 0.444982 0.009469 0.036169