0 0.317965 0.479573 0.015263 0.080021
0 0.527474 0.437569 0.013293 0.059040
0 0.363012 0.518355 0.023085 0.089308
0 0.488490 0.668915 0.035572 0.144375
0 0.399481 0.465772 0.021166 0.072565
2 0.655237 0.499151 0.017898 0.074894
0 0.412754 0.451102 0.012331 0.063259
0 0.426463 0.495638 0.029579 0.071620
0 0.862912 0.625333 0.026781 0.131571
0 0.858265 0.622982 0.037273 0.139200
0 0.683026 0.460109 0.013931 0.042849
0 0.446088 0.495818 0.018877 0.075124
0 0.249468 0.430474 0.013215 0.061225
0 0.685310 0.492128 0.011259 0.042570
0 0.216498 0.507147 0.020733 0.052730
0 0.844902 0.576209 0.025375 0.115869
2 0.750179 0.415137 0.013985 0.043394
0 0.216887 0.494856 0.021455 0.077788
0 0.219770 0.476376 0.015604 0.049040
0 0.445650 0.511442 0.018715 0.046926
0 0.843922 0.594063 0.025432 0.079829
0 0.841623 0.600161 0.020821 0.065958
0 0.662233 0.438311 0.012434 0.052575