0 0.429384 0.471025 0.018216 0.077831
0 0.740126 0.523123 0.018011 0.097016
0 0.383656 0.438101 0.012217 0.062940
0 0.272089 0.440368 0.019436 0.064115
0 0.305176 0.479882 0.014778 0.078639
0 0.683339 0.471346 0.021032 0.082097
0 0.519834 0.667437 0.034397 0.142625
2 0.160302 0.503270 0.019157 0.080795
0 0.503841 0.579676 0.021048 0.113989
0 0.589111 0.693719 0.049762 0.176835
0 0.100732 0.520938 0.021732 0.103732
0 0.247110 0.588265 0.023015 0.131484
0 0.404271 0.426935 0.012724 0.059008
0 0.537184 0.788523 0.022208 0.068701
0 0.248010 0.593193 0.031033 0.128842
0 0.571768 0.791537 0.018204 0.058610
0 0.602055 0.482475 0.016409 0.048758
0 0.248469 0.617409 0.015815 0.072773
0 0.100466 0.543576 0.021011 0.056801
0 0.160426 0.503039 0.019485 0.080983
0 0.305070 0.498475 0.012842 0.043166
0 0.557118 0.754676 0.044392 0.127775