0 0.545091 0.512324 0.014007 0.071378
0 0.449653 0.518579 0.014013 0.073534
0 0.093369 0.678060 0.019887 0.135342
0 0.682018 0.505740 0.012258 0.073661
0 0.634152 0.509312 0.009489 0.050403
0 0.842036 0.508910 0.023135 0.072385
0 0.417190 0.539128 0.016149 0.083235
0 0.697787 0.516690 0.018470 0.074647
0 0.435805 0.496339 0.013015 0.061495
0 0.499188 0.552462 0.018225 0.053534
0 0.609386 0.531134 0.023601 0.085642
2 0.467472 0.490749 0.009452 0.054563
0 0.715837 0.514991 0.013822 0.046901
0 0.399378 0.483481 0.011046 0.054006
0 0.901326 0.503360 0.014037 0.070199
0 0.498857 0.539451 0.018659 0.080496
0 0.502646 0.517948 0.026502 0.054780
0 0.608743 0.482854 0.009600 0.038611
0 0.652356 0.527903 0.013150 0.045973
0 0.653297 0.522192 0.015274 0.057796
0 0.501903 0.535698 0.025284 0.087038
0 0.653331 0.498047 0.014921 0.044145
0 0.609553 0.545090 0.023490 0.056587
0 0.652927 0.509273 0.015272 0.067499
0 0.624168 0.517490 0.008926 0.040176
0 0.417220 0.550377 0.014987 0.061841
0 0.623008 0.489912 0.008232 0.037954