0 0.653568 0.508564 0.016825 0.084736
0 0.427921 0.547779 0.018458 0.094576
0 0.110592 0.421551 0.014644 0.045648
0 0.658173 0.458354 0.016685 0.054035
0 0.552222 0.617105 0.043741 0.116924
0 0.930377 0.420988 0.013579 0.052468
0 0.016672 0.603944 0.028512 0.103861
0 0.527789 0.403984 0.008868 0.034258
0 0.506439 0.479609 0.019823 0.044365
0 0.494230 0.611377 0.019259 0.064444
0 0.430998 0.581496 0.011003 0.041341
0 0.056361 0.423330 0.012103 0.050670
0 0.524171 0.654383 0.020358 0.043552
2 0.279812 0.472464 0.018195 0.065704
0 0.373157 0.568181 0.028100 0.076927
2 0.091444 0.392386 0.010285 0.034100
0 0.185274 0.481312 0.015888 0.041667
0 0.492266 0.668771 0.022293 0.079315
0 0.547456 0.607099 0.032309 0.096327
0 0.495423 0.509765 0.024556 0.046743
0 0.364095 0.549644 0.018046 0.055401
0 0.445566 0.394153 0.008757 0.031317
0 0.372748 0.578516 0.026634 0.057856
0 0.280487 0.472064 0.016880 0.065073
0 0.481592 0.663066 0.047539 0.075204
0 0.369471 0.550359 0.028562 0.056823
0 0.179298 0.506736 0.025557 0.053895
0 0.496697 0.690397 0.013897 0.038341