0 0.773349 0.542686 0.020993 0.107008
0 0.289982 0.497266 0.022163 0.080267
0 0.570025 0.466055 0.016133 0.054339
0 0.031398 0.509490 0.022488 0.082759
0 0.791918 0.499042 0.018710 0.079985
0 0.818226 0.543890 0.023699 0.106711
0 0.403148 0.679802 0.035046 0.152991
0 0.436045 0.491642 0.014832 0.078967
0 0.592154 0.473023 0.017540 0.052011
0 0.655914 0.557739 0.022937 0.065391
0 0.415893 0.718919 0.024157 0.072341
0 0.061868 0.606283 0.030469 0.115842
0 0.196538 0.512002 0.023788 0.041354
0 0.224155 0.530036 0.034853 0.095530
0 0.018086 0.550154 0.011661 0.038825
0 0.197071 0.495074 0.022926 0.075025
0 0.069269 0.563089 0.021061 0.053160
0 0.224573 0.544555 0.036873 0.065432
0 0.657615 0.546946 0.024098 0.078907
0 0.232383 0.507057 0.016727 0.064694