0 0.403760 0.463467 0.017862 0.072758
2 0.376528 0.526023 0.018643 0.080932
0 0.549826 0.648192 0.035968 0.155339
0 0.172932 0.522873 0.017969 0.069313
0 0.097458 0.512527 0.035736 0.107467
0 0.191373 0.478627 0.021468 0.057402
0 0.426209 0.521224 0.020037 0.112975
0 0.830253 0.535096 0.024577 0.106835
0 0.345463 0.435917 0.015531 0.042100
0 0.177403 0.710997 0.036676 0.162636
0 0.172447 0.485453 0.016368 0.041495
0 0.196817 0.797082 0.018651 0.073033
0 0.534117 0.467872 0.012499 0.032453
0 0.148551 0.925717 0.052843 0.148566
0 0.174206 0.794663 0.016096 0.071855
0 0.425962 0.545879 0.015956 0.061480
0 0.466594 0.479137 0.018237 0.047855
0 0.436841 0.567617 0.014503 0.029034
0 0.297699 0.448608 0.019150 0.050740
0 0.825006 0.530982 0.036552 0.117437
0 0.817212 0.505518 0.020443 0.096378