0 0.211699 0.548111 0.021025 0.103531
0 0.308694 0.500492 0.027004 0.075020
0 0.043152 0.533760 0.025642 0.093458
0 0.239092 0.479439 0.018015 0.067736
0 0.590144 0.492885 0.021247 0.087101
0 0.155456 0.570208 0.026484 0.121274
0 0.532190 0.473773 0.017930 0.065208
2 0.366485 0.517036 0.018128 0.075493
0 0.202249 0.487944 0.009711 0.041322
0 0.089088 0.508075 0.013466 0.050124
0 0.517341 0.460350 0.012616 0.046451
2 0.298201 0.447083 0.010566 0.050056
0 0.706949 0.469906 0.012734 0.067163
0 0.156338 0.592641 0.022969 0.077233
0 0.741607 0.524525 0.020826 0.054276
0 0.685096 0.466746 0.019163 0.061110
0 0.089389 0.495612 0.014203 0.073501
0 0.741064 0.513568 0.020555 0.076022
0 0.163907 0.616813 0.008280 0.029837