0 0.312506 0.427679 0.016688 0.056542
0 0.331888 0.499576 0.023244 0.083339
0 0.529808 0.598150 0.028807 0.119680
2 0.758065 0.408076 0.012372 0.041441
0 0.950375 0.426599 0.011691 0.051948
0 0.631728 0.422024 0.011033 0.053950
0 0.518147 0.478057 0.021038 0.068818
0 0.104064 0.747582 0.045384 0.180040
2 0.879857 0.485747 0.021891 0.072651
0 0.617600 0.471035 0.019541 0.070536
2 0.918836 0.444615 0.014723 0.059376
0 0.103040 0.770862 0.040191 0.165744
0 0.839386 0.490478 0.018424 0.045145
0 0.564227 0.435326 0.011800 0.043579
0 0.988207 0.559989 0.023093 0.106525
0 0.835515 0.464269 0.016965 0.047200
0 0.900117 0.606546 0.022264 0.128246
0 0.918845 0.445008 0.014603 0.060623
0 0.879966 0.485787 0.021568 0.072168
0 0.898711 0.588911 0.024608 0.090776