0 0.472722 0.431451 0.013229 0.058454
0 0.410511 0.402687 0.008318 0.035073
0 0.444892 0.534325 0.023142 0.098827
0 0.325795 0.675047 0.033332 0.153030
0 0.618700 0.488092 0.022835 0.082385
0 0.277278 0.477544 0.017056 0.075382
0 0.468634 0.513737 0.014282 0.088575
0 0.469395 0.529168 0.012727 0.056993
0 0.646093 0.404842 0.008636 0.045626
0 0.349344 0.568578 0.032199 0.116857
0 0.648672 0.805864 0.040602 0.176001
2 0.526877 0.545778 0.022916 0.105518
0 0.128717 0.780032 0.055615 0.124562
0 0.364030 0.400339 0.007640 0.039066
2 0.530644 0.578047 0.016103 0.043942
0 0.278142 0.490093 0.015051 0.050730
0 0.618399 0.500814 0.022086 0.056684