0 0.724591 0.563613 0.022643 0.108756
0 0.431878 0.457735 0.013594 0.072668
0 0.352473 0.477524 0.010576 0.071304
0 0.614848 0.527398 0.018134 0.063440
0 0.656659 0.488929 0.014057 0.083016
0 0.574328 0.471040 0.010801 0.037635
0 0.438234 0.567413 0.019186 0.101066
0 0.437477 0.583609 0.017772 0.068984
0 0.308128 0.528972 0.020487 0.093324
2 0.463845 0.456626 0.012514 0.059873
0 0.646430 0.449897 0.012148 0.063263
0 0.439084 0.536579 0.017612 0.064567
0 0.683113 0.486538 0.011076 0.040990
0 0.311327 0.548803 0.013707 0.055004
0 0.614329 0.495672 0.017488 0.069505
0 0.484674 0.476014 0.020323 0.060274
0 0.613695 0.485545 0.018125 0.048798
0 0.798628 0.456026 0.012736 0.068889