0 0.717521 0.555230 0.016935 0.109017
0 0.644914 0.472399 0.009521 0.044253
0 0.464025 0.852613 0.036656 0.109894
0 0.224721 0.453488 0.016306 0.044466
0 0.717756 0.572708 0.016582 0.073432
0 0.718419 0.522277 0.013543 0.059628
0 0.185663 0.462920 0.013734 0.070093
0 0.161598 0.462134 0.017207 0.076573
0 0.433766 0.442203 0.021269 0.036179
0 0.223705 0.430073 0.015586 0.042662
0 0.317723 0.425200 0.013479 0.035877
0 0.645188 0.441133 0.008863 0.038695
0 0.185763 0.474362 0.011911 0.047117
0 0.161162 0.448930 0.017014 0.051441
0 0.777833 0.429550 0.008352 0.039704
0 0.159264 0.477158 0.012485 0.045374
0 0.645208 0.448669 0.009396 0.052682