0 0.685220 0.442903 0.014575 0.062710
0 0.386337 0.508872 0.019673 0.093465
0 0.740927 0.477570 0.021715 0.077522
0 0.368802 0.465808 0.010504 0.044943
0 0.701520 0.512066 0.016172 0.066647
0 0.699119 0.562258 0.010263 0.030689
0 0.993418 0.501271 0.013163 0.059811
0 0.411040 0.727309 0.028389 0.148833
0 0.887491 0.518038 0.045159 0.096157
0 0.368384 0.434509 0.010567 0.036607
0 0.674842 0.498608 0.028393 0.096593
0 0.880043 0.517899 0.028493 0.095663
0 0.753339 0.520640 0.029252 0.096468
0 0.750925 0.511782 0.019297 0.075845
0 0.418012 0.416021 0.011167 0.041733
2 0.156380 0.394369 0.007993 0.035423
0 0.712872 0.414795 0.011487 0.046678
0 0.995999 0.461371 0.007923 0.042046
0 0.882710 0.510131 0.021613 0.078527
0 0.712604 0.420123 0.010094 0.041565
0 0.712483 0.425979 0.009340 0.030326
0 0.671054 0.472425 0.015552 0.042558