0 0.012052 0.530612 0.019460 0.096765
0 0.589632 0.517029 0.016573 0.077642
0 0.385667 0.603128 0.028860 0.119327
0 0.890522 0.509208 0.011621 0.044713
0 0.954939 0.582786 0.022022 0.119651
0 0.149824 0.487016 0.012222 0.069830
0 0.232149 0.499868 0.020396 0.048714
0 0.083511 0.585549 0.028905 0.110841
0 0.438590 0.473592 0.010024 0.061048
0 0.626112 0.529859 0.026694 0.046343
0 0.418741 0.499843 0.020625 0.044088
0 0.955115 0.606551 0.021713 0.071867
0 0.968996 0.532234 0.014219 0.055448
2 0.355194 0.460024 0.012445 0.049222
0 0.857473 0.494726 0.017520 0.074876
0 0.626018 0.516216 0.026341 0.072716
0 0.333434 0.487907 0.016968 0.066824
0 0.324870 0.501634 0.010981 0.042796
0 0.222315 0.471504 0.009438 0.046047
0 0.690894 0.492029 0.012078 0.034266
2 0.610005 0.493404 0.018687 0.059531
0 0.224961 0.473104 0.012917 0.044634
0 0.968821 0.499273 0.013001 0.040729
0 0.322124 0.469971 0.011803 0.057870
0 0.089456 0.360238 0.006782 0.042054