0 0.283880 0.529596 0.019086 0.095432
0 0.993901 0.511053 0.012197 0.095661
0 0.197967 0.497544 0.008616 0.040731
0 0.357145 0.480626 0.016831 0.068269
0 0.169475 0.494379 0.012915 0.070237
0 0.479554 0.498075 0.009751 0.044015
0 0.825966 0.469808 0.014563 0.062154
0 0.599728 0.493159 0.012509 0.080494
0 0.235265 0.501859 0.014897 0.090260
0 0.094033 0.492811 0.011400 0.046887
0 0.658153 0.495035 0.010008 0.042676
0 0.235242 0.519819 0.012640 0.054531
0 0.185589 0.598878 0.021192 0.077767
0 0.417912 0.470474 0.009578 0.035400
0 0.181780 0.540564 0.012970 0.063210
0 0.180583 0.494288 0.012800 0.069082
0 0.272802 0.464565 0.009539 0.038796
0 0.235266 0.485787 0.015070 0.058261
0 0.180378 0.504195 0.014782 0.062091