0 0.518458 0.437658 0.015968 0.048096
0 0.684309 0.504963 0.028165 0.088633
0 0.931114 0.652907 0.033939 0.146393
0 0.576800 0.471167 0.018320 0.073188
2 0.543295 0.534216 0.020191 0.088466
0 0.402710 0.471874 0.023522 0.070089
0 0.565133 0.874910 0.009991 0.042158
0 0.176342 0.544615 0.023715 0.120332
0 0.386070 0.509968 0.025227 0.090825
0 0.104666 0.470854 0.018429 0.069759
0 0.777401 0.473672 0.016740 0.075857
0 0.752755 0.547408 0.022454 0.112078
0 0.578767 0.817923 0.034053 0.142780
0 0.580066 0.784700 0.037198 0.190829
0 0.460073 0.454613 0.017180 0.056178
0 0.174386 0.570652 0.019300 0.068013
0 0.631092 0.447570 0.009128 0.048709
0 0.493324 0.455530 0.011259 0.029501
0 0.493240 0.442334 0.011850 0.055197