0 0.522871 0.483341 0.019212 0.078517
0 0.636821 0.517661 0.022056 0.094639
0 0.907108 0.488259 0.021315 0.090540
0 0.017220 0.515185 0.028662 0.093881
0 0.284544 0.515340 0.019330 0.102191
0 0.936967 0.639299 0.039652 0.131524
0 0.327773 0.567841 0.020548 0.067249
0 0.673230 0.503701 0.016680 0.081392
0 0.095245 0.473701 0.014205 0.052078
0 0.101995 0.494844 0.027026 0.088294
0 0.348209 0.456193 0.011688 0.033968
0 0.327863 0.550656 0.020854 0.102416
0 0.612510 0.470215 0.013677 0.044517
0 0.600049 0.459104 0.012735 0.045531
0 0.603452 0.489900 0.012010 0.044812
0 0.277207 0.452571 0.014885 0.052378
0 0.102015 0.509324 0.026870 0.059997
0 0.611488 0.460085 0.013396 0.062365
2 0.367022 0.431377 0.011296 0.032274
0 0.279546 0.457643 0.011827 0.041513
2 0.423872 0.493367 0.019656 0.069192
0 0.275973 0.447718 0.012744 0.042130
0 0.423785 0.493256 0.019422 0.068005
0 0.509620 0.440594 0.012908 0.047883
0 0.288518 0.550474 0.009682 0.033306