0 0.454402 0.443806 0.014423 0.062612
0 0.239179 0.704989 0.032399 0.173434
0 0.112379 0.466241 0.015122 0.073860
2 0.093980 0.493604 0.018048 0.079278
0 0.168138 0.435431 0.012607 0.056123
0 0.434330 0.674691 0.032942 0.166049
0 0.410995 0.465646 0.012634 0.050122
0 0.240632 0.679606 0.028144 0.122487
0 0.499614 0.462637 0.011569 0.038598
0 0.097165 0.449175 0.011093 0.055889
0 0.358019 0.448459 0.009320 0.032754
0 0.112677 0.474124 0.013134 0.064498
0 0.709240 0.468968 0.011410 0.030466
0 0.097017 0.444647 0.009189 0.047738
0 0.167836 0.445824 0.012006 0.038828
0 0.112893 0.484600 0.011896 0.043659
2 0.410943 0.471956 0.012614 0.037703
2 0.356963 0.432022 0.012635 0.059130