0 0.653901 0.415574 0.008618 0.038484
0 0.525980 0.408359 0.008809 0.036362
0 0.438117 0.387491 0.010028 0.036133
0 0.615629 0.387736 0.007731 0.034151
0 0.478823 0.387937 0.008891 0.031144
0 0.472503 0.399276 0.009635 0.033994
0 0.519053 0.376243 0.006528 0.028855
0 0.503357 0.380620 0.007898 0.025111
0 0.608034 0.400073 0.007200 0.039463
0 0.635629 0.388058 0.009571 0.041547
0 0.591277 0.392773 0.013554 0.053638
0 0.470016 0.389333 0.007418 0.030037
0 0.493086 0.373917 0.007837 0.027809
0 0.468807 0.390324 0.006327 0.030817