0 0.786246 0.529200 0.014151 0.068527
0 0.319651 0.412855 0.009264 0.037033
0 0.358126 0.393605 0.009353 0.036460
0 0.675124 0.391362 0.008262 0.038551
0 0.712373 0.407647 0.008887 0.039700
0 0.841091 0.465725 0.009545 0.053453
0 0.802001 0.421739 0.010585 0.043829
0 0.456955 0.377508 0.007358 0.025990
0 0.349009 0.409083 0.007903 0.031841
0 0.392291 0.473289 0.011824 0.050232
0 0.523697 0.411615 0.013808 0.038344
0 0.661477 0.437547 0.009714 0.035552
0 0.574566 0.383273 0.007301 0.026939
0 0.776842 0.553203 0.019896 0.063433
0 0.425380 0.394471 0.006822 0.032087
0 0.545490 0.371965 0.006452 0.023152
0 0.417842 0.376087 0.007004 0.024835
0 0.415613 0.397535 0.007193 0.028319
0 0.394419 0.401733 0.010805 0.034976
0 0.396946 0.381677 0.007590 0.024366
0 0.534298 0.388568 0.007305 0.031140