0 0.966259 0.523005 0.016717 0.069641
0 0.331931 0.452169 0.013047 0.044468
0 0.957949 0.427873 0.014200 0.044241
0 0.885724 0.432980 0.014708 0.046345
0 0.910282 0.447494 0.009927 0.043447
0 0.706872 0.409410 0.007348 0.038219
0 0.428425 0.427845 0.008453 0.037824
0 0.765368 0.432628 0.009090 0.045536
0 0.785854 0.390716 0.008604 0.035143
0 0.642594 0.408315 0.008863 0.041842
0 0.841983 0.558328 0.015872 0.066884
0 0.594720 0.439195 0.008478 0.047123
0 0.355011 0.401048 0.008450 0.038140
0 0.637662 0.443410 0.009850 0.044702
0 0.611287 0.384745 0.008147 0.049557
0 0.644077 0.445903 0.008091 0.038433