0 0.391432 0.512207 0.016825 0.060477
0 0.282648 0.438993 0.012316 0.048243
0 0.517514 0.414984 0.010849 0.039731
0 0.524395 0.532636 0.011133 0.068353
0 0.446812 0.494166 0.012091 0.061632
0 0.434622 0.491552 0.013759 0.059979
0 0.550056 0.486113 0.012270 0.057957
0 0.598180 0.552924 0.017316 0.028712
0 0.551642 0.448305 0.008015 0.035366
0 0.063232 0.837312 0.033516 0.142573
0 0.469083 0.490905 0.009116 0.057936
0 0.488832 0.481103 0.013922 0.053823
0 0.460044 0.486626 0.009517 0.061900
0 0.506232 0.488713 0.010215 0.058859
0 0.488819 0.563416 0.020111 0.073352
0 0.490533 0.520001 0.013553 0.046806
0 0.476012 0.472292 0.012839 0.050284
0 0.501392 0.487989 0.013183 0.056854
2 0.476061 0.472583 0.012843 0.050942
2 0.558134 0.851147 0.024129 0.122845