0 0.319994 0.406748 0.009505 0.034827
0 0.341584 0.389475 0.007788 0.035408
0 0.398735 0.421787 0.007039 0.037292
0 0.375258 0.386531 0.006352 0.029994
0 0.526088 0.415786 0.008037 0.040663
0 0.720100 0.418049 0.007048 0.040779
0 0.773722 0.390064 0.006423 0.035158
0 0.663177 0.375181 0.006697 0.028024
0 0.389345 0.374828 0.005481 0.029551
0 0.491613 0.371092 0.006543 0.027739
0 0.528220 0.360232 0.007517 0.022976
0 0.504362 0.366654 0.005441 0.024429
0 0.428863 0.356766 0.005977 0.023950
0 0.625690 0.365867 0.005366 0.024915
0 0.468113 0.358518 0.005429 0.021720
1 0.284099 0.382023 0.006452 0.030450
0 0.526049 0.389986 0.005548 0.023774
0 0.461992 0.353682 0.005342 0.021535
0 0.645174 0.364053 0.008886 0.026798
0 0.516842 0.357837 0.007389 0.024016
2 0.534218 0.380057 0.006297 0.027031
0 0.483010 0.353659 0.005518 0.020468
0 0.534328 0.379973 0.006310 0.027272