0 0.692398 0.408693 0.012785 0.034014
0 0.556617 0.383448 0.009211 0.026444
0 0.570406 0.410224 0.009728 0.038435
0 0.435077 0.390613 0.008204 0.033857
0 0.445653 0.381721 0.006935 0.028534
0 0.535065 0.385653 0.012629 0.026224
0 0.570761 0.354974 0.007356 0.026080
0 0.459821 0.385121 0.010154 0.031136
0 0.465773 0.375311 0.005792 0.027613
0 0.418400 0.400688 0.009191 0.032589
0 0.430288 0.377306 0.006599 0.027245
2 0.584004 0.387156 0.006793 0.031283
0 0.550446 0.360115 0.005715 0.018998
0 0.492652 0.375432 0.007200 0.022193
0 0.405834 0.389731 0.007673 0.030981
0 0.495952 0.368128 0.006071 0.025653
0 0.408738 0.393227 0.010108 0.031724
0 0.584007 0.387142 0.006710 0.031641