0 0.361201 0.421334 0.007992 0.035259
0 0.351285 0.422789 0.007603 0.041380
0 0.435862 0.391160 0.007139 0.038320
0 0.409765 0.400579 0.007133 0.033609
0 0.564511 0.361495 0.006547 0.027275
0 0.401773 0.409378 0.006826 0.035913
0 0.459078 0.395348 0.007113 0.034506
0 0.591772 0.378702 0.007770 0.028648
0 0.603327 0.380334 0.007414 0.032315
0 0.608010 0.411383 0.012909 0.038952
0 0.537327 0.389948 0.007051 0.034061
0 0.622044 0.379398 0.007336 0.031409
0 0.470724 0.401652 0.007350 0.035715
0 0.519839 0.383778 0.008154 0.030183
0 0.424564 0.402495 0.007695 0.031152
1 0.330421 0.381548 0.009467 0.034528
0 0.533727 0.362471 0.006951 0.031278
0 0.519837 0.409826 0.009263 0.038164
0 0.476901 0.402862 0.008040 0.040853
0 0.416301 0.399575 0.006873 0.037541
0 0.506135 0.401224 0.007348 0.038920