0 0.203984 0.515934 0.014994 0.060872
0 0.412257 0.409776 0.008552 0.037777
0 0.720320 0.412256 0.007729 0.039672
0 0.338494 0.443796 0.010283 0.047918
0 0.199933 0.435793 0.008659 0.043615
0 0.613647 0.369229 0.005802 0.030742
0 0.426130 0.383456 0.005782 0.031374
0 0.542974 0.392006 0.009071 0.034144
0 0.890818 0.406546 0.008206 0.041266
0 0.246841 0.409357 0.013612 0.040925
0 0.343570 0.409054 0.008310 0.035205
0 0.289528 0.388433 0.005309 0.033786
0 0.336130 0.393956 0.006703 0.035360
0 0.452228 0.385576 0.004990 0.031283
1 0.067266 0.407185 0.008268 0.036151
0 0.395662 0.372481 0.006852 0.027521
0 0.561772 0.371671 0.006006 0.026959
0 0.328550 0.376223 0.006288 0.026652
0 0.466101 0.360711 0.004682 0.022264
2 0.445393 0.394852 0.005579 0.031028
0 0.325008 0.387314 0.006452 0.030207
0 0.542398 0.377037 0.007398 0.024259
0 0.445457 0.394525 0.005653 0.030780